pitch_type,game_date,release_speed,release_pos_x,release_pos_z,player_name,batter,pitcher,events,description,spin_dir,spin_rate_deprecated,break_angle_deprecated,break_length_deprecated,zone,des,game_type,stand,p_throws,home_team,away_team,type,hit_location,bb_type,balls,strikes,game_year,pfx_x,pfx_z,plate_x,plate_z,on_3b,on_2b,on_1b,outs_when_up,inning,inning_topbot,hc_x,hc_y,tfs_deprecated,tfs_zulu_deprecated,umpire,sv_id,vx0,vy0,vz0,ax,ay,az,sz_top,sz_bot,hit_distance_sc,launch_speed,launch_angle,effective_speed,release_spin_rate,release_extension,game_pk,fielder_2,fielder_3,fielder_4,fielder_5,fielder_6,fielder_7,fielder_8,fielder_9,release_pos_y,estimated_ba_using_speedangle,estimated_woba_using_speedangle,woba_value,woba_denom,babip_value,iso_value,launch_speed_angle,at_bat_number,pitch_number,pitch_name,home_score,away_score,bat_score,fld_score,post_away_score,post_home_score,post_bat_score,post_fld_score,if_fielding_alignment,of_fielding_alignment,spin_axis,delta_home_win_exp,delta_run_exp,bat_speed,swing_length,estimated_slg_using_speedangle,delta_pitcher_run_exp,hyper_speed,home_score_diff,bat_score_diff,home_win_exp,bat_win_exp,age_pit_legacy,age_bat_legacy,age_pit,age_bat,n_thruorder_pitcher,n_priorpa_thisgame_player_at_bat,pitcher_days_since_prev_game,batter_days_since_prev_game,pitcher_days_until_next_game,batter_days_until_next_game,api_break_z_with_gravity,api_break_x_arm,api_break_x_batter_in,arm_angle,attack_angle,attack_direction,swing_path_tilt,intercept_ball_minus_batter_pos_x_inches,intercept_ball_minus_batter_pos_y_inches
FF,2024-09-28,86.9,-2.8,5.92,"Hendricks, Kyle",669289,543294,field_out,hit_into_play,,,,,3,Santiago Espinal grounds out to first baseman Michael Busch.,R,R,R,CHC,CIN,X,3.0,ground_ball,0,2,2024,-0.41,1.24,0.32,3.09,,,,0,8,Top,150.67,163.14,,,,,8.216508798927293,-126.46324523303008,-3.2152810524495457,-5.836412417608064,21.611886758140084,-18.284263990405872,3.37,1.57,79.0,88.9,3.0,86.6,2059,5.7,746819,665804,683737,663538,621550,621020,664023,691718,641355,54.77,0.394,0.349,0.0,1.0,0.0,0.0,2.0,55,3,4-Seam Fastball,0,0,0,0,0,0,0,0,Standard,Standard,217,0.046,-0.163,62.6,6.3,0.456,0.163,88.9,0,0,0.5,0.5,34,29,35,30,3,2,7.0,1.0,,,1.74,0.41,0.41,40.2,-3.555875849328357,21.163441395624613,30.24973012566454,38.16067275374521,16.401393712128726
CH,2024-09-28,80.1,-2.61,6.15,"Hendricks, Kyle",669289,543294,,foul,,,,,6,Santiago Espinal grounds out to first baseman Michael Busch.,R,R,R,CHC,CIN,S,,,0,1,2024,-0.33,1.07,0.52,2.15,,,,0,8,Top,,,,,,,7.412498810469217,-116.4786390944008,-4.159039125343808,-4.2127779260534455,18.720019756655063,-21.85022397198449,3.37,1.57,200.0,66.7,47.0,79.5,2177,5.6,746819,665804,683737,663538,621550,621020,664023,691718,641355,54.92,,,,,,,,55,2,Changeup,0,0,0,0,0,0,0,0,Standard,Standard,224,0.0,-0.054,59.4,7.5,,0.054,88.0,0,0,0.5,0.5,34,29,35,30,3,2,7.0,1.0,,,2.45,0.33,0.33,44.4,-3.5154350041775744,3.49996242659555,35.29219113663276,42.827575946893845,26.6187974641079
SI,2024-09-28,87.0,-2.74,5.98,"Hendricks, Kyle",669289,543294,,called_strike,,,,,9,Santiago Espinal grounds out to first baseman Michael Busch.,R,R,R,CHC,CIN,S,,,0,0,2024,-1.38,0.66,0.68,1.82,,,,0,8,Top,,,,,,,10.87258128591969,-126.17711320911287,-5.082081838620387,-16.979522187793922,25.039789539518672,-24.179604936707214,3.32,1.6,,,,85.9,2007,5.7,746819,665804,683737,663538,621550,621020,664023,691718,641355,54.79,,,,,,,,55,1,Sinker,0,0,0,0,0,0,0,0,Standard,Standard,215,0.0,-0.037,,,,0.037,,0,0,0.5,0.5,34,29,35,30,3,2,7.0,1.0,,,2.36,1.38,1.38,41.0,,,,,
CH,2024-09-28,81.1,-2.7,6.12,"Hendricks, Kyle",641584,543294,field_out,hit_into_play,,,,,13,Jake Fraley flies out to left fielder Ian Happ.,R,L,R,CHC,CIN,X,7.0,fly_ball,1,0,2024,-1.36,0.59,-0.95,2.24,,668715.0,670770.0,2,7,Top,68.57,107.78,,,,,6.401054651639323,-117.95378046382042,-3.206864695445443,-13.885824407335416,20.256528173844785,-26.248793907737063,3.34,1.59,268.0,84.0,33.0,80.2,2207,5.5,746819,665804,683737,663538,621550,621020,664023,691718,641355,55.0,0.014,0.013,0.0,1.0,0.0,0.0,3.0,51,2,Changeup,0,0,0,0,0,0,0,0,Strategic,Standard,226,0.075,-0.305,71.5,7.0,0.021,0.305,88.0,0,0,0.511,0.489,34,29,35,29,3,2,7.0,1.0,,1.0,2.85,1.36,-1.36,43.6,3.75624392168488,2.026816186302698,33.28896998975356,48.876918331187625,27.01801134047494
CH,2024-09-28,80.4,-2.71,6.17,"Hendricks, Kyle",641584,543294,,ball,,,,,11,Jake Fraley flies out to left fielder Ian Happ.,R,L,R,CHC,CIN,B,,,0,0,2024,-1.27,0.54,-1.31,2.74,,668715.0,670770.0,2,7,Top,,,,,,,5.423485104436415,-117.13216702801556,-2.0119922391739675,-12.659031948696178,19.834066461404092,-26.98113327074533,3.2,1.48,,,,79.5,2179,5.4,746819,665804,683737,663538,621550,621020,664023,691718,641355,55.11,,,,,,,,51,1,Changeup,0,0,0,0,0,0,0,0,Strategic,Standard,229,0.0,0.026,,,,-0.026,,0,0,0.511,0.489,34,29,35,29,3,2,7.0,1.0,,1.0,2.95,1.27,-1.27,43.4,,,,,
SI,2024-09-28,87.8,-2.68,6.02,"Hendricks, Kyle",664034,543294,field_out,hit_into_play,,,,,1,Ty France flies out to left fielder Ian Happ.,R,R,R,CHC,CIN,X,7.0,fly_ball,0,0,2024,-0.98,0.64,-0.69,2.7,,668715.0,670770.0,1,7,Top,71.68,101.56,,,,,6.769070551003274,-127.71509675250184,-3.234839622737852,-12.108734033538678,24.770214009997293,-24.71705311720269,3.17,1.44,277.0,89.4,47.0,87.1,1996,5.7,746819,665804,683737,663538,621550,621020,664023,691718,641355,54.76,0.001,0.0,0.0,1.0,0.0,0.0,3.0,50,1,Sinker,0,0,0,0,0,0,0,0,Standard,Standard,216,0.072,-0.239,77.6,7.7,0.001,0.239,89.4,0,0,0.439,0.561,34,29,35,30,3,2,7.0,1.0,,1.0,2.31,0.98,0.98,43.6,18.192530044061552,-4.870557203213778,31.118602158211164,27.761284155516694,36.156997727292925
CH,2024-09-28,80.9,-2.58,6.16,"Hendricks, Kyle",670770,543294,single,hit_into_play,,,,,8,TJ Friedl singles on a ground ball to first baseman Michael Busch. Spencer Steer to 2nd.,R,L,R,CHC,CIN,X,3.0,ground_ball,1,2,2024,-1.12,0.49,0.02,1.46,,,668715.0,1,7,Top,140.38,177.06,,,,,7.798033943748155,-117.58251891544217,-4.766989057815659,-11.803193758986856,20.13573713120615,-26.96836895629085,3.11,1.46,9.0,93.2,-10.0,80.1,2200,5.6,746819,665804,683737,663538,621550,621020,664023,691718,641355,54.92,0.214,0.207,0.9,1.0,1.0,0.0,2.0,49,4,Changeup,0,0,0,0,0,0,0,0,Standard,Standard,225,-0.057,0.475,68.8,6.7,0.257,-0.475,93.2,0,0,0.496,0.504,34,28,35,29,3,2,7.0,1.0,,1.0,2.98,1.12,-1.12,44.6,2.57109372420029,-4.995192033360826,37.05621689619041,35.720786485904824,41.77279108506963
CH,2024-09-28,79.5,-2.69,6.15,"Hendricks, Kyle",670770,543294,,called_strike,,,,,11,TJ Friedl singles on a ground ball to first baseman Michael Busch. Spencer Steer to 2nd.,R,L,R,CHC,CIN,S,,,1,1,2024,-1.06,0.2,-0.52,3.22,,,668715.0,1,7,Top,,,,,,,6.627376825853244,-115.6514382988086,-0.0992122884350066,-10.673546483681545,20.142879571114925,-30.569788060605056,2.97,1.33,,,,78.6,2176,5.5,746819,665804,683737,663538,621550,621020,664023,691718,641355,54.98,,,,,,,,49,3,Changeup,0,0,0,0,0,0,0,0,Standard,Standard,228,0.0,-0.059,,,,0.059,,0,0,0.496,0.504,34,28,35,29,3,2,7.0,1.0,,1.0,3.39,1.06,-1.06,43.0,,,,,
SI,2024-09-28,86.9,-2.66,6.05,"Hendricks, Kyle",670770,543294,,foul,,,,,1,TJ Friedl singles on a ground ball to first baseman Michael Busch. Spencer Steer to 2nd.,R,L,R,CHC,CIN,S,,,1,0,2024,-1.12,0.42,-0.6,2.67,,,668715.0,1,7,Top,,,,,,,7.118066262712845,-126.46411281514654,-2.8112647434208125,-13.423130047964367,23.77760086387733,-27.2410414183163,3.11,1.46,227.0,77.5,54.0,86.0,1995,5.5,746819,665804,683737,663538,621550,621020,664023,691718,641355,54.97,,,,,,,,49,2,Sinker,0,0,0,0,0,0,0,0,Strategic,Standard,214,0.0,-0.047,69.7,6.3,,0.047,88.0,0,0,0.496,0.504,34,28,35,29,3,2,7.0,1.0,,1.0,2.57,1.12,-1.12,42.7,3.4493023733711143,13.972973054325244,25.05915601794669,41.23641600582438,31.0597769579009
CH,2024-09-28,80.2,-2.61,6.14,"Hendricks, Kyle",670770,543294,,blocked_ball,,,,,14,TJ Friedl singles on a ground ball to first baseman Michael Busch. Spencer Steer to 2nd.,R,L,R,CHC,CIN,B,,,0,0,2024,-1.17,0.66,0.67,0.8,,,668715.0,1,7,Top,,,,,,,9.32348962545553,-116.3702621928505,-6.347577339475187,-12.280700298902705,18.72112140416749,-25.196957669316987,3.12,1.53,,,,79.5,2271,5.7,746819,665804,683737,663538,621550,621020,664023,691718,641355,54.84,,,,,,,,49,1,Changeup,0,0,0,0,0,0,0,0,Standard,Standard,226,0.0,0.036,,,,-0.036,,0,0,0.496,0.504,34,28,35,29,3,2,7.0,1.0,,1.0,2.86,1.17,-1.17,44.9,,,,,
CH,2024-09-28,80.9,-2.7,6.1,"Hendricks, Kyle",668715,543294,walk,blocked_ball,,,,,14,Spencer Steer walks.,R,R,R,CHC,CIN,B,,,3,2,2024,-0.44,0.97,1.09,0.73,,,,1,7,Top,,,,,,,9.18111076273046,-117.45964821619248,-7.234447628324389,-5.421914671677071,16.365883686310394,-22.07728296234888,3.24,1.56,,,,80.8,2139,5.7,746819,665804,683737,663538,621550,621020,664023,691718,641355,54.77,,0.689131,0.7,1.0,0.0,0.0,,48,8,Changeup,0,0,0,0,0,0,0,0,Standard,Standard,233,-0.043,0.348,,,,-0.348,,0,0,0.539,0.461,34,26,35,27,3,2,7.0,1.0,,1.0,2.45,0.44,0.44,44.6,,,,,
SI,2024-09-28,87.2,-2.58,6.05,"Hendricks, Kyle",668715,543294,,foul,,,,,14,Spencer Steer walks.,R,R,R,CHC,CIN,S,,,3,2,2024,-1.17,0.57,0.23,1.4,,,,1,7,Top,,,,,,,9.0478912588809,-126.64721865392563,-6.180075431782533,-14.322949396168426,22.119525066969903,-25.06133881004116,3.31,1.57,1.0,76.1,-46.0,86.6,2056,5.7,746819,665804,683737,663538,621550,621020,664023,691718,641355,54.79,,,,,,,,48,7,Sinker,0,0,0,0,0,0,0,0,Standard,Standard,217,0.0,0.0,68.3,7.6,,0.0,88.0,0,0,0.539,0.461,34,26,35,27,3,2,7.0,1.0,,1.0,2.41,1.17,1.17,45.1,7.901296418846302,2.337590996335365,36.28579704161943,36.769061563745694,28.533841874231776
SI,2024-09-28,87.4,-2.68,6.06,"Hendricks, Kyle",668715,543294,,foul,,,,,11,Spencer Steer walks.,R,R,R,CHC,CIN,S,,,3,2,2024,-1.19,0.46,-1.06,2.96,,,,1,7,Top,,,,,,,6.288381174610007,-127.33401059093876,-2.355527076376334,-14.217108336134965,22.57618763033448,-26.843113618442302,3.31,1.57,64.0,59.1,7.0,86.9,2021,5.6,746819,665804,683737,663538,621550,621020,664023,691718,641355,54.88,,,,,,,,48,6,Sinker,0,0,0,0,0,0,0,0,Standard,Standard,213,0.0,0.0,69.4,6.7,,0.0,88.0,0,0,0.539,0.461,34,26,35,27,3,2,7.0,1.0,,1.0,2.48,1.19,1.19,44.6,10.164547202380117,-6.110321168736186,24.26356275023952,21.689413609335585,27.48767609396524
FF,2024-09-28,86.4,-2.79,6.06,"Hendricks, Kyle",668715,543294,,ball,,,,,11,Spencer Steer walks.,R,R,R,CHC,CIN,B,,,2,2,2024,-0.48,1.39,-1.32,4.64,,,,1,7,Top,,,,,,,4.405128173556147,-125.83579302263388,-0.0174474302339266,-5.9698948410268855,25.36639621607845,-17.639883486258753,3.28,1.6,,,,85.3,2027,5.5,746819,665804,683737,663538,621550,621020,664023,691718,641355,54.96,,,,,,,,48,5,4-Seam Fastball,0,0,0,0,0,0,0,0,Standard,Standard,211,0.0,0.108,,,,-0.108,,0,0,0.539,0.461,34,26,35,27,3,2,7.0,1.0,,1.0,1.66,0.48,0.48,42.9,,,,,
CH,2024-09-28,80.1,-2.67,6.16,"Hendricks, Kyle",668715,543294,,ball,,,,,14,Spencer Steer walks.,R,R,R,CHC,CIN,B,,,1,2,2024,-0.29,0.9,1.01,1.18,,,,1,7,Top,,,,,,,8.555498622281668,-116.34502728984296,-5.972692633310075,-4.0410013673090175,18.77946953305093,-23.093908937959192,3.28,1.56,,,,79.5,2127,5.6,746819,665804,683737,663538,621550,621020,664023,691718,641355,54.85,,,,,,,,48,4,Changeup,0,0,0,0,0,0,0,0,Standard,Standard,234,0.0,0.043,,,,-0.043,,0,0,0.539,0.461,34,26,35,27,3,2,7.0,1.0,,1.0,2.63,0.29,0.29,45.5,,,,,
FF,2024-09-28,86.7,-2.76,6.0,"Hendricks, Kyle",668715,543294,,ball,,,,,11,Spencer Steer walks.,R,R,R,CHC,CIN,B,,,0,2,2024,-0.48,1.23,-0.1,4.9,,,,1,7,Top,,,,,,,7.230713185271388,-126.21413771686312,0.995012471223546,-6.478479720767523,23.56776910282645,-19.38336177237107,3.3,1.59,,,,85.9,1987,5.6,746819,665804,683737,663538,621550,621020,664023,691718,641355,54.94,,,,,,,,48,3,4-Seam Fastball,0,0,0,0,0,0,0,0,Standard,Standard,210,0.0,0.02,,,,-0.02,,0,0,0.539,0.461,34,26,35,27,3,2,7.0,1.0,,1.0,1.78,0.48,0.48,42.7,,,,,
CU,2024-09-28,75.1,-2.66,6.06,"Hendricks, Kyle",668715,543294,,foul,,,,,9,Spencer Steer walks.,R,R,R,CHC,CIN,S,,,0,1,2024,1.18,-0.52,0.48,1.58,,,,1,7,Top,,,,,,,4.345943856673106,-109.35328755190451,-1.2268058000545814,8.715266857368865,18.90227556562043,-36.33436007891779,3.31,1.57,,,,74.2,2865,5.6,746819,665804,683737,663538,621550,621020,664023,691718,641355,54.95,,,,,,,,48,2,Curveball,0,0,0,0,0,0,0,0,Standard,Standard,46,0.0,-0.057,71.1,8.1,,0.057,,0,0,0.539,0.461,34,26,35,27,3,2,7.0,1.0,,1.0,4.55,-1.18,-1.18,44.0,21.85721575417306,-21.0292291427334,28.631449352242058,39.168807914829344,48.67942927528901
CH,2024-09-28,79.1,-2.74,6.2,"Hendricks, Kyle",668715,543294,,called_strike,,,,,6,Spencer Steer walks.,R,R,R,CHC,CIN,S,,,0,0,2024,-0.31,0.94,0.36,2.61,,,,1,7,Top,,,,,,,7.2356368173258,-115.0161647842686,-2.7838142436301787,-4.07600844233866,20.19475955223563,-23.497191533618786,3.22,1.54,,,,78.1,2092,5.5,746819,665804,683737,663538,621550,621020,664023,691718,641355,54.97,,,,,,,,48,1,Changeup,0,0,0,0,0,0,0,0,Standard,Standard,228,0.0,-0.037,,,,0.037,,0,0,0.539,0.461,34,26,35,27,3,2,7.0,1.0,,1.0,2.69,0.31,0.31,45.8,,,,,
CH,2024-09-28,79.1,-2.7,6.16,"Hendricks, Kyle",663886,543294,field_out,hit_into_play,,,,,6,"Tyler Stephenson grounds out, third baseman Patrick Wisdom to first baseman Michael Busch.",R,R,R,CHC,CIN,X,5.0,ground_ball,0,0,2024,-0.16,1.12,0.34,2.54,,,,0,7,Top,106.49,163.14,,,,,6.830908931634949,-115.12517284817706,-3.2224958880028964,-2.523141075490294,19.06694550517566,-21.796400051906133,3.13,1.46,17.0,77.1,-7.0,78.5,2099,5.6,746819,665804,683737,663538,621550,621020,664023,691718,641355,54.86,0.089,0.072,0.0,1.0,0.0,0.0,2.0,47,1,Changeup,0,0,0,0,0,0,0,0,Standard,Standard,228,0.039,-0.254,73.3,7.9,0.104,0.254,88.0,0,0,0.5,0.5,34,27,35,28,3,2,7.0,1.0,,1.0,2.49,0.16,0.16,45.7,20.75429914518054,-7.777409559668179,37.19527228913238,45.56594204088569,33.061172712087995
CU,2024-09-28,73.9,-2.67,6.17,"Hendricks, Kyle",682829,543294,field_out,hit_into_play,,,,,6,"Elly De La Cruz grounds out, shortstop Dansby Swanson to first baseman Michael Busch.",R,L,R,CHC,CIN,X,6.0,ground_ball,2,0,2024,1.36,-0.64,0.42,2.95,,,,2,6,Top,113.76,143.17,,,,,3.866507104469944,-107.39485425641544,1.8938725325709571,9.605245914502948,21.40653874823857,-37.72076439146226,3.63,1.75,138.0,78.7,12.0,72.2,2888,5.4,746819,665804,683737,663538,621550,621020,664023,691718,641355,55.06,0.471,0.424,0.0,1.0,0.0,0.0,4.0,42,3,Curveball,0,0,0,0,0,0,0,0,Strategic,Standard,39,0.016,-0.363,69.3,6.2,0.498,0.363,88.0,0,0,0.558,0.442,34,22,35,22,3,2,7.0,1.0,,1.0,4.88,-1.36,1.36,46.1,-2.8454036746862643,12.904219255576905,38.03028742214212,32.91574925308072,31.942367978463803
SI,2024-09-28,86.5,-2.79,6.03,"Hendricks, Kyle",682829,543294,,ball,,,,,11,"Elly De La Cruz grounds out, shortstop Dansby Swanson to first baseman Michael Busch.",R,L,R,CHC,CIN,B,,,1,0,2024,-0.92,0.61,-1.2,2.66,,,,2,6,Top,,,,,,,5.576545097500782,-126.05458915684476,-3.181259088611813,-10.85460988305915,20.305505882843583,-25.170007782688057,3.58,1.71,,,,86.2,1919,5.5,746819,665804,683737,663538,621550,621020,664023,691718,641355,54.96,,,,,,,,42,2,Sinker,0,0,0,0,0,0,0,0,Strategic,Standard,214,0.0,0.068,,,,-0.068,,0,0,0.558,0.442,34,22,35,22,3,2,7.0,1.0,,1.0,2.37,0.92,-0.92,43.5,,,,,
CH,2024-09-28,79.5,-2.66,6.16,"Hendricks, Kyle",682829,543294,,ball,,,,,14,"Elly De La Cruz grounds out, shortstop Dansby Swanson to first baseman Michael Busch.",R,L,R,CHC,CIN,B,,,0,0,2024,-1.22,0.42,0.52,0.45,,,,2,6,Top,,,,,,,9.116101805026208,-115.46612983264303,-6.5265335072975015,-12.471131196663716,18.562503362405742,-27.479331646041548,3.56,1.75,,,,78.9,2185,5.7,746819,665804,683737,663538,621550,621020,664023,691718,641355,54.8,,,,,,,,42,1,Changeup,0,0,0,0,0,0,0,0,Strategic,Standard,228,0.0,0.04,,,,-0.04,,0,0,0.558,0.442,34,22,35,22,3,2,7.0,1.0,,1.0,3.16,1.22,-1.22,45.6,,,,,
SI,2024-09-28,86.2,-2.67,6.09,"Hendricks, Kyle",663697,543294,field_out,hit_into_play,,,,,2,Jonathan India flies out to left fielder Ian Happ.,R,R,R,CHC,CIN,X,7.0,fly_ball,1,1,2024,-1.1,0.97,0.01,2.7,,,,1,6,Top,84.1,105.65,,,,,8.503972613238648,-125.3673164980635,-3.800544542786107,-13.283324395330348,23.58409160322277,-21.289660689292496,3.25,1.46,273.0,94.3,39.0,85.5,2029,5.7,746819,665804,683737,663538,621550,621020,664023,691718,641355,54.8,0.043,0.069,0.0,1.0,0.0,0.0,3.0,41,3,Sinker,0,0,0,0,0,0,0,0,Standard,Standard,211,0.025,-0.243,79.2,8.0,0.132,0.243,94.3,0,0,0.533,0.467,34,27,35,28,3,2,7.0,1.0,,1.0,2.08,1.1,1.1,44.6,19.897400240197666,-17.891983761375737,24.83491226542264,38.84745790448622,36.86440513298663
CH,2024-09-28,80.3,-2.72,6.14,"Hendricks, Kyle",663697,543294,,ball,,,,,14,Jonathan India flies out to left fielder Ian Happ.,R,R,R,CHC,CIN,B,,,0,1,2024,0.02,0.72,0.7,0.65,,,,1,6,Top,,,,,,,7.466144408078348,-116.86206103698706,-6.944745352247889,-0.8676028247173518,15.966664297980458,-24.594285920283184,3.21,1.53,,,,80.2,2063,5.6,746819,665804,683737,663538,621550,621020,664023,691718,641355,54.86,,,,,,,,41,2,Changeup,0,0,0,0,0,0,0,0,Standard,Standard,229,0.0,0.024,,,,-0.024,,0,0,0.533,0.467,34,27,35,28,3,2,7.0,1.0,,1.0,2.74,-0.02,-0.02,44.8,,,,,
SI,2024-09-28,86.2,-2.72,6.02,"Hendricks, Kyle",663697,543294,,called_strike,,,,,6,Jonathan India flies out to left fielder Ian Happ.,R,R,R,CHC,CIN,S,,,0,0,2024,-1.02,0.91,0.54,2.35,,,,1,6,Top,,,,,,,9.700515808663074,-125.28517148892834,-4.425769188011012,-12.43504494931764,18.700728804845102,-21.830912636013924,3.13,1.51,,,,86.1,1976,5.7,746819,665804,683737,663538,621550,621020,664023,691718,641355,54.76,,,,,,,,41,1,Sinker,0,0,0,0,0,0,0,0,Standard,Standard,215,0.0,-0.037,,,,0.037,,0,0,0.533,0.467,34,27,35,28,3,2,7.0,1.0,,1.0,2.1,1.02,1.02,42.2,,,,,
CH,2024-09-28,78.3,-2.69,6.19,"Hendricks, Kyle",682622,543294,field_out,hit_into_play,,,,,6,Noelvi Marte lines out to third baseman Patrick Wisdom.,R,R,R,CHC,CIN,X,5.0,line_drive,0,0,2024,0.05,0.8,0.71,2.78,,,,0,6,Top,96.21,164.35,,,,,7.15530206910916,-113.98569722472529,-2.134330500109108,-0.5385773758220112,15.734536573790182,-24.96447935011985,3.37,1.65,154.0,91.4,10.0,78.1,2049,5.6,746819,665804,683737,663538,621550,621020,664023,691718,641355,54.9,0.557,0.501,0.0,1.0,0.0,0.0,4.0,40,1,Changeup,0,0,0,0,0,0,0,0,Standard,Standard,226,0.033,-0.254,76.3,8.1,0.573,0.254,91.4,0,0,0.5,0.5,34,22,35,23,2,1,7.0,3.0,,1.0,2.85,-0.05,-0.05,46.0,19.44838467841225,-19.10991904062468,26.07151501185065,42.25673458532202,43.83757983799193
CU,2024-09-28,74.4,-2.75,6.14,"Hendricks, Kyle",669289,543294,field_out,hit_into_play,,,,,2,Santiago Espinal flies out to left fielder Ian Happ.,R,R,R,CHC,CIN,X,7.0,fly_ball,0,1,2024,1.31,-0.5,-0.21,2.93,,,,2,5,Top,82.88,71.83,,,,,2.8739632800300985,-108.30723268776596,1.5269925138174067,9.655472670099478,20.75101741135467,-36.59782577436202,3.37,1.57,332.0,93.9,37.0,73.0,2915,5.5,746819,665804,683737,663538,621550,621020,664023,691718,641355,55.04,0.066,0.124,0.0,1.0,0.0,0.0,3.0,35,2,Curveball,0,0,0,0,0,0,0,0,Standard,Standard,45,0.014,-0.215,67.3,7.3,0.227,0.215,93.9,0,0,0.551,0.449,34,29,35,30,2,1,7.0,1.0,,,4.65,-1.31,-1.31,45.2,15.135828311422328,-6.228299632526671,30.62296017417709,33.068495969358885,37.98049016670049
CH,2024-09-28,79.3,-2.63,6.18,"Hendricks, Kyle",669289,543294,,called_strike,,,,,2,Santiago Espinal flies out to left fielder Ian Happ.,R,R,R,CHC,CIN,S,,,0,0,2024,0.02,0.88,0.0,2.76,,,,2,5,Top,,,,,,,5.634799232889132,-115.37246034463152,-2.3331664587957626,-0.7995441934990132,20.442988064539374,-24.09995589757733,3.28,1.59,,,,78.4,2022,5.6,746819,665804,683737,663538,621550,621020,664023,691718,641355,54.91,,,,,,,,35,1,Changeup,0,0,0,0,0,0,0,0,Standard,Standard,222,0.0,-0.041,,,,0.041,,0,0,0.551,0.449,34,29,35,30,2,1,7.0,1.0,,,2.74,-0.02,-0.02,45.8,,,,,
SI,2024-09-28,86.8,-2.72,6.04,"Hendricks, Kyle",641584,543294,field_out,hit_into_play,,,,,4,Jake Fraley lines out sharply to third baseman Patrick Wisdom.,R,L,R,CHC,CIN,X,5.0,line_drive,1,1,2024,-1.14,0.53,-0.52,2.52,,,,1,5,Top,102.59,152.99,,,,,7.478483833065351,-126.1517581578548,-3.269297211522176,-13.727430338074312,25.65543399029469,-26.06226949942595,3.34,1.59,135.0,103.0,6.0,85.5,2042,5.5,746819,665804,683737,663538,621550,621020,664023,691718,641355,55.0,0.654,0.619,0.0,1.0,0.0,0.0,4.0,34,3,Sinker,0,0,0,0,0,0,0,0,Strategic,Standard,213,0.021,-0.243,73.2,6.2,0.74,0.243,103.0,0,0,0.53,0.47,34,29,35,29,2,1,7.0,1.0,,1.0,2.5,1.14,-1.14,41.9,-9.498757648889594,12.696489001830203,37.73711962706834,43.73207275274097,18.110096829629896
CH,2024-09-28,80.2,-2.67,6.13,"Hendricks, Kyle",641584,543294,,ball,,,,,13,Jake Fraley lines out sharply to third baseman Patrick Wisdom.,R,L,R,CHC,CIN,B,,,0,1,2024,-1.27,0.45,-0.87,1.08,,,,1,5,Top,,,,,,,6.28157254841255,-116.46727354271528,-5.107453322110693,-12.824623897343558,25.773618793654727,-27.2605562002502,3.31,1.55,,,,78.6,2053,5.7,746819,665804,683737,663538,621550,621020,664023,691718,641355,54.84,,,,,,,,34,2,Changeup,0,0,0,0,0,0,0,0,Strategic,Standard,228,0.0,0.024,,,,-0.024,,0,0,0.53,0.47,34,29,35,29,2,1,7.0,1.0,,1.0,3.16,1.27,-1.27,45.9,,,,,
CU,2024-09-28,73.3,-2.62,6.19,"Hendricks, Kyle",641584,543294,,foul,,,,,6,Jake Fraley lines out sharply to third baseman Patrick Wisdom.,R,L,R,CHC,CIN,S,,,0,0,2024,1.18,-0.51,0.4,2.33,,,,1,5,Top,,,,,,,4.001646168742828,-106.76856967882824,0.3701259016119733,8.37693553269612,18.355072576692425,-36.38891184686721,3.34,1.59,76.0,58.5,10.0,72.4,2796,5.5,746819,665804,683737,663538,621550,621020,664023,691718,641355,54.97,,,,,,,,34,1,Curveball,0,0,0,0,0,0,0,0,Standard,Standard,40,0.0,-0.037,75.5,7.3,,0.037,88.0,0,0,0.53,0.47,34,29,35,29,2,1,7.0,1.0,,1.0,4.75,-1.18,1.18,46.0,7.187510700900704,-7.784712848708116,42.818607502231664,32.6959185913377,32.26478386562884
SI,2024-09-28,86.4,-2.67,6.15,"Hendricks, Kyle",664034,543294,field_out,hit_into_play,,,,,4,Ty France flies out to left fielder Ian Happ.,R,R,R,CHC,CIN,X,7.0,fly_ball,0,0,2024,-1.27,0.76,-0.54,2.23,,,,0,5,Top,43.85,102.59,,,,,7.53437666824577,-125.6211308860184,-4.648108634092904,-14.89622803534722,23.96652347209,-23.406400388621485,3.17,1.44,311.0,87.2,31.0,85.5,1985,5.6,746819,665804,683737,663538,621550,621020,664023,691718,641355,54.88,0.029,0.034,0.0,1.0,0.0,0.0,3.0,33,1,Sinker,0,0,0,0,0,0,0,0,Standard,Standard,211,0.03,-0.254,78.7,8.0,0.058,0.254,88.0,0,0,0.5,0.5,34,29,35,30,2,1,7.0,1.0,,1.0,2.29,1.27,1.27,45.9,14.422590777686873,-7.323955736234893,40.56820117315947,28.396937164558963,36.09442517600667
SI,2024-09-28,86.1,-2.73,6.1,"Hendricks, Kyle",670770,543294,field_out,hit_into_play,,,,,4,"TJ Friedl grounds out sharply, shortstop Dansby Swanson to first baseman Michael Busch.",R,L,R,CHC,CIN,X,6.0,ground_ball,2,0,2024,-1.22,0.74,-0.38,2.25,,,,2,4,Top,126.57,157.31,,,,,7.928786949405995,-125.08206140051088,-4.329212117290582,-14.454960991407916,25.293085242284576,-23.699937396556763,3.11,1.46,48.0,102.1,0.0,84.9,2038,5.6,746819,665804,683737,663538,621550,621020,664023,691718,641355,54.9,0.466,0.42,0.0,1.0,0.0,0.0,4.0,29,3,Sinker,0,0,0,0,0,0,0,0,Standard,Standard,210,0.013,-0.363,69.4,6.0,0.515,0.363,102.1,0,0,0.546,0.454,34,28,35,29,2,1,7.0,1.0,,1.0,2.34,1.22,-1.22,41.0,2.663832044530851,13.339476309305466,27.20950005778665,38.49232745874447,35.48484484599419
SI,2024-09-28,86.9,-2.65,6.02,"Hendricks, Kyle",670770,543294,,ball,,,,,13,"TJ Friedl grounds out sharply, shortstop Dansby Swanson to first baseman Michael Busch.",R,L,R,CHC,CIN,B,,,1,0,2024,-1.11,0.72,-0.26,1.13,,,,2,4,Top,,,,,,,7.89200733706225,-126.16748139973024,-6.914501558816832,-13.432659220589532,25.867475708021257,-23.242278296898444,3.1,1.39,,,,85.7,1991,5.7,746819,665804,683737,663538,621550,621020,664023,691718,641355,54.82,,,,,,,,29,2,Sinker,0,0,0,0,0,0,0,0,Standard,Standard,210,0.0,0.068,,,,-0.068,,0,0,0.546,0.454,34,28,35,29,2,1,7.0,1.0,,1.0,2.32,1.11,-1.11,44.5,,,,,
CU,2024-09-28,73.0,-2.67,6.12,"Hendricks, Kyle",670770,543294,,ball,,,,,14,"TJ Friedl grounds out sharply, shortstop Dansby Swanson to first baseman Michael Busch.",R,L,R,CHC,CIN,B,,,0,0,2024,1.24,-0.94,0.81,1.14,,,,2,4,Top,,,,,,,4.807506615906262,-106.2615330732889,-1.017620806445469,8.47103230556273,19.664253856932174,-39.28096302724337,2.97,1.36,,,,71.8,2970,5.5,746819,665804,683737,663538,621550,621020,664023,691718,641355,54.99,,,,,,,,29,1,Curveball,0,0,0,0,0,0,0,0,Standard,Standard,39,0.0,0.04,,,,-0.04,,0,0,0.546,0.454,34,28,35,29,2,1,7.0,1.0,,1.0,5.24,-1.24,1.24,44.7,,,,,
CH,2024-09-28,80.0,-2.6,6.23,"Hendricks, Kyle",668715,543294,strikeout,swinging_strike,,,,,14,Spencer Steer strikes out swinging.,R,R,R,CHC,CIN,S,2.0,,0,2,2024,-0.33,1.0,0.95,2.26,,,,1,4,Top,,,,,,,8.309873129805915,-116.37269840005048,-3.941227604094277,-4.34513232628266,19.09256576660864,-22.49201628032009,3.31,1.57,,,,79.3,2232,5.5,746819,665804,683737,663538,621550,621020,664023,691718,641355,54.98,,0.0,0.0,1.0,0.0,0.0,,28,4,Changeup,0,0,0,0,0,0,0,0,Standard,Standard,226,0.019,-0.162,67.5,8.3,,0.162,,0,0,0.527,0.473,34,26,35,27,2,1,7.0,1.0,,1.0,2.53,0.33,0.33,46.6,20.69016842424583,-26.69298951877908,21.100712292821637,45.7015293725255,48.270960985539325
FF,2024-09-28,86.2,-2.67,6.01,"Hendricks, Kyle",668715,543294,,foul,,,,,12,Spencer Steer strikes out swinging.,R,R,R,CHC,CIN,S,,,0,2,2024,-0.45,1.33,0.87,3.24,,,,1,4,Top,,,,,,,9.194891602640478,-125.30986181856532,-3.0662641897151515,-6.395848182000026,22.39403433596353,-17.690101433883314,3.31,1.57,221.0,82.5,57.0,85.5,2048,5.7,746819,665804,683737,663538,621550,621020,664023,691718,641355,54.83,,,,,,,,28,3,4-Seam Fastball,0,0,0,0,0,0,0,0,Standard,Standard,209,0.0,0.0,67.8,6.6,,0.0,88.0,0,0,0.527,0.473,34,26,35,27,2,1,7.0,1.0,,1.0,1.72,0.45,0.45,40.9,-3.781670627748723,12.175726560375155,19.557638757066652,46.53614892715498,23.504870974050405
CH,2024-09-28,79.2,-2.62,6.25,"Hendricks, Kyle",668715,543294,,foul,,,,,3,Spencer Steer strikes out swinging.,R,R,R,CHC,CIN,S,,,0,1,2024,-0.21,1.06,0.5,3.14,,,,1,4,Top,,,,,,,7.107834509060892,-115.25204759902076,-2.1081989742083507,-2.9397319127597217,17.075616952065992,-22.425436768538173,3.31,1.57,115.0,75.1,81.0,78.9,2131,5.6,746819,665804,683737,663538,621550,621020,664023,691718,641355,54.87,,,,,,,,28,2,Changeup,0,0,0,0,0,0,0,0,Standard,Standard,213,0.0,-0.057,72.1,7.1,,0.057,88.0,0,0,0.527,0.473,34,26,35,27,2,1,7.0,1.0,,1.0,2.51,0.21,0.21,44.3,12.45840715371205,-3.835052302692026,19.73847108699567,41.30273941914648,36.061036845430905
FF,2024-09-28,85.6,-2.73,6.04,"Hendricks, Kyle",668715,543294,,swinging_strike,,,,,2,Spencer Steer strikes out swinging.,R,R,R,CHC,CIN,S,,,0,0,2024,-0.65,1.26,-0.16,3.28,,,,1,4,Top,,,,,,,7.256540882481824,-124.59295255382476,-2.86770801707792,-8.00919451570662,20.52298660588483,-18.519387594090954,3.31,1.57,,,,85.3,2013,5.6,746819,665804,683737,663538,621550,621020,664023,691718,641355,54.85,,,,,,,,28,1,4-Seam Fastball,0,0,0,0,0,0,0,0,Standard,Standard,212,0.0,-0.037,75.4,7.3,,0.037,,0,0,0.527,0.473,34,26,35,27,2,1,7.0,1.0,,1.0,1.8,0.65,0.65,41.1,14.173234952775315,-11.4691379429422,18.61765071527409,33.39881238119324,33.853580523810585
SI,2024-09-28,85.8,-2.63,6.19,"Hendricks, Kyle",663886,543294,field_out,hit_into_play,,,,,7,Tyler Stephenson flies out to center fielder Pete Crow-Armstrong.,R,R,R,CHC,CIN,X,8.0,fly_ball,1,0,2024,-1.04,0.74,-0.5,1.8,,,,0,4,Top,146.09,46.21,,,,,7.040389033884622,-124.71983782785478,-5.601632610223914,-12.21417015835774,22.582896010708275,-23.55568399824463,3.13,1.46,380.0,97.1,27.0,85.0,1978,5.6,746819,665804,683737,663538,621550,621020,664023,691718,641355,54.87,0.331,0.546,0.0,1.0,0.0,0.0,5.0,27,2,Sinker,0,0,0,0,0,0,0,0,Standard,Standard,207,0.027,-0.292,63.7,7.8,0.974,0.292,97.1,0,0,0.5,0.5,34,27,35,28,2,1,7.0,1.0,,1.0,2.34,1.04,1.04,44.4,4.617411673192104,1.880039234495604,43.08753027995767,35.6849782324916,27.661140609174307
CU,2024-09-28,71.6,-2.7,6.2,"Hendricks, Kyle",663886,543294,,ball,,,,,11,Tyler Stephenson flies out to center fielder Pete Crow-Armstrong.,R,R,R,CHC,CIN,B,,,0,0,2024,1.1,-0.85,-0.93,3.25,,,,0,4,Top,,,,,,,1.612095318363043,-104.27073547998934,3.016830003752564,7.785687358834965,16.992357901826285,-39.07438002116981,3.01,1.46,,,,70.7,2740,5.5,746819,665804,683737,663538,621550,621020,664023,691718,641355,55.01,,,,,,,,27,1,Curveball,0,0,0,0,0,0,0,0,Standard,Standard,45,0.0,0.038,,,,-0.038,,0,0,0.5,0.5,34,27,35,28,2,1,7.0,1.0,,1.0,5.28,-1.1,-1.1,44.8,,,,,
CH,2024-09-28,80.1,-2.64,6.19,"Hendricks, Kyle",682829,543294,field_out,hit_into_play,,,,,7,"Elly De La Cruz grounds out, second baseman Nico Hoerner to first baseman Michael Busch.",R,L,R,CHC,CIN,X,4.0,ground_ball,0,1,2024,-1.26,0.55,-0.72,1.96,,,663697.0,2,3,Top,156.72,149.83,,,,,6.533361991343233,-116.50590052080052,-3.7018371617478927,-12.70585608942271,19.93375177403948,-26.646850099473472,3.63,1.75,87.0,77.3,7.0,79.4,2179,5.6,746819,665804,683737,663538,621550,621020,664023,691718,641355,54.87,0.289,0.314,0.0,1.0,0.0,0.0,2.0,20,2,Changeup,0,0,0,0,0,0,0,0,Standard,Standard,227,0.026,-0.224,73.7,8.1,0.327,0.224,88.0,0,0,0.528,0.472,34,22,35,22,2,1,7.0,1.0,,1.0,2.98,1.26,-1.26,44.1,15.769328169887991,-6.387611962568934,34.545036052975846,49.04990909037227,44.76670868070316
SI,2024-09-28,86.6,-2.54,6.14,"Hendricks, Kyle",682829,543294,,foul,,,,,6,"Elly De La Cruz grounds out, second baseman Nico Hoerner to first baseman Michael Busch.",R,L,R,CHC,CIN,S,,,0,0,2024,-1.02,0.5,0.48,2.79,,,663697.0,2,3,Top,,,,,,,9.16913100727975,-125.86633621593272,-2.7781680256105354,-12.691781124339984,25.52241366843513,-26.47437837498004,3.63,1.75,4.0,70.0,-34.0,85.5,2084,5.7,746819,665804,683737,663538,621550,621020,664023,691718,641355,54.84,,,,,,,,20,1,Sinker,0,0,0,0,0,0,0,0,Standard,Standard,207,0.0,-0.047,78.3,7.2,,0.047,88.0,0,0,0.528,0.472,34,22,35,22,2,1,7.0,1.0,,1.0,2.55,1.02,-1.02,44.6,18.63437820816039,-2.19268254710648,34.01565195506125,35.304420333440305,40.866586159757816
SI,2024-09-28,87.2,-2.58,6.06,"Hendricks, Kyle",663697,543294,walk,blocked_ball,,,,,14,Jonathan India walks.,R,R,R,CHC,CIN,B,,,3,2,2024,-0.99,0.51,0.63,0.69,,,,2,3,Top,,,,,,,9.62929634177704,-126.51088410065064,-7.695506761237765,-12.52124509431953,25.264336779798064,-25.281847107112004,3.22,1.54,,,,86.2,1969,5.8,746819,665804,683737,663538,621550,621020,664023,691718,641355,54.74,,0.689131,0.7,1.0,0.0,0.0,,19,9,Sinker,0,0,0,0,0,0,0,0,Standard,Standard,214,-0.015,0.267,,,,-0.267,,0,0,0.543,0.457,34,27,35,28,2,1,7.0,1.0,,1.0,2.5,0.99,0.99,44.3,,,,,
SI,2024-09-28,87.9,-2.55,6.06,"Hendricks, Kyle",663697,543294,,foul,,,,,9,Jonathan India walks.,R,R,R,CHC,CIN,S,,,3,2,2024,-1.52,0.65,0.33,1.9,,,,2,3,Top,,,,,,,9.99146107557294,-127.64345323436062,-5.256869334944977,-18.69799757123665,25.52836839171964,-24.16618153420064,3.25,1.46,2.0,71.0,-43.0,86.9,2087,5.7,746819,665804,683737,663538,621550,621020,664023,691718,641355,54.79,,,,,,,,19,8,Sinker,0,0,0,0,0,0,0,0,Strategic,Standard,212,0.0,0.0,69.8,7.7,,0.0,88.0,0,0,0.543,0.457,34,27,35,28,2,1,7.0,1.0,,1.0,2.31,1.52,1.52,42.7,18.04859742732672,-1.187301545286123,28.44294100307384,40.70199500181735,32.42603352882048
SI,2024-09-28,87.8,-2.65,6.05,"Hendricks, Kyle",663697,543294,,foul,,,,,8,Jonathan India walks.,R,R,R,CHC,CIN,S,,,3,2,2024,-1.23,0.49,0.27,1.68,,,,2,3,Top,,,,,,,9.450828104810292,-127.4849059286478,-5.412861068180396,-15.29772442782836,25.37645305585145,-25.90124638808985,3.25,1.46,3.0,85.7,-33.0,86.6,2088,5.6,746819,665804,683737,663538,621550,621020,664023,691718,641355,54.89,,,,,,,,19,7,Sinker,0,0,0,0,0,0,0,0,Standard,Standard,211,0.0,0.0,73.3,8.3,,0.0,88.0,0,0,0.543,0.457,34,27,35,28,2,1,7.0,1.0,,1.0,2.47,1.23,1.23,43.6,20.964220955134387,-12.012200977146096,28.140874063183023,40.97127085843829,36.97613631576802
SI,2024-09-28,88.1,-2.65,6.09,"Hendricks, Kyle",663697,543294,,ball,,,,,7,Jonathan India walks.,R,R,R,CHC,CIN,B,,,2,2,2024,-0.95,0.59,-0.64,1.49,,,,2,3,Top,,,,,,,6.745827585665478,-128.15797542320755,-6.312122108078719,-11.739516692807438,22.819062599299052,-24.673335295643973,3.24,1.57,,,,87.4,2051,5.6,746819,665804,683737,663538,621550,621020,664023,691718,641355,54.95,,,,,,,,19,6,Sinker,0,0,0,0,0,0,0,0,Strategic,Standard,211,0.0,0.106,,,,-0.106,,0,0,0.543,0.457,34,27,35,28,2,1,7.0,1.0,,1.0,2.32,0.95,0.95,44.7,,,,,
CH,2024-09-28,80.5,-2.64,6.21,"Hendricks, Kyle",663697,543294,,foul,,,,,1,Jonathan India walks.,R,R,R,CHC,CIN,S,,,2,2,2024,-0.34,0.83,-0.72,3.08,,,,2,3,Top,,,,,,,4.832066330772085,-117.39859150344437,-1.975031590124897,-3.92674826098248,17.904685466912344,-24.27944515935976,3.25,1.46,300.0,93.4,26.0,80.2,2106,5.5,746819,665804,683737,663538,621550,621020,664023,691718,641355,54.95,,,,,,,,19,5,Changeup,0,0,0,0,0,0,0,0,Strategic,Standard,225,0.0,0.0,70.8,7.2,,0.0,93.4,0,0,0.543,0.457,34,27,35,28,2,1,7.0,1.0,,1.0,2.62,0.34,0.34,45.6,21.484675949131145,-24.8931612015356,24.565484351618203,28.577895637241248,39.89879453265378
SI,2024-09-28,86.8,-2.64,6.11,"Hendricks, Kyle",663697,543294,,called_strike,,,,,13,Jonathan India walks.,R,R,R,CHC,CIN,S,,,2,1,2024,-0.98,0.61,-0.92,1.97,,,,2,3,Top,,,,,,,6.038883277656801,-126.41944321718827,-5.021687051120008,-11.695770280541426,21.065342493420747,-24.87738792840864,3.24,1.58,,,,86.4,1933,5.6,746819,665804,683737,663538,621550,621020,664023,691718,641355,54.9,,,,,,,,19,4,Sinker,0,0,0,0,0,0,0,0,Standard,Standard,213,0.0,-0.084,,,,0.084,,0,0,0.543,0.457,34,27,35,28,2,1,7.0,1.0,,1.0,2.37,0.98,0.98,44.1,,,,,
CU,2024-09-28,73.7,-2.67,6.21,"Hendricks, Kyle",663697,543294,,ball,,,,,1,Jonathan India walks.,R,R,R,CHC,CIN,B,,,1,1,2024,1.09,-0.89,-0.66,3.12,,,,2,3,Top,,,,,,,2.156134356831506,-107.21222917222588,2.4846288661064837,8.054283083956022,18.72870106966408,-39.685841265717,3.02,1.4,,,,72.5,2845,5.4,746819,665804,683737,663538,621550,621020,664023,691718,641355,55.06,,,,,,,,19,3,Curveball,0,0,0,0,0,0,0,0,Standard,Standard,44,0.0,0.058,,,,-0.058,,0,0,0.543,0.457,34,27,35,28,2,1,7.0,1.0,,1.0,5.09,-1.09,-1.09,46.7,,,,,
CH,2024-09-28,80.2,-2.66,6.18,"Hendricks, Kyle",663697,543294,,ball,,,,,14,Jonathan India walks.,R,R,R,CHC,CIN,B,,,0,1,2024,-0.26,0.92,0.4,1.14,,,,2,3,Top,,,,,,,7.1634751745703,-116.64166482388994,-6.169180040557077,-3.6053671392799536,20.079977027359348,-22.8173541489789,3.24,1.56,,,,79.4,2148,5.6,746819,665804,683737,663538,621550,621020,664023,691718,641355,54.9,,,,,,,,19,2,Changeup,0,0,0,0,0,0,0,0,Standard,Standard,227,0.0,0.029,,,,-0.029,,0,0,0.543,0.457,34,27,35,28,2,1,7.0,1.0,,1.0,2.6,0.26,0.26,45.7,,,,,
SI,2024-09-28,86.5,-2.7,6.12,"Hendricks, Kyle",663697,543294,,called_strike,,,,,3,Jonathan India walks.,R,R,R,CHC,CIN,S,,,0,0,2024,-1.04,0.7,0.28,2.82,,,,2,3,Top,,,,,,,9.09565419255694,-125.7594156224242,-3.12225715049882,-12.730783798121427,20.798227265060664,-24.307967703890284,3.12,1.46,,,,86.0,1999,5.6,746819,665804,683737,663538,621550,621020,664023,691718,641355,54.92,,,,,,,,19,1,Sinker,0,0,0,0,0,0,0,0,Standard,Standard,211,0.0,-0.041,,,,0.041,,0,0,0.543,0.457,34,27,35,28,2,1,7.0,1.0,,1.0,2.31,1.04,1.04,44.9,,,,,
CH,2024-09-28,79.4,-2.53,6.22,"Hendricks, Kyle",682622,543294,field_out,hit_into_play,,,,,12,Noelvi Marte lines out to left fielder Ian Happ.,R,R,R,CHC,CIN,X,7.0,line_drive,0,0,2024,-0.22,1.04,0.84,2.68,,,,1,3,Top,58.82,107.6,,,,,7.669654756124826,-115.46768174260984,-2.89509303361315,-3.3999252365146253,21.310059262153967,-22.51673562158476,3.37,1.65,281.0,80.3,26.0,78.4,2043,5.6,746819,665804,683737,663538,621550,621020,664023,691718,641355,54.93,0.283,0.263,0.0,1.0,0.0,0.0,3.0,18,1,Changeup,0,0,0,0,0,0,0,0,Standard,Standard,221,0.018,-0.256,71.9,7.8,0.342,0.256,88.0,0,0,0.525,0.475,34,22,35,23,1,0,7.0,3.0,,1.0,2.58,0.22,0.22,46.7,19.94856908807817,-17.90196699271383,27.3812993926533,43.86253574304969,44.64918898399078
CH,2024-09-28,80.5,-2.66,6.21,"Hendricks, Kyle",669289,543294,field_out,hit_into_play,,,,,2,Santiago Espinal pops out to second baseman Nico Hoerner.,R,R,R,CHC,CIN,X,4.0,popup,1,1,2024,-0.24,0.97,0.04,2.87,,,,0,3,Top,157.09,158.48,,,,,6.341776669487128,-117.30843463859682,-2.736264414895747,-3.1128180282500955,16.06043264324386,-22.799280523933664,3.37,1.57,132.0,88.8,60.0,80.4,2212,5.5,746819,665804,683737,663538,621550,621020,664023,691718,641355,54.97,0.014,0.017,0.0,1.0,0.0,0.0,3.0,17,3,Changeup,0,0,0,0,0,0,0,0,Standard,Standard,220,0.025,-0.243,71.1,7.4,0.025,0.243,88.8,0,0,0.5,0.5,34,29,35,30,1,0,7.0,1.0,,,2.46,0.24,0.24,44.1,12.929334587818552,-6.73880560346051,32.12032578355074,35.34044334672421,37.66464323955311
CH,2024-09-28,80.3,-2.57,6.24,"Hendricks, Kyle",669289,543294,,ball,,,,,14,Santiago Espinal pops out to second baseman Nico Hoerner.,R,R,R,CHC,CIN,B,,,0,1,2024,-0.18,1.25,1.07,1.51,,,,0,3,Top,,,,,,,8.245074495344655,-116.57872633034243,-6.051687164126476,-3.158396782244909,21.4070305764592,-19.7835010533168,3.33,1.61,,,,79.1,2178,5.5,746819,665804,683737,663538,621550,621020,664023,691718,641355,54.98,,,,,,,,17,2,Changeup,0,0,0,0,0,0,0,0,Standard,Standard,227,0.0,0.025,,,,-0.025,,0,0,0.5,0.5,34,29,35,30,1,0,7.0,1.0,,,2.29,0.18,0.18,45.4,,,,,
SI,2024-09-28,85.7,-2.69,6.07,"Hendricks, Kyle",669289,543294,,called_strike,,,,,6,Santiago Espinal pops out to second baseman Nico Hoerner.,R,R,R,CHC,CIN,S,,,0,0,2024,-0.92,0.45,0.65,2.36,,,,0,3,Top,,,,,,,9.624617286878062,-124.56351798328642,-3.456640188323184,-11.293606422700014,20.124226870241447,-27.04303002736637,3.29,1.58,,,,85.3,1950,5.7,746819,665804,683737,663538,621550,621020,664023,691718,641355,54.82,,,,,,,,17,1,Sinker,0,0,0,0,0,0,0,0,Standard,Standard,214,0.0,-0.037,,,,0.037,,0,0,0.5,0.5,34,29,35,30,1,0,7.0,1.0,,,2.62,0.92,0.92,43.2,,,,,
SI,2024-09-28,86.6,-2.73,6.09,"Hendricks, Kyle",641584,543294,field_out,hit_into_play,,,,,7,"Jake Fraley grounds out sharply, second baseman Nico Hoerner to first baseman Michael Busch.",R,L,R,CHC,CIN,X,4.0,ground_ball,2,0,2024,-1.27,0.51,-0.42,1.83,,,,2,2,Top,153.69,152.25,,,,,7.989968888686673,-125.94201331680893,-5.024651374006805,-15.033188115174466,22.515563711674243,-25.96979458910621,3.34,1.59,4.0,101.1,-21.0,85.9,1949,5.6,746819,665804,683737,663538,621550,621020,664023,691718,641355,54.87,0.189,0.181,0.0,1.0,0.0,0.0,2.0,12,3,Sinker,0,0,0,0,0,0,0,0,Standard,Standard,215,0.01,-0.363,76.0,6.9,0.21,0.363,101.1,0,0,0.54,0.46,34,29,35,29,1,0,7.0,1.0,,1.0,2.51,1.27,-1.27,43.8,-3.908761788726337,2.057348662508704,41.669549274612535,41.87335258603022,22.32815304753744
CH,2024-09-28,80.7,-2.71,6.17,"Hendricks, Kyle",641584,543294,,ball,,,,,13,"Jake Fraley grounds out sharply, second baseman Nico Hoerner to first baseman Michael Busch.",R,L,R,CHC,CIN,B,,,1,0,2024,-1.21,0.35,-0.44,1.01,,,,2,2,Top,,,,,,,7.235805087105229,-117.39178434308046,-5.503682505812201,-12.462254956914164,19.32815643437187,-28.17926700392807,3.27,1.54,,,,80.1,2213,5.6,746819,665804,683737,663538,621550,621020,664023,691718,641355,54.87,,,,,,,,12,2,Changeup,0,0,0,0,0,0,0,0,Standard,Standard,226,0.0,0.068,,,,-0.068,,0,0,0.54,0.46,34,29,35,29,1,0,7.0,1.0,,1.0,3.12,1.21,-1.21,45.6,,,,,
SI,2024-09-28,86.3,-2.65,6.13,"Hendricks, Kyle",641584,543294,,ball,,,,,11,"Jake Fraley grounds out sharply, second baseman Nico Hoerner to first baseman Michael Busch.",R,L,R,CHC,CIN,B,,,0,0,2024,-1.14,0.46,-1.42,2.89,,,,2,2,Top,,,,,,,5.169041808590415,-125.71092959528868,-2.483862294715056,-13.138825024582154,21.90914201481376,-27.000688807208192,3.27,1.57,,,,85.7,2026,5.5,746819,665804,683737,663538,621550,621020,664023,691718,641355,54.96,,,,,,,,12,1,Sinker,0,0,0,0,0,0,0,0,Standard,Standard,214,0.0,0.04,,,,-0.04,,0,0,0.54,0.46,34,29,35,29,1,0,7.0,1.0,,1.0,2.56,1.14,-1.14,43.7,,,,,
CH,2024-09-28,80.7,-2.6,6.19,"Hendricks, Kyle",664034,543294,field_out,hit_into_play,,,,,6,Ty France flies out to right fielder Cody Bellinger.,R,R,R,CHC,CIN,X,9.0,fly_ball,0,1,2024,-0.38,1.03,0.52,2.4,,,,1,2,Top,177.3,79.16,,,,,7.533742430609751,-117.34153475940958,-3.769499854132405,-4.743699821672489,19.21239910128129,-22.100456096739343,3.17,1.44,323.0,89.6,27.0,80.0,2118,5.5,746819,665804,683737,663538,621550,621020,664023,691718,641355,54.97,0.069,0.082,0.0,1.0,0.0,0.0,3.0,11,2,Changeup,0,0,0,0,0,0,0,0,Strategic,Standard,221,0.017,-0.219,70.0,7.4,0.139,0.219,89.6,0,0,0.523,0.477,34,29,35,30,1,0,7.0,1.0,,1.0,2.44,0.38,0.38,46.7,8.820207698659514,10.902461854042828,30.91332111025784,41.44391042828176,27.441622823658776
SI,2024-09-28,86.2,-2.66,6.04,"Hendricks, Kyle",664034,543294,,called_strike,,,,,6,Ty France flies out to right fielder Cody Bellinger.,R,R,R,CHC,CIN,S,,,0,0,2024,-0.82,0.5,0.8,2.1,,,,1,2,Top,,,,,,,9.771143140140758,-125.25379575150872,-4.192033824247679,-10.443657860545258,21.444850605529435,-26.246901442495435,2.96,1.35,,,,85.7,1999,5.7,746819,665804,683737,663538,621550,621020,664023,691718,641355,54.78,,,,,,,,11,1,Sinker,0,0,0,0,0,0,0,0,Standard,Standard,212,0.0,-0.037,,,,0.037,,0,0,0.523,0.477,34,29,35,30,1,0,7.0,1.0,,1.0,2.54,0.82,0.82,43.6,,,,,
CH,2024-09-28,80.4,-2.66,6.21,"Hendricks, Kyle",670770,543294,field_out,hit_into_play,,,,,5,TJ Friedl grounds out to first baseman Michael Busch.,R,L,R,CHC,CIN,X,3.0,ground_ball,1,1,2024,-1.01,0.45,-0.25,2.14,,,,0,2,Top,157.93,169.19,,,,,7.169207567968213,-116.95183538789809,-3.1963926095101423,-10.623092381892343,20.75548412424337,-27.68114026696276,3.11,1.46,8.0,69.7,-17.0,79.5,2159,5.6,746819,665804,683737,663538,621550,621020,664023,691718,641355,54.93,0.049,0.055,0.0,1.0,0.0,0.0,2.0,10,3,Changeup,0,0,0,0,0,0,0,0,Standard,Standard,227,0.023,-0.243,73.3,7.2,0.051,0.243,88.0,0,0,0.5,0.5,34,28,35,29,1,0,7.0,1.0,,1.0,3.07,1.01,-1.01,44.6,14.464456356606403,-18.15455721500632,25.04141956407497,38.06163502034354,54.84529439041991
CH,2024-09-28,80.3,-2.63,6.17,"Hendricks, Kyle",670770,543294,,ball,,,,,14,TJ Friedl grounds out to first baseman Michael Busch.,R,L,R,CHC,CIN,B,,,0,1,2024,-0.9,0.45,0.43,0.6,,,,0,2,Top,,,,,,,8.338128400424429,-116.66453155845556,-6.478055645843067,-9.65842481335878,19.680497146316267,-27.04559302065948,3.08,1.43,,,,79.6,2186,5.6,746819,665804,683737,663538,621550,621020,664023,691718,641355,54.87,,,,,,,,10,2,Changeup,0,0,0,0,0,0,0,0,Standard,Standard,229,0.0,0.025,,,,-0.025,,0,0,0.5,0.5,34,28,35,29,1,0,7.0,1.0,,1.0,3.06,0.9,-0.9,44.6,,,,,
FF,2024-09-28,84.9,-2.89,5.98,"Hendricks, Kyle",670770,543294,,called_strike,,,,,7,TJ Friedl grounds out to first baseman Michael Busch.,R,L,R,CHC,CIN,S,,,0,0,2024,-0.41,1.27,-0.6,1.71,,,,0,2,Top,,,,,,,6.092542460353778,-123.34426432854627,-6.105464151419062,-5.428776719623193,24.920861353500765,-18.15380382957041,3.09,1.5,,,,83.6,2078,5.6,746819,665804,683737,663538,621550,621020,664023,691718,641355,54.93,,,,,,,,10,1,4-Seam Fastball,0,0,0,0,0,0,0,0,Strategic,Standard,213,0.0,-0.037,,,,0.037,,0,0,0.5,0.5,34,28,35,29,1,0,7.0,1.0,,1.0,1.9,0.41,-0.41,46.5,,,,,
CH,2024-09-28,79.5,-2.51,6.24,"Hendricks, Kyle",668715,543294,field_out,hit_into_play,,,,,14,"Spencer Steer grounds out, pitcher Kyle Hendricks to first baseman Michael Busch.",R,R,R,CHC,CIN,X,1.0,ground_ball,2,2,2024,-0.46,0.82,1.37,2.25,,,663886.0,2,1,Top,128.28,180.69,,,,,9.207507089605858,-115.48812105493656,-3.5206413813039337,-5.765799723996416,20.01954491806182,-24.382803138625004,3.31,1.57,12.0,82.7,-10.0,78.6,2178,5.6,746819,665804,683737,663538,621550,621020,664023,691718,641355,54.94,0.109,0.098,0.0,1.0,0.0,0.0,2.0,4,5,Changeup,0,0,0,0,0,0,0,0,Standard,Standard,220,0.022,-0.234,61.5,7.7,0.132,0.234,88.0,0,0,0.525,0.475,34,26,35,27,1,0,7.0,1.0,,1.0,2.78,0.46,0.46,46.3,17.053611531256557,6.051625271035076,19.20022506678969,52.8255582497856,29.52695425387141
CH,2024-09-28,79.9,-2.5,6.24,"Hendricks, Kyle",668715,543294,,swinging_strike,,,,,14,"Spencer Steer grounds out, pitcher Kyle Hendricks to first baseman Michael Busch.",R,R,R,CHC,CIN,S,,,2,1,2024,-0.33,0.82,1.29,2.33,,,663886.0,2,1,Top,,,,,,,8.813335271914022,-116.07455552702991,-3.423322844543117,-4.467106767730263,19.574487896556946,-24.258543820365173,3.31,1.57,,,,79.1,2158,5.6,746819,665804,683737,663538,621550,621020,664023,691718,641355,54.93,,,,,,,,4,4,Changeup,0,0,0,0,0,0,0,0,Standard,Standard,230,0.0,-0.072,69.0,8.0,,0.072,,0,0,0.525,0.475,34,26,35,27,1,0,7.0,1.0,,1.0,2.73,0.33,0.33,45.8,20.75205317290706,-23.82640324706553,21.02219055397385,50.49243216851819,48.95707989862496
SI,2024-09-28,85.7,-2.45,6.2,"Hendricks, Kyle",668715,543294,,called_strike,,,,,3,"Spencer Steer grounds out, pitcher Kyle Hendricks to first baseman Michael Busch.",R,R,R,CHC,CIN,S,,,2,0,2024,-1.17,0.68,0.41,3.02,,,663886.0,2,1,Top,,,,,,,8.990845317565313,-124.55195202283302,-2.635225238311792,-13.939350275863092,23.281833026350075,-24.71947774831126,3.2,1.54,,,,84.8,2052,5.6,746819,665804,683737,663538,621550,621020,664023,691718,641355,54.91,,,,,,,,4,3,Sinker,0,0,0,0,0,0,0,0,Standard,Standard,209,0.0,-0.048,,,,0.048,,0,0,0.525,0.475,34,26,35,27,1,0,7.0,1.0,,1.0,2.41,1.17,1.17,45.3,,,,,
CH,2024-09-28,78.5,-2.61,6.2,"Hendricks, Kyle",668715,543294,,ball,,,,,11,"Spencer Steer grounds out, pitcher Kyle Hendricks to first baseman Michael Busch.",R,R,R,CHC,CIN,B,,,1,0,2024,-0.24,0.9,-0.22,3.42,,,663886.0,2,1,Top,,,,,,,5.53959307528976,-114.2240088063029,-0.8368917019863461,-3.152229875009751,20.84960105561877,-24.36181888842285,3.25,1.57,,,,77.5,2112,5.5,746819,665804,683737,663538,621550,621020,664023,691718,641355,54.96,,,,,,,,4,2,Changeup,0,0,0,0,0,0,0,0,Standard,Standard,223,0.0,0.05,,,,-0.05,,0,0,0.525,0.475,34,26,35,27,1,0,7.0,1.0,,1.0,2.8,0.24,0.24,43.8,,,,,
CU,2024-09-28,73.8,-2.51,6.22,"Hendricks, Kyle",668715,543294,,ball,,,,,14,"Spencer Steer grounds out, pitcher Kyle Hendricks to first baseman Michael Busch.",R,R,R,CHC,CIN,B,,,0,0,2024,1.12,-0.55,1.82,2.04,,,663886.0,2,1,Top,,,,,,,6.768081529065768,-107.38279354274836,-0.2655993939589067,7.469910595918199,18.99829363510725,-36.62379250686647,3.13,1.5,,,,72.8,2864,5.6,746819,665804,683737,663538,621550,621020,664023,691718,641355,54.91,,,,,,,,4,1,Curveball,0,0,0,0,0,0,0,0,Standard,Standard,42,0.0,0.034,,,,-0.034,,0,0,0.525,0.475,34,26,35,27,1,0,7.0,1.0,,1.0,4.75,-1.12,-1.12,46.6,,,,,
SI,2024-09-28,87.9,-2.63,6.08,"Hendricks, Kyle",663886,543294,single,hit_into_play,,,,,5,Tyler Stephenson singles on a sharp fly ball to center fielder Pete Crow-Armstrong.,R,R,R,CHC,CIN,X,8.0,fly_ball,0,1,2024,-1.02,0.66,-0.15,2.44,,,,2,1,Top,177.38,60.31,,,,,8.040265882667468,-127.87940275222812,-4.075307981923952,-12.79301129412488,24.518333133777936,-24.235346693964647,3.13,1.46,336.0,100.5,23.0,87.2,1946,5.7,746819,665804,683737,663538,621550,621020,664023,691718,641355,54.81,0.566,0.841,0.9,1.0,1.0,0.0,6.0,3,2,Sinker,0,0,0,0,0,0,0,0,Strategic,Standard,210,-0.012,0.373,75.0,7.3,1.431,-0.373,100.5,0,0,0.537,0.463,34,27,35,28,1,0,7.0,1.0,,1.0,2.27,1.02,1.02,44.1,5.969975693463743,3.602201996981227,39.775546636466125,38.2492383052996,24.065433804625712
SI,2024-09-28,87.3,-2.56,6.12,"Hendricks, Kyle",663886,543294,,called_strike,,,,,6,Tyler Stephenson singles on a sharp fly ball to center fielder Pete Crow-Armstrong.,R,R,R,CHC,CIN,S,,,0,0,2024,-1.04,0.68,0.51,2.4,,,,2,1,Top,,,,,,,9.41401495318716,-126.7470871844952,-4.152576024559706,-13.10817663801281,24.647920516241182,-24.188338124844616,3.06,1.49,,,,86.4,1998,5.7,746819,665804,683737,663538,621550,621020,664023,691718,641355,54.76,,,,,,,,3,1,Sinker,0,0,0,0,0,0,0,0,Strategic,Standard,211,0.0,-0.041,,,,0.041,,0,0,0.537,0.463,34,27,35,28,1,0,7.0,1.0,,1.0,2.31,1.04,1.04,44.6,,,,,
CH,2024-09-28,81.0,-2.59,6.2,"Hendricks, Kyle",682829,543294,strikeout,swinging_strike,,,,,8,Elly De La Cruz strikes out swinging.,R,L,R,CHC,CIN,S,2.0,,2,2,2024,-1.23,0.55,-0.19,1.83,,,,1,1,Top,,,,,,,7.597223032125321,-117.79622345291148,-4.184414342700779,-12.864807439857016,20.739417044668585,-26.443090518014326,3.63,1.75,,,,80.2,2105,5.6,746819,665804,683737,663538,621550,621020,664023,691718,641355,54.91,,0.0,0.0,1.0,0.0,0.0,,2,5,Changeup,0,0,0,0,0,0,0,0,Infield shade,Standard,224,0.015,-0.225,71.4,8.6,,0.225,,0,0,0.522,0.478,34,22,35,22,1,0,7.0,1.0,,1.0,2.91,1.23,-1.23,46.4,27.213304469021207,-39.44884442967982,36.184726602559415,43.26869185277952,64.30096761752654
CH,2024-09-28,80.9,-2.64,6.21,"Hendricks, Kyle",682829,543294,,ball,,,,,11,Elly De La Cruz strikes out swinging.,R,L,R,CHC,CIN,B,,,1,2,2024,-1.27,0.59,-1.86,2.96,,,,1,1,Top,,,,,,,4.09319692166418,-117.77284119162157,-1.7236301457249588,-12.605098197373026,22.184741330884723,-26.574912169289487,3.39,1.68,,,,79.7,1990,5.4,746819,665804,683737,663538,621550,621020,664023,691718,641355,55.11,,,,,,,,2,4,Changeup,0,0,0,0,0,0,0,0,Infield shade,Standard,226,0.0,0.043,,,,-0.043,,0,0,0.522,0.478,34,22,35,22,1,0,7.0,1.0,,1.0,2.89,1.27,-1.27,45.4,,,,,
CH,2024-09-28,80.5,-2.57,6.3,"Hendricks, Kyle",682829,543294,,ball,,,,,13,Elly De La Cruz strikes out swinging.,R,L,R,CHC,CIN,B,,,0,2,2024,-1.25,0.72,-2.15,1.9,,,,1,1,Top,,,,,,,3.247322972826777,-117.18034908688917,-4.399320392916062,-12.098676551576125,21.974977409936727,-24.926815680175192,3.48,1.68,,,,79.4,2122,5.5,746819,665804,683737,663538,621550,621020,664023,691718,641355,55.02,,,,,,,,2,3,Changeup,0,0,0,0,0,0,0,0,Infield shade,Standard,222,0.0,0.02,,,,-0.02,,0,0,0.522,0.478,34,22,35,22,1,0,7.0,1.0,,1.0,2.79,1.25,-1.25,46.5,,,,,
CH,2024-09-28,80.8,-2.58,6.21,"Hendricks, Kyle",682829,543294,,swinging_strike,,,,,13,Elly De La Cruz strikes out swinging.,R,L,R,CHC,CIN,S,,,0,1,2024,-1.21,0.6,-1.3,2.43,,,,1,1,Top,,,,,,,5.079477583616625,-117.7132224801061,-2.9581547840789773,-12.188681259580928,20.56704644518839,-26.251055529627585,3.63,1.75,,,,80.1,2075,5.5,746819,665804,683737,663538,621550,621020,664023,691718,641355,54.96,,,,,,,,2,2,Changeup,0,0,0,0,0,0,0,0,Strategic,Standard,223,0.0,-0.057,76.4,8.5,,0.057,,0,0,0.522,0.478,34,22,35,22,1,0,7.0,1.0,,1.0,2.86,1.21,-1.21,45.2,22.282771438832064,-13.315511552360778,32.89667976954791,55.71990433214927,47.03518208608296
FF,2024-09-28,87.4,-2.72,6.04,"Hendricks, Kyle",682829,543294,,called_strike,,,,,13,Elly De La Cruz strikes out swinging.,R,L,R,CHC,CIN,S,,,0,0,2024,-0.4,1.25,-0.97,2.4,,,,1,1,Top,,,,,,,4.984869054121917,-127.09140554496456,-5.128046460612555,-5.422612267749903,26.84406926896829,-17.732467246266204,3.36,1.61,,,,86.1,1959,5.6,746819,665804,683737,663538,621550,621020,664023,691718,641355,54.92,,,,,,,,2,1,4-Seam Fastball,0,0,0,0,0,0,0,0,Strategic,Standard,216,0.0,-0.037,,,,0.037,,0,0,0.522,0.478,34,22,35,22,1,0,7.0,1.0,,1.0,1.74,0.4,-0.4,41.5,,,,,
SI,2024-09-28,87.2,-2.69,6.09,"Hendricks, Kyle",663697,543294,field_out,hit_into_play,,,,,5,"Jonathan India grounds out, third baseman Patrick Wisdom to first baseman Michael Busch.",R,R,R,CHC,CIN,X,5.0,ground_ball,3,1,2024,-1.19,0.61,-0.26,2.18,,,,0,1,Top,98.63,164.96,,,,,8.147345819143856,-126.7306189448574,-4.488650288910281,-14.4174213695782,23.21052221086713,-24.864566376024364,3.25,1.46,9.0,95.9,-14.0,86.4,1996,5.6,746819,665804,683737,663538,621550,621020,664023,691718,641355,54.89,0.197,0.194,0.0,1.0,0.0,0.0,2.0,1,5,Sinker,0,0,0,0,0,0,0,0,Standard,Standard,213,0.022,-0.418,78.6,7.6,0.217,0.418,95.9,0,0,0.5,0.5,34,27,35,28,1,0,7.0,1.0,,1.0,2.37,1.19,1.19,44.0,14.281677792347631,-14.741777162715346,29.442663864006487,35.562447111269414,35.63317926243229
SI,2024-09-28,86.5,-2.79,6.12,"Hendricks, Kyle",663697,543294,,ball,,,,,11,"Jonathan India grounds out, third baseman Patrick Wisdom to first baseman Michael Busch.",R,R,R,CHC,CIN,B,,,2,1,2024,-1.12,0.61,-1.34,2.42,,,,0,1,Top,,,,,,,5.66129138342342,-125.8318540835964,-3.831734356181731,-13.049933831979429,25.01681587009305,-25.08474464255398,3.2,1.55,,,,85.5,1970,5.6,746819,665804,683737,663538,621550,621020,664023,691718,641355,54.89,,,,,,,,1,4,Sinker,0,0,0,0,0,0,0,0,Standard,Standard,213,0.0,0.122,,,,-0.122,,0,0,0.5,0.5,34,27,35,28,1,0,7.0,1.0,,1.0,2.43,1.12,1.12,43.3,,,,,
CH,2024-09-28,80.2,-2.57,6.13,"Hendricks, Kyle",663697,543294,,ball,,,,,14,"Jonathan India grounds out, third baseman Patrick Wisdom to first baseman Michael Busch.",R,R,R,CHC,CIN,B,,,1,1,2024,-0.38,1.1,0.37,1.13,,,,0,1,Top,,,,,,,7.118377890212347,-116.57865820462264,-6.383758202427866,-4.775080324172361,21.07258989655484,-21.10506078133445,3.2,1.51,,,,79.3,2189,5.7,746819,665804,683737,663538,621550,621020,664023,691718,641355,54.85,,,,,,,,1,3,Changeup,0,0,0,0,0,0,0,0,Standard,Standard,227,0.0,0.053,,,,-0.053,,0,0,0.5,0.5,34,27,35,28,1,0,7.0,1.0,,1.0,2.44,0.38,0.38,45.3,,,,,
SI,2024-09-28,86.8,-2.54,6.09,"Hendricks, Kyle",663697,543294,,ball,,,,,14,"Jonathan India grounds out, third baseman Patrick Wisdom to first baseman Michael Busch.",R,R,R,CHC,CIN,B,,,0,1,2024,-1.19,0.68,0.84,0.97,,,,0,1,Top,,,,,,,10.366168822852684,-125.97068137990033,-7.4161183046863055,-14.629172728876238,23.28288586605004,-23.59205401282747,3.28,1.58,,,,86.1,2047,5.8,746819,665804,683737,663538,621550,621020,664023,691718,641355,54.72,,,,,,,,1,2,Sinker,0,0,0,0,0,0,0,0,Standard,Standard,210,0.0,0.025,,,,-0.025,,0,0,0.5,0.5,34,27,35,28,1,0,7.0,1.0,,1.0,2.34,1.19,1.19,43.3,,,,,
FF,2024-09-28,85.8,-2.76,6.05,"Hendricks, Kyle",663697,543294,,called_strike,,,,,2,"Jonathan India grounds out, third baseman Patrick Wisdom to first baseman Michael Busch.",R,R,R,CHC,CIN,S,,,0,0,2024,-0.35,1.31,-0.05,2.61,,,,0,1,Top,,,,,,,7.014285504936533,-124.75079160397482,-4.515562423980939,-4.970136501049294,22.72402731298353,-17.750061907141212,3.0,1.4,,,,85.1,2130,5.7,746819,665804,683737,663538,621550,621020,664023,691718,641355,54.85,,,,,,,,1,1,4-Seam Fastball,0,0,0,0,0,0,0,0,Standard,Standard,212,0.0,-0.037,,,,0.037,,0,0,0.5,0.5,34,27,35,28,1,0,7.0,1.0,,1.0,1.77,0.35,0.35,41.7,,,,,
CH,2024-09-21,79.7,-2.72,6.1,"Hendricks, Kyle",660688,543294,sac_fly,hit_into_play,,,,,4,Keibert Ruiz out on a sacrifice fly to center fielder Pete Crow-Armstrong. Luis García Jr. scores. Juan Yepez to 3rd.,R,L,R,CHC,WSH,X,8.0,fly_ball,0,0,2024,-1.21,0.53,-0.48,2.31,671277.0,660766.0,677588.0,0,6,Top,164.04,57.99,,,,,7.084083909592262,-115.83171184288354,-2.565859757949201,-12.193886805302611,21.30137027260887,-27.12446195781786,3.29,1.51,360.0,95.5,31.0,78.6,2226,5.6,746826,665804,683737,663538,676679,621020,664023,691718,641355,54.92,0.134,0.216,0.0,1.0,0.0,0.0,5.0,41,1,Changeup,0,1,1,0,2,0,2,0,Standard,Standard,228,-0.009,-0.175,68.1,7.4,0.411,0.175,95.5,-1,1,0.172,0.828,34,25,35,26,3,2,6.0,1.0,7.0,1.0,3.06,1.21,-1.21,43.4,12.88954488686102,-14.483882255153976,27.84484460675419,36.076634433501184,45.93604099190144
SI,2024-09-21,86.3,-2.63,5.99,"Hendricks, Kyle",677588,543294,single,hit_into_play,,,,,8,José Tena singles on a ground ball to shortstop Dansby Swanson. Luis García Jr. to 3rd. Juan Yepez to 2nd.,R,L,R,CHC,WSH,X,6.0,ground_ball,0,1,2024,-1.07,0.43,0.11,1.88,,671277.0,660766.0,0,6,Top,111.46,143.47,,,,,8.569815204172876,-125.35705702211185,-4.391975662330527,-12.927737367751051,23.59598762456564,-26.951790751378905,3.34,1.6,4.0,97.5,-24.0,85.4,2005,5.7,746826,665804,683737,663538,676679,621020,664023,691718,641355,54.82,0.117,0.106,0.9,1.0,1.0,0.0,2.0,40,2,Sinker,0,1,1,0,1,0,1,0,Standard,Standard,210,-0.072,0.513,64.2,5.9,0.131,-0.513,97.5,-1,1,0.244,0.756,34,23,35,23,3,2,6.0,1.0,7.0,1.0,2.62,1.07,-1.07,43.7,-12.47126442574413,22.344040350940347,37.773813200292686,34.422630527935866,21.435249050847947
CH,2024-09-21,79.5,-2.61,6.11,"Hendricks, Kyle",677588,543294,,foul,,,,,8,José Tena singles on a ground ball to shortstop Dansby Swanson. Luis García Jr. to 3rd. Juan Yepez to 2nd.,R,L,R,CHC,WSH,S,,,0,0,2024,-1.23,0.77,-0.16,1.7,,671277.0,660766.0,0,6,Top,,,,,,,7.558497360103826,-115.66957036600948,-4.415127824884914,-12.318563473308677,18.22414457385528,-24.611086936122323,3.34,1.6,306.0,87.8,32.0,79.1,2149,5.6,746826,665804,683737,663538,676679,621020,664023,691718,641355,54.86,,,,,,,,40,1,Changeup,0,1,1,0,1,0,1,0,Standard,Standard,226,0.0,-0.044,73.1,6.5,,0.044,88.0,-1,1,0.244,0.756,34,23,35,23,3,2,6.0,1.0,7.0,1.0,2.79,1.23,-1.23,46.3,-3.266898816498041,7.719801592563849,40.73917521594995,37.81880860555472,35.38914536206777
CH,2024-09-21,78.5,-2.57,6.15,"Hendricks, Kyle",660766,543294,single,hit_into_play,,,,,6,Juan Yepez singles on a ground ball to left fielder Ian Happ. Luis García Jr. to 2nd.,R,R,R,CHC,WSH,X,7.0,ground_ball,1,2,2024,-0.14,0.68,0.64,2.25,,,671277.0,0,6,Top,68.12,111.41,,,,,7.116288375235158,-114.32958405290304,-2.9814164392947373,-2.2686816286794937,16.707923152449133,-25.805663296620992,3.33,1.6,120.0,84.6,9.0,78.2,2162,5.6,746826,665804,683737,663538,676679,621020,664023,691718,641355,54.9,0.489,0.44,0.9,1.0,1.0,0.0,4.0,39,4,Changeup,0,1,1,0,1,0,1,0,Standard,Standard,217,-0.052,0.507,70.8,7.6,0.524,-0.507,88.0,-1,1,0.296,0.704,34,26,35,26,3,2,6.0,2.0,7.0,1.0,2.95,0.14,0.14,45.9,17.49136145979103,-8.852606402371967,31.25651746017412,43.13711931843714,34.28065103623557
SI,2024-09-21,85.9,-2.54,6.04,"Hendricks, Kyle",660766,543294,,foul,,,,,1,Juan Yepez singles on a ground ball to left fielder Ian Happ. Luis García Jr. to 2nd.,R,R,R,CHC,WSH,S,,,1,1,2024,-1.2,0.72,-0.41,3.0,,,671277.0,0,6,Top,,,,,,,7.373544845547009,-125.08485245454835,-2.526265870626712,-13.980129429739442,20.01929736650401,-24.26232206453576,3.33,1.6,186.0,68.1,24.0,85.8,1944,5.7,746826,665804,683737,663538,676679,621020,664023,691718,641355,54.8,,,,,,,,39,3,Sinker,0,1,1,0,1,0,1,0,Standard,Standard,208,0.0,-0.049,72.0,6.3,,0.049,88.0,-1,1,0.296,0.704,34,26,35,26,3,2,6.0,2.0,7.0,1.0,2.32,1.2,1.2,45.8,2.8113209208696266,7.81199510817464,29.038863843713,29.51023578725582,22.50997161350798
CU,2024-09-21,72.2,-2.52,6.13,"Hendricks, Kyle",660766,543294,,ball,,,,,12,Juan Yepez singles on a ground ball to left fielder Ian Happ. Luis García Jr. to 2nd.,R,R,R,CHC,WSH,B,,,0,1,2024,0.8,-0.94,1.23,2.94,,,671277.0,0,6,Top,,,,,,,6.02381312303791,-104.95956017232012,2.5973725354560715,4.982054951121441,16.50964413073954,-39.8091078510202,3.33,1.58,,,,71.3,2831,5.5,746826,665804,683737,663538,676679,621020,664023,691718,641355,55.02,,,,,,,,39,2,Curveball,0,1,1,0,1,0,1,0,Standard,Standard,47,0.0,0.034,,,,-0.034,,-1,1,0.296,0.704,34,26,35,26,3,2,6.0,2.0,7.0,1.0,5.3,-0.8,-0.8,45.9,,,,,
SI,2024-09-21,85.9,-2.69,6.09,"Hendricks, Kyle",660766,543294,,foul,,,,,5,Juan Yepez singles on a ground ball to left fielder Ian Happ. Luis García Jr. to 2nd.,R,R,R,CHC,WSH,S,,,0,0,2024,-1.09,0.7,-0.13,2.3,,,671277.0,0,6,Top,,,,,,,8.177178073899206,-124.98219026357062,-4.182950219391584,-12.93847358752246,21.07627625211515,-24.201034207898104,3.33,1.6,289.0,90.5,25.0,85.6,1922,5.7,746826,665804,683737,663538,676679,621020,664023,691718,641355,54.76,,,,,,,,39,1,Sinker,0,1,1,0,1,0,1,0,Standard,Standard,208,0.0,-0.042,73.3,6.7,,0.042,90.5,-1,1,0.296,0.704,34,26,35,26,3,2,6.0,2.0,7.0,1.0,2.35,1.09,1.09,44.3,-1.9695305951828304,14.108854552254646,35.18483450340941,33.98291883058283,17.358784451256835
SI,2024-09-21,85.3,-2.69,5.95,"Hendricks, Kyle",671277,543294,single,hit_into_play,,,,,8,Luis García Jr. singles on a ground ball to right fielder Cody Bellinger.,R,L,R,CHC,WSH,X,9.0,ground_ball,1,1,2024,-1.05,0.54,0.24,1.8,,,,0,6,Top,161.61,135.76,,,,,8.89919596400131,-124.0390144586294,-4.599154948252233,-12.499060616366464,21.598200515428413,-25.83676287902791,3.47,1.68,28.0,107.8,-3.0,84.9,1904,5.8,746826,665804,683737,663538,676679,621020,664023,691718,641355,54.74,0.431,0.388,0.9,1.0,1.0,0.0,4.0,38,3,Sinker,0,1,1,0,1,0,1,0,Strategic,Standard,208,-0.037,0.46,75.4,7.4,0.446,-0.46,107.8,-1,1,0.333,0.667,34,24,35,24,3,2,6.0,4.0,7.0,1.0,2.56,1.05,-1.05,42.5,4.112103919701209,0.1816608665166922,35.71082647407799,34.25936137186974,33.78825050178713
CH,2024-09-21,79.0,-2.7,6.13,"Hendricks, Kyle",671277,543294,,ball,,,,,13,Luis García Jr. singles on a ground ball to right fielder Cody Bellinger.,R,L,R,CHC,WSH,B,,,0,1,2024,-1.2,0.6,-0.74,1.06,,,,0,6,Top,,,,,,,6.420486325646536,-114.9556679590266,-5.379406988415626,-11.80307149379418,19.207125118335647,-26.09336163754577,3.2,1.61,,,,78.6,2150,5.8,746826,665804,683737,663538,676679,621020,664023,691718,641355,54.73,,,,,,,,38,2,Changeup,0,1,1,0,1,0,1,0,Strategic,Standard,226,0.0,0.025,,,,-0.025,,-1,1,0.333,0.667,34,24,35,24,3,2,6.0,4.0,7.0,1.0,3.03,1.2,-1.2,44.6,,,,,
CU,2024-09-21,71.2,-2.64,6.12,"Hendricks, Kyle",671277,543294,,called_strike,,,,,8,Luis García Jr. singles on a ground ball to right fielder Cody Bellinger.,R,L,R,CHC,WSH,S,,,0,0,2024,1.18,-0.92,-0.14,1.54,,,,0,6,Top,,,,,,,2.881527353769664,-103.61051648797655,0.1156441739005433,7.958247648913697,18.3496639597058,-39.02031937416024,3.27,1.59,,,,70.0,2830,5.5,746826,665804,683737,663538,676679,621020,664023,691718,641355,55.03,,,,,,,,38,1,Curveball,0,1,1,0,1,0,1,0,Strategic,Standard,40,0.0,-0.037,,,,0.037,,-1,1,0.333,0.667,34,24,35,24,3,2,6.0,4.0,7.0,1.0,5.44,-1.18,1.18,44.6,,,,,
CH,2024-09-21,80.4,-2.57,6.15,"Hendricks, Kyle",695578,543294,field_out,hit_into_play,,,,,4,James Wood flies out to center fielder Pete Crow-Armstrong.,R,L,R,CHC,WSH,X,8.0,fly_ball,2,2,2024,-1.11,0.97,-0.74,2.42,,545121.0,683083.0,2,5,Top,124.21,46.4,,,,,6.05976893244439,-117.1039784094981,-3.494648072358973,-11.33984205737376,18.69136400684111,-22.7462084500491,3.72,1.77,377.0,99.7,28.0,79.7,2270,5.4,746826,665804,683737,663538,676679,621020,664023,691718,641355,55.07,0.52,0.942,0.0,1.0,0.0,0.0,6.0,33,5,Changeup,0,1,1,0,1,0,1,0,Standard,Standard,229,0.045,-0.203,71.7,7.9,1.77,0.203,99.7,-1,1,0.362,0.638,34,21,35,22,3,2,6.0,1.0,7.0,1.0,2.51,1.11,-1.11,43.9,16.04311297587336,7.973271301263881,35.38446243894577,45.24904451478172,34.31518399499556
CU,2024-09-21,72.9,-2.64,6.07,"Hendricks, Kyle",695578,543294,,called_strike,,,,,4,James Wood flies out to center fielder Pete Crow-Armstrong.,R,L,R,CHC,WSH,S,,,2,1,2024,1.08,-0.8,-0.77,2.52,,545121.0,683083.0,2,5,Top,,,,,,,1.8616745831243304,-106.12787014754048,1.5128059763835706,7.886422332412157,17.41576445829508,-38.69677805923759,3.51,1.62,,,,71.8,2864,5.4,746826,665804,683737,663538,676679,621020,664023,691718,641355,55.14,,,,,,,,33,4,Curveball,0,1,1,0,1,0,1,0,Standard,Standard,47,0.0,-0.102,,,,0.102,,-1,1,0.362,0.638,34,21,35,22,3,2,6.0,1.0,7.0,1.0,5.07,-1.08,1.08,47.4,,,,,
SI,2024-09-21,86.6,-2.64,6.08,"Hendricks, Kyle",695578,543294,,ball,,,,,13,James Wood flies out to center fielder Pete Crow-Armstrong.,R,L,R,CHC,WSH,B,,,1,1,2024,-0.94,0.57,-1.44,2.57,,545121.0,683083.0,2,5,Top,,,,,,,4.7207363367013695,-126.19648109032757,-3.424100854630552,-11.00911635526663,21.76629012993367,-25.60283261436554,3.58,1.59,,,,86.1,2030,5.6,746826,665804,683737,663538,676679,621020,664023,691718,641355,54.94,,,,,,,,33,3,Sinker,0,1,1,0,1,0,1,0,Strategic,Standard,211,0.0,0.042,,,,-0.042,,-1,1,0.362,0.638,34,21,35,22,3,2,6.0,1.0,7.0,1.0,2.42,0.94,-0.94,45.0,,,,,
CH,2024-09-21,80.1,-2.7,6.14,"Hendricks, Kyle",695578,543294,,ball,,,,,13,James Wood flies out to center fielder Pete Crow-Armstrong.,R,L,R,CHC,WSH,B,,,0,1,2024,-1.24,0.5,-1.28,2.44,,545121.0,683083.0,2,5,Top,,,,,,,5.37731489864629,-116.59723685480554,-2.464248828584855,-12.288227042530163,19.018451755704383,-27.370675167178,3.63,1.58,,,,79.3,2168,5.4,746826,665804,683737,663538,676679,621020,664023,691718,641355,55.06,,,,,,,,33,2,Changeup,0,1,1,0,1,0,1,0,Strategic,Standard,226,0.0,0.033,,,,-0.033,,-1,1,0.362,0.638,34,21,35,22,3,2,6.0,1.0,7.0,1.0,3.02,1.24,-1.24,45.3,,,,,
CH,2024-09-21,79.8,-2.76,6.18,"Hendricks, Kyle",695578,543294,,called_strike,,,,,4,James Wood flies out to center fielder Pete Crow-Armstrong.,R,L,R,CHC,WSH,S,,,0,0,2024,-1.09,0.77,-0.44,2.76,,545121.0,683083.0,2,5,Top,,,,,,,7.042713540363264,-116.20354686451248,-2.359377714876977,-11.05834855069601,16.973389940138226,-24.885494757121663,3.72,1.71,,,,79.4,2234,5.5,746826,665804,683737,663538,676679,621020,664023,691718,641355,55.04,,,,,,,,33,1,Changeup,0,1,1,0,1,0,1,0,Strategic,Standard,223,0.0,-0.048,,,,0.048,,-1,1,0.362,0.638,34,21,35,22,3,2,6.0,1.0,7.0,1.0,2.74,1.09,-1.09,45.7,,,,,
CH,2024-09-21,79.7,-2.56,6.15,"Hendricks, Kyle",686611,543294,field_out,hit_into_play,,,,,12,Dylan Crews pops out to second baseman Nico Hoerner on the infield fly rule.,R,R,R,CHC,WSH,X,4.0,popup,0,2,2024,-0.25,1.12,1.01,2.27,,545121.0,683083.0,1,5,Top,154.63,134.1,,,,,8.18564706511768,-115.9071015499824,-3.8812526299920704,-3.706946513803739,19.95401624391449,-21.55782047504581,3.1,1.38,180.0,80.8,56.0,78.8,2207,5.5,746826,665804,683737,663538,676679,621020,664023,691718,641355,54.96,0.029,0.035,0.0,1.0,0.0,0.0,3.0,32,3,Changeup,0,1,1,0,1,0,1,0,Standard,Standard,230,0.045,-0.153,61.8,7.8,0.042,0.153,88.0,-1,1,0.317,0.683,34,22,35,22,3,2,6.0,1.0,7.0,1.0,2.45,0.25,0.25,46.7,10.977876589533318,-5.687902591392442,21.898798547750765,48.76689996975478,30.438109977722
SI,2024-09-21,87.1,-2.52,6.05,"Hendricks, Kyle",686611,543294,,called_strike,,,,,3,Dylan Crews pops out to second baseman Nico Hoerner on the infield fly rule.,R,R,R,CHC,WSH,S,,,0,1,2024,-1.15,0.72,0.7,2.87,,545121.0,683083.0,1,5,Top,,,,,,,9.94230482077654,-126.5724817163988,-2.94499660217775,-14.307092530793858,23.79776720351205,-24.04054763430298,2.98,1.34,,,,86.2,2062,5.6,746826,665804,683737,663538,676679,621020,664023,691718,641355,54.86,,,,,,,,32,2,Sinker,0,1,1,0,1,0,1,0,Standard,Standard,209,0.0,-0.048,,,,0.048,,-1,1,0.317,0.683,34,22,35,22,3,2,6.0,1.0,7.0,1.0,2.28,1.15,1.15,45.8,,,,,
CH,2024-09-21,79.4,-2.53,6.16,"Hendricks, Kyle",686611,543294,,called_strike,,,,,3,Dylan Crews pops out to second baseman Nico Hoerner on the infield fly rule.,R,R,R,CHC,WSH,S,,,0,0,2024,-0.25,1.1,0.71,3.03,,545121.0,683083.0,1,5,Top,,,,,,,7.461099840507587,-115.55378218793288,-2.217383161084084,-3.49783970651571,18.550612129703023,-22.01751915555334,2.99,1.29,,,,78.8,2141,5.6,746826,665804,683737,663538,676679,621020,664023,691718,641355,54.94,,,,,,,,32,1,Changeup,0,1,1,0,1,0,1,0,Standard,Standard,223,0.0,-0.039,,,,0.039,,-1,1,0.317,0.683,34,22,35,22,3,2,6.0,1.0,7.0,1.0,2.47,0.25,0.25,46.3,,,,,
SI,2024-09-21,85.8,-2.7,6.02,"Hendricks, Kyle",683083,543294,single,hit_into_play,,,,,5,Nasim Nuñez singles on a soft bunt ground ball to third baseman Luis Vazquez. Ildemaro Vargas to 2nd.,R,L,R,CHC,WSH,X,5.0,ground_ball,0,1,2024,-0.95,0.63,-0.01,2.16,,,545121.0,1,5,Top,120.24,186.66,,,,,8.15511003818991,-124.8763580613436,-4.216031965548526,-11.375231355151172,20.755658772582795,-24.98912244327204,3.22,1.45,1.0,30.7,-76.0,85.4,2000,5.6,746826,665804,683737,663538,676679,621020,664023,691718,641355,54.86,0.246,0.272,0.9,1.0,1.0,0.0,1.0,31,2,Sinker,0,1,1,0,1,0,1,0,Standard,Standard,211,-0.036,0.132,11.5,1.9,0.27,-0.132,88.0,-1,1,0.353,0.647,34,23,35,24,2,1,6.0,3.0,7.0,1.0,2.43,0.95,-0.95,43.3,-11.131398205595,14.476109207866658,26.393648665541196,40.077468286637,19.85092619227761
CH,2024-09-21,79.8,-2.6,6.22,"Hendricks, Kyle",683083,543294,,called_strike,,,,,12,Nasim Nuñez singles on a soft bunt ground ball to third baseman Luis Vazquez. Ildemaro Vargas to 2nd.,R,L,R,CHC,WSH,S,,,0,0,2024,-1.03,0.59,1.07,2.72,,,545121.0,1,5,Top,,,,,,,9.85318271958716,-115.95779860701374,-2.1658335895783534,-10.909847338205974,18.095959460034088,-26.57304256969849,3.21,1.28,,,,79.2,2214,5.6,746826,665804,683737,663538,676679,621020,664023,691718,641355,54.9,,,,,,,,31,1,Changeup,0,1,1,0,1,0,1,0,Standard,Standard,228,0.0,-0.04,,,,0.04,,-1,1,0.353,0.647,34,23,35,24,2,1,6.0,3.0,7.0,1.0,2.95,1.03,-1.03,47.2,,,,,
CH,2024-09-21,80.4,-2.66,6.12,"Hendricks, Kyle",545121,543294,single,hit_into_play,,,,,8,Ildemaro Vargas singles on a line drive to right fielder Cody Bellinger.,R,L,R,CHC,WSH,X,9.0,line_drive,1,1,2024,-0.95,0.35,0.24,1.63,,,,1,5,Top,196.6,113.52,,,,,8.11340828705711,-116.99511328373389,-4.030832876461973,-10.103510830355342,17.106019573517397,-28.43756234561482,3.39,1.54,204.0,85.2,16.0,80.1,2209,5.6,746826,665804,683737,663538,676679,621020,664023,691718,641355,54.93,0.96,0.905,0.9,1.0,1.0,0.0,4.0,30,3,Changeup,0,1,1,0,1,0,1,0,Standard,Standard,224,-0.026,0.434,69.3,7.5,1.103,-0.434,88.0,-1,1,0.379,0.621,34,32,35,33,2,1,6.0,3.0,7.0,3.0,3.11,0.95,-0.95,47.2,10.842333537721464,-11.603799353251274,35.56368954947339,33.30805412787856,34.069227227320035
FF,2024-09-21,86.7,-2.78,6.02,"Hendricks, Kyle",545121,543294,,ball,,,,,11,Ildemaro Vargas singles on a line drive to right fielder Cody Bellinger.,R,L,R,CHC,WSH,B,,,0,1,2024,-0.4,1.29,-0.83,3.6,,,,1,5,Top,,,,,,,5.397849683264307,-126.38500045955972,-2.326113711619049,-5.191039753213882,20.91119914481768,-17.92869642865229,3.14,1.38,,,,86.4,1983,5.6,746826,665804,683737,663538,676679,621020,664023,691718,641355,54.91,,,,,,,,30,2,4-Seam Fastball,0,1,1,0,1,0,1,0,Standard,Standard,212,0.0,0.024,,,,-0.024,,-1,1,0.379,0.621,34,32,35,33,2,1,6.0,3.0,7.0,3.0,1.69,0.4,-0.4,43.4,,,,,
SI,2024-09-21,85.1,-2.67,6.05,"Hendricks, Kyle",545121,543294,,foul,,,,,5,Ildemaro Vargas singles on a line drive to right fielder Cody Bellinger.,R,L,R,CHC,WSH,S,,,0,0,2024,-1.05,0.57,-0.04,2.18,,,,1,5,Top,,,,,,,8.165136939956685,-123.74189517934612,-3.943948733231689,-12.360698723510868,21.46820681022097,-25.697491383402596,3.39,1.54,228.0,73.9,35.0,84.6,1895,5.7,746826,665804,683737,663538,676679,621020,664023,691718,641355,54.78,,,,,,,,30,1,Sinker,0,1,1,0,1,0,1,0,Standard,Standard,209,0.0,-0.037,70.1,6.6,,0.037,88.0,-1,1,0.379,0.621,34,32,35,33,2,1,6.0,3.0,7.0,3.0,2.55,1.05,-1.05,44.7,-8.764344271975817,20.885968366629463,31.570546176828763,36.21452457053656,10.107955065135938
SI,2024-09-21,85.3,-2.69,6.08,"Hendricks, Kyle",608336,543294,field_out,hit_into_play,,,,,3,Joey Gallo flies out to left fielder Ian Happ.,R,L,R,CHC,WSH,X,7.0,fly_ball,1,0,2024,-0.92,0.64,0.42,2.98,,,,0,5,Top,98.04,104.15,,,,,9.04721932618122,-124.09857894298088,-2.3265203620960366,-11.209064405325208,21.432966625862395,-25.239719089425467,3.44,1.6,248.0,78.3,44.0,84.8,1858,5.6,746826,665804,683737,663538,676679,621020,664023,691718,641355,54.86,0.046,0.041,0.0,1.0,0.0,0.0,3.0,29,2,Sinker,0,1,1,0,1,0,1,0,Infield shade,Standard,207,0.023,-0.292,64.2,6.1,0.049,0.292,88.0,-1,1,0.356,0.644,34,30,35,31,2,1,6.0,1.0,7.0,1.0,2.46,0.92,-0.92,45.3,8.677184444282426,16.866890738901745,31.25492506419116,31.343720746704577,28.601372550026632
FF,2024-09-21,86.3,-2.85,5.93,"Hendricks, Kyle",608336,543294,,ball,,,,,11,Joey Gallo flies out to left fielder Ian Happ.,R,L,R,CHC,WSH,B,,,0,0,2024,-0.42,1.06,-1.29,2.45,,,,0,5,Top,,,,,,,4.494506182732487,-125.74872707532133,-4.256955151229089,-5.260807579221488,22.052301565404097,-20.24034744255721,3.21,1.37,,,,85.7,2018,5.5,746826,665804,683737,663538,676679,621020,664023,691718,641355,54.97,,,,,,,,29,1,4-Seam Fastball,0,1,1,0,1,0,1,0,Infield shade,Standard,216,0.0,0.038,,,,-0.038,,-1,1,0.356,0.644,34,30,35,31,2,1,6.0,1.0,7.0,1.0,1.96,0.42,-0.42,41.3,,,,,
CH,2024-09-21,79.3,-2.63,6.1,"Hendricks, Kyle",660688,543294,grounded_into_double_play,hit_into_play,,,,,13,"Keibert Ruiz grounds into a double play, second baseman Nico Hoerner to shortstop Dansby Swanson to first baseman Michael Busch. José Tena out at 2nd. Keibert Ruiz out at 1st.",R,L,R,CHC,WSH,X,4.0,ground_ball,2,1,2024,-1.26,0.55,-0.96,2.32,,,677588.0,1,4,Top,151.0,151.07,,,,,5.892441114464129,-115.51614613419537,-2.586859041553444,-12.317932514187898,18.86067643904532,-27.00360740630368,3.29,1.51,22.0,100.4,-5.0,78.6,2204,5.5,746826,665804,683737,663538,676679,621020,664023,691718,641355,55.03,0.269,0.247,0.0,1.0,0.0,0.0,2.0,25,4,Changeup,0,1,1,0,1,0,1,0,Standard,Standard,225,0.052,-0.349,,,0.269,0.349,100.4,-1,1,0.369,0.631,34,25,35,26,2,1,6.0,1.0,7.0,1.0,3.04,1.26,-1.26,45.2,,,,,
SI,2024-09-21,85.4,-2.68,6.07,"Hendricks, Kyle",660688,543294,,called_strike,,,,,11,"Keibert Ruiz grounds into a double play, second baseman Nico Hoerner to shortstop Dansby Swanson to first baseman Michael Busch. José Tena out at 2nd. Keibert Ruiz out at 1st.",R,L,R,CHC,WSH,S,,,2,0,2024,-1.02,0.63,-0.84,2.89,,,677588.0,1,4,Top,,,,,,,6.2806655641029705,-124.30660610577635,-2.5335076300820374,-11.74750977998456,20.8914853131193,-25.33338320283107,3.0,1.34,,,,84.8,1944,5.5,746826,665804,683737,663538,676679,621020,664023,691718,641355,54.96,,,,,,,,25,3,Sinker,0,1,1,0,1,0,1,0,Standard,Standard,209,0.0,-0.057,,,,0.057,,-1,1,0.369,0.631,34,25,35,26,2,1,6.0,1.0,7.0,1.0,2.46,1.02,-1.02,44.1,,,,,
CH,2024-09-21,79.5,-2.65,6.11,"Hendricks, Kyle",660688,543294,,ball,,,,,8,"Keibert Ruiz grounds into a double play, second baseman Nico Hoerner to shortstop Dansby Swanson to first baseman Michael Busch. José Tena out at 2nd. Keibert Ruiz out at 1st.",R,L,R,CHC,WSH,B,,,1,0,2024,-1.22,0.69,-0.18,1.49,,,677588.0,1,4,Top,,,,,,,7.574965362280934,-115.60793440648172,-4.648844647405364,-12.2938874177108,19.56370678265385,-25.34431852976685,3.06,1.41,,,,78.7,2160,5.5,746826,665804,683737,663538,676679,621020,664023,691718,641355,54.95,,,,,,,,25,2,Changeup,0,1,1,0,1,0,1,0,Standard,Standard,224,0.0,0.056,,,,-0.056,,-1,1,0.369,0.631,34,25,35,26,2,1,6.0,1.0,7.0,1.0,2.9,1.22,-1.22,44.6,,,,,
SI,2024-09-21,84.8,-2.59,6.1,"Hendricks, Kyle",660688,543294,,ball,,,,,12,"Keibert Ruiz grounds into a double play, second baseman Nico Hoerner to shortstop Dansby Swanson to first baseman Michael Busch. José Tena out at 2nd. Keibert Ruiz out at 1st.",R,L,R,CHC,WSH,B,,,0,0,2024,-0.88,0.58,1.01,2.5,,,677588.0,1,4,Top,,,,,,,10.024653925279573,-123.24933911993357,-3.2610262137752173,-10.813620845813936,21.894815657375048,-25.79482957160872,3.06,1.45,,,,84.0,1930,5.6,746826,665804,683737,663538,676679,621020,664023,691718,641355,54.88,,,,,,,,25,1,Sinker,0,1,1,0,1,0,1,0,Standard,Standard,216,0.0,0.036,,,,-0.036,,-1,1,0.369,0.631,34,25,35,26,2,1,6.0,1.0,7.0,1.0,2.57,0.88,-0.88,44.5,,,,,
CH,2024-09-21,79.7,-2.67,6.14,"Hendricks, Kyle",677588,543294,single,hit_into_play,,,,,11,"José Tena singles on a ground ball to center fielder Pete Crow-Armstrong, deflected by second baseman Nico Hoerner.",R,L,R,CHC,WSH,X,4.0,ground_ball,2,2,2024,-0.99,0.68,-1.23,2.97,,,,1,4,Top,128.19,108.49,,,,,4.9651622260430495,-116.13930151721532,-1.6001082421564106,-9.883136616548798,18.376724523298098,-25.87922731037172,3.34,1.6,16.0,89.9,-10.0,79.2,2101,5.5,746826,665804,683737,663538,676679,621020,664023,691718,641355,54.96,0.149,0.145,0.9,1.0,1.0,0.0,2.0,24,7,Changeup,0,1,1,0,1,0,1,0,Strategic,Standard,222,-0.025,0.453,65.2,6.7,0.167,-0.453,89.9,-1,1,0.394,0.606,34,23,35,23,2,1,6.0,1.0,7.0,1.0,2.85,0.99,-0.99,46.0,5.765899882543664,7.899812002023951,25.12509914165904,50.1159998285614,31.768850389212847
CH,2024-09-21,80.8,-2.63,6.16,"Hendricks, Kyle",677588,543294,,foul,,,,,13,"José Tena singles on a ground ball to center fielder Pete Crow-Armstrong, deflected by second baseman Nico Hoerner.",R,L,R,CHC,WSH,S,,,2,2,2024,-0.95,0.84,-0.04,1.01,,,,1,4,Top,,,,,,,7.474103609965918,-117.42535110888002,-6.409062930478591,-10.173412117424368,20.113740954908756,-23.41456898152741,3.34,1.6,4.0,58.8,-16.0,80.0,2217,5.6,746826,665804,683737,663538,676679,621020,664023,691718,641355,54.9,,,,,,,,24,6,Changeup,0,1,1,0,1,0,1,0,Strategic,Standard,225,0.0,0.0,69.8,7.6,,0.0,88.0,-1,1,0.394,0.606,34,23,35,23,2,1,6.0,1.0,7.0,1.0,2.64,0.95,-0.95,46.6,11.769715402576136,-4.854775797961195,46.27470365599644,35.52070275229026,45.172933861634576
FF,2024-09-21,86.3,-2.85,5.86,"Hendricks, Kyle",677588,543294,,foul,,,,,1,"José Tena singles on a ground ball to center fielder Pete Crow-Armstrong, deflected by second baseman Nico Hoerner.",R,L,R,CHC,WSH,S,,,2,2,2024,-0.53,1.26,-0.67,3.27,,,,1,4,Top,,,,,,,6.196021276725991,-125.63425753463224,-2.5395599971851093,-6.859265212835593,23.557786324295687,-18.410877218762817,3.34,1.6,178.0,88.1,12.0,85.6,2027,5.6,746826,665804,683737,663538,676679,621020,664023,691718,641355,54.86,,,,,,,,24,5,4-Seam Fastball,0,1,1,0,1,0,1,0,Strategic,Standard,210,0.0,0.0,60.2,5.4,,0.0,88.1,-1,1,0.394,0.606,34,23,35,23,2,1,6.0,1.0,7.0,1.0,1.77,0.53,-0.53,39.2,-10.160501319936316,35.8814514977616,25.64523485833409,42.64523823385415,16.39494188431028
FF,2024-09-21,86.9,-2.94,5.91,"Hendricks, Kyle",677588,543294,,ball,,,,,11,"José Tena singles on a ground ball to center fielder Pete Crow-Armstrong, deflected by second baseman Nico Hoerner.",R,L,R,CHC,WSH,B,,,1,2,2024,-0.63,1.21,-0.57,4.17,,,,1,4,Top,,,,,,,6.883756323509066,-126.5815219721634,-0.5454621448267059,-8.061814061006496,22.474470087879176,-19.11458414614387,3.19,1.35,,,,86.4,2083,5.6,746826,665804,683737,663538,676679,621020,664023,691718,641355,54.86,,,,,,,,24,4,4-Seam Fastball,0,1,1,0,1,0,1,0,Strategic,Standard,221,0.0,0.043,,,,-0.043,,-1,1,0.394,0.606,34,23,35,23,2,1,6.0,1.0,7.0,1.0,1.77,0.63,-0.63,41.3,,,,,
CH,2024-09-21,80.1,-2.66,6.14,"Hendricks, Kyle",677588,543294,,foul,,,,,13,"José Tena singles on a ground ball to center fielder Pete Crow-Armstrong, deflected by second baseman Nico Hoerner.",R,L,R,CHC,WSH,S,,,1,1,2024,-1.07,0.33,-0.93,2.42,,,,1,4,Top,,,,,,,5.747072015770644,-116.63956528527518,-2.223658152339069,-10.774265292664507,18.70580506244873,-28.922590027812102,3.34,1.6,,,,79.6,2093,5.6,746826,665804,683737,663538,676679,621020,664023,691718,641355,54.9,,,,,,,,24,3,Changeup,0,1,1,0,1,0,1,0,Strategic,Standard,224,0.0,-0.061,66.2,6.8,,0.061,,-1,1,0.394,0.606,34,23,35,23,2,1,6.0,1.0,7.0,1.0,3.17,1.07,-1.07,43.9,8.386947131650688,7.68680125011047,29.91416688027052,48.021200368093616,29.11268347037006
CH,2024-09-21,80.2,-2.72,6.13,"Hendricks, Kyle",677588,543294,,swinging_strike,,,,,13,"José Tena singles on a ground ball to center fielder Pete Crow-Armstrong, deflected by second baseman Nico Hoerner.",R,L,R,CHC,WSH,S,,,1,0,2024,-1.02,0.5,-0.04,0.83,,,,1,4,Top,,,,,,,7.740780020710088,-116.56471641120903,-6.03578628953817,-10.609655683291962,16.967267256175614,-26.814333668201165,3.34,1.6,,,,79.9,2182,5.7,746826,665804,683737,663538,676679,621020,664023,691718,641355,54.85,,,,,,,,24,2,Changeup,0,1,1,0,1,0,1,0,Strategic,Standard,229,0.0,-0.051,66.6,7.7,,0.051,,-1,1,0.394,0.606,34,23,35,23,2,1,6.0,1.0,7.0,1.0,2.99,1.02,-1.02,46.8,21.459305785079614,-9.759215922748812,48.22755249447904,36.75004436283044,46.40360562620573
FF,2024-09-21,85.5,-2.85,5.96,"Hendricks, Kyle",677588,543294,,ball,,,,,13,"José Tena singles on a ground ball to center fielder Pete Crow-Armstrong, deflected by second baseman Nico Hoerner.",R,L,R,CHC,WSH,B,,,0,0,2024,-0.3,1.04,-0.59,1.33,,,,1,4,Top,,,,,,,5.882515171945356,-124.4120083539436,-6.768171079109639,-4.170153193754135,20.40503208082593,-20.2565791464695,3.34,1.55,,,,85.3,1986,5.8,746826,665804,683737,663538,676679,621020,664023,691718,641355,54.73,,,,,,,,24,1,4-Seam Fastball,0,1,1,0,1,0,1,0,Standard,Standard,210,0.0,0.039,,,,-0.039,,-1,1,0.394,0.606,34,23,35,23,2,1,6.0,1.0,7.0,1.0,2.03,0.3,-0.3,42.9,,,,,
CU,2024-09-21,71.6,-2.61,6.17,"Hendricks, Kyle",660766,543294,field_out,hit_into_play,,,,,9,Juan Yepez flies out to left fielder Ian Happ.,R,R,R,CHC,WSH,X,7.0,fly_ball,0,0,2024,1.26,-0.41,0.68,1.97,,,,0,4,Top,74.0,86.93,,,,,4.313579882226758,-104.22955289193884,-0.0855726575692821,8.382666999787391,18.32505208252096,-35.3577943649253,3.33,1.6,306.0,86.3,36.0,70.6,2805,5.6,746826,665804,683737,663538,676679,621020,664023,691718,641355,54.9,0.029,0.039,0.0,1.0,0.0,0.0,3.0,23,1,Curveball,0,1,1,0,1,0,1,0,Standard,Standard,41,0.023,-0.254,68.5,7.9,0.063,0.254,88.0,-1,1,0.371,0.629,34,26,35,26,2,1,6.0,2.0,7.0,1.0,4.87,-1.26,-1.26,46.7,15.222263571863994,-18.96886999003619,31.66581280405147,43.12692562723699,34.734168612407274
CH,2024-09-21,80.5,-2.69,6.14,"Hendricks, Kyle",671277,543294,field_out,hit_into_play,,,,,7,Luis García Jr. flies out to center fielder Pete Crow-Armstrong.,R,L,R,CHC,WSH,X,8.0,fly_ball,1,1,2024,-1.03,1.03,-0.7,1.9,,,,2,3,Top,112.79,62.85,,,,,6.280746477217658,-117.09210554297177,-4.673468956819786,-10.673736547003768,20.623077003620335,-22.02178239959041,3.47,1.68,339.0,88.8,29.0,79.7,2222,5.6,746826,665804,683737,663538,676679,621020,664023,691718,641355,54.91,0.063,0.082,0.0,1.0,0.0,0.0,3.0,19,3,Changeup,0,1,1,0,1,0,1,0,Strategic,Standard,223,0.01,-0.244,65.5,7.8,0.132,0.244,88.8,-1,1,0.42,0.58,34,24,35,24,2,1,6.0,4.0,7.0,1.0,2.47,1.03,-1.03,45.2,9.053581733132528,2.0046584071199707,30.55721757684186,47.26144751383441,32.65430984508398
SI,2024-09-21,87.1,-2.54,6.11,"Hendricks, Kyle",671277,543294,,ball,,,,,13,Luis García Jr. flies out to center fielder Pete Crow-Armstrong.,R,L,R,CHC,WSH,B,,,0,1,2024,-0.93,0.79,-1.16,1.43,,,,2,3,Top,,,,,,,5.146963053250135,-126.72082508951247,-6.721420489180648,-10.980585103597944,21.455888245580592,-22.60492543036209,3.42,1.6,,,,86.7,2000,5.6,746826,665804,683737,663538,676679,621020,664023,691718,641355,54.86,,,,,,,,19,2,Sinker,0,1,1,0,1,0,1,0,Strategic,Standard,206,0.0,0.029,,,,-0.029,,-1,1,0.42,0.58,34,24,35,24,2,1,6.0,4.0,7.0,1.0,2.18,0.93,-0.93,46.4,,,,,
CU,2024-09-21,72.4,-2.71,6.11,"Hendricks, Kyle",671277,543294,,called_strike,,,,,1,Luis García Jr. flies out to center fielder Pete Crow-Armstrong.,R,L,R,CHC,WSH,S,,,0,0,2024,1.44,-0.47,-0.64,2.86,,,,2,3,Top,,,,,,,1.6602450174960448,-105.47418259276678,1.6945113858914729,10.45242364403708,18.05065820881146,-36.180777454223815,3.21,1.37,,,,71.5,2801,5.6,746826,665804,683737,663538,676679,621020,664023,691718,641355,54.94,,,,,,,,19,1,Curveball,0,1,1,0,1,0,1,0,Strategic,Standard,44,0.0,-0.041,,,,0.041,,-1,1,0.42,0.58,34,24,35,24,2,1,6.0,4.0,7.0,1.0,4.81,-1.44,1.44,46.3,,,,,
SI,2024-09-21,86.3,-2.66,6.03,"Hendricks, Kyle",695578,543294,field_out,hit_into_play,,,,,6,"James Wood grounds out, third baseman Luis Vazquez to first baseman Michael Busch.",R,L,R,CHC,WSH,X,5.0,ground_ball,1,2,2024,-0.93,0.6,0.41,2.96,,,,1,3,Top,106.31,158.08,,,,,9.056511911129908,-125.49406901282909,-2.3784447232451096,-11.501435217199251,21.223215788705676,-25.492198071496897,3.72,1.77,7.0,108.8,-22.0,85.8,1987,5.6,746826,665804,683737,663538,676679,621020,664023,691718,641355,54.89,0.137,0.143,0.0,1.0,0.0,0.0,2.0,18,4,Sinker,0,1,1,0,1,0,1,0,Strategic,Standard,211,0.016,-0.182,,,0.137,0.182,108.8,-1,1,0.404,0.596,34,21,35,22,2,1,6.0,1.0,7.0,1.0,2.42,0.93,-0.93,44.3,,,,,
CU,2024-09-21,71.7,-2.76,6.16,"Hendricks, Kyle",695578,543294,,ball,,,,,13,"James Wood grounds out, third baseman Luis Vazquez to first baseman Michael Busch.",R,L,R,CHC,WSH,B,,,0,2,2024,1.24,-0.89,-2.05,2.62,,,,1,3,Top,,,,,,,-0.6595501132462844,-104.32251878585042,1.983293789701486,9.127202115387686,18.352352710743823,-39.25374677704627,3.69,1.67,,,,70.5,2961,5.4,746826,665804,683737,663538,676679,621020,664023,691718,641355,55.08,,,,,,,,18,3,Curveball,0,1,1,0,1,0,1,0,Strategic,Standard,41,0.0,0.02,,,,-0.02,,-1,1,0.404,0.596,34,21,35,22,2,1,6.0,1.0,7.0,1.0,5.35,-1.24,1.24,46.1,,,,,
CH,2024-09-21,80.4,-2.68,6.18,"Hendricks, Kyle",695578,543294,,called_strike,,,,,13,"James Wood grounds out, third baseman Luis Vazquez to first baseman Michael Busch.",R,L,R,CHC,WSH,S,,,0,1,2024,-1.12,0.75,-0.83,2.44,,,,1,3,Top,,,,,,,6.129022634437891,-117.0515141896678,-3.051356349364052,-11.45805514673166,20.34697051435689,-24.86985565764447,3.69,1.65,,,,79.6,2240,5.5,746826,665804,683737,663538,676679,621020,664023,691718,641355,55.0,,,,,,,,18,2,Changeup,0,1,1,0,1,0,1,0,Infield shade,Standard,225,0.0,-0.057,,,,0.057,,-1,1,0.404,0.596,34,21,35,22,2,1,6.0,1.0,7.0,1.0,2.75,1.12,-1.12,45.4,,,,,
CU,2024-09-21,72.9,-2.69,6.11,"Hendricks, Kyle",695578,543294,,called_strike,,,,,6,"James Wood grounds out, third baseman Luis Vazquez to first baseman Michael Busch.",R,L,R,CHC,WSH,S,,,0,0,2024,1.21,-0.53,0.38,2.27,,,,1,3,Top,,,,,,,4.022544220258816,-106.1520097594627,0.5406989849330415,8.45159635667503,18.448718305610114,-36.47706141042909,3.54,1.57,,,,71.9,2836,5.5,746826,665804,683737,663538,676679,621020,664023,691718,641355,55.02,,,,,,,,18,1,Curveball,0,1,1,0,1,0,1,0,Strategic,Standard,42,0.0,-0.037,,,,0.037,,-1,1,0.404,0.596,34,21,35,22,2,1,6.0,1.0,7.0,1.0,4.82,-1.21,1.21,46.2,,,,,
SI,2024-09-21,86.6,-2.61,6.09,"Hendricks, Kyle",686611,543294,strikeout,called_strike,,,,,12,Dylan Crews called out on strikes.,R,R,R,CHC,WSH,S,2.0,,1,2,2024,-1.02,0.53,0.96,2.47,,,,0,3,Top,,,,,,,10.458169130663482,-125.88264454604769,-3.5859470468671883,-12.736312177737776,21.50457765404176,-25.9715546186622,2.95,1.36,,,,86.2,1990,5.7,746826,665804,683737,663538,676679,621020,664023,691718,641355,54.79,,0.0,0.0,1.0,0.0,0.0,,17,5,Sinker,0,1,1,0,1,0,1,0,Standard,Standard,207,0.021,-0.186,,,,0.186,,-1,1,0.383,0.617,34,22,35,22,2,1,6.0,1.0,7.0,1.0,2.47,1.02,1.02,46.1,,,,,
CH,2024-09-21,80.1,-2.56,6.19,"Hendricks, Kyle",686611,543294,,ball,,,,,14,Dylan Crews called out on strikes.,R,R,R,CHC,WSH,B,,,0,2,2024,-0.14,0.85,1.16,1.57,,,,0,3,Top,,,,,,,8.382588838693,-116.42206319138327,-5.142386952792949,-2.5986420501391687,18.037566302306665,-23.712640710002013,2.91,1.32,,,,79.7,2208,5.7,746826,665804,683737,663538,676679,621020,664023,691718,641355,54.83,,,,,,,,17,4,Changeup,0,1,1,0,1,0,1,0,Standard,Standard,219,0.0,0.023,,,,-0.023,,-1,1,0.383,0.617,34,22,35,22,2,1,6.0,1.0,7.0,1.0,2.67,0.14,0.14,48.4,,,,,
FF,2024-09-21,86.5,-2.85,5.91,"Hendricks, Kyle",686611,543294,,foul,,,,,12,Dylan Crews called out on strikes.,R,R,R,CHC,WSH,S,,,0,2,2024,-0.38,1.02,0.52,3.29,,,,0,3,Top,,,,,,,8.72219927084827,-125.82641099589944,-2.1480745715154628,-5.699932806444815,22.82100869988629,-20.99526414730426,3.1,1.38,319.0,94.1,23.0,85.9,2094,5.7,746826,665804,683737,663538,676679,621020,664023,691718,641355,54.83,,,,,,,,17,3,4-Seam Fastball,0,1,1,0,1,0,1,0,Standard,Standard,213,0.0,0.0,66.4,6.1,,0.0,94.1,-1,1,0.383,0.617,34,22,35,22,2,1,6.0,1.0,7.0,1.0,2.0,0.38,0.38,39.7,-8.664409834872975,33.36172703483964,13.37925089414344,44.83535497798744,8.25778896273307
CH,2024-09-21,79.6,-2.54,6.17,"Hendricks, Kyle",686611,543294,,foul,,,,,14,Dylan Crews called out on strikes.,R,R,R,CHC,WSH,S,,,0,1,2024,-0.23,0.9,0.68,1.24,,,,0,3,Top,,,,,,,7.386950758677917,-115.84026198364792,-5.823578987486785,-3.182585280114224,17.404576787675893,-23.174022138769672,3.1,1.38,1.0,64.6,-45.0,79.2,2181,5.6,746826,665804,683737,663538,676679,621020,664023,691718,641355,54.94,,,,,,,,17,2,Changeup,0,1,1,0,1,0,1,0,Standard,Standard,223,0.0,-0.054,61.2,8.1,,0.054,88.0,-1,1,0.383,0.617,34,22,35,22,2,1,6.0,1.0,7.0,1.0,2.64,0.23,0.23,46.0,7.728923078813224,-2.555424082653766,34.02466716709995,46.67906000755392,36.70209503634555
SI,2024-09-21,84.8,-2.65,6.09,"Hendricks, Kyle",686611,543294,,called_strike,,,,,8,Dylan Crews called out on strikes.,R,R,R,CHC,WSH,S,,,0,0,2024,-1.1,0.54,0.22,1.85,,,,0,3,Top,,,,,,,8.776242421876722,-123.21569302486544,-4.685549389347065,-12.786290996233513,20.95475349972408,-25.92883427712992,2.96,1.36,,,,84.1,1907,5.6,746826,665804,683737,663538,676679,621020,664023,691718,641355,54.88,,,,,,,,17,1,Sinker,0,1,1,0,1,0,1,0,Standard,Standard,210,0.0,-0.037,,,,0.037,,-1,1,0.383,0.617,34,22,35,22,2,1,6.0,1.0,7.0,1.0,2.6,1.1,1.1,46.5,,,,,
CH,2024-09-21,80.1,-2.54,6.12,"Hendricks, Kyle",683083,543294,field_out,hit_into_play,,,,,5,Nasim Nuñez grounds out to first baseman Michael Busch.,R,L,R,CHC,WSH,X,3.0,ground_ball,2,1,2024,-1.2,0.86,-0.12,2.15,,677588.0,608336.0,2,2,Top,161.65,164.76,,,,,7.502285446605832,-116.49910158160596,-3.700983661129434,-12.318419244733091,19.53727501318914,-23.858735176342908,3.22,1.45,73.0,76.4,5.0,79.3,2189,5.5,746826,665804,683737,663538,676679,621020,664023,691718,641355,54.96,0.209,0.236,0.0,1.0,0.0,0.0,2.0,13,4,Changeup,0,1,1,0,1,0,1,0,Strategic,Standard,226,0.04,-0.307,70.1,7.6,0.233,0.307,88.0,-1,1,0.397,0.603,34,23,35,24,1,0,6.0,3.0,7.0,1.0,2.67,1.2,-1.2,45.8,17.948044238923874,-8.642694476304934,36.20288108696541,38.76911438705947,41.85423614012925
CU,2024-09-21,73.4,-2.56,6.1,"Hendricks, Kyle",683083,543294,,called_strike,,,,,3,Nasim Nuñez grounds out to first baseman Michael Busch.,R,L,R,CHC,WSH,S,,,2,0,2024,1.14,-0.75,0.5,2.61,,677588.0,608336.0,2,2,Top,,,,,,,4.165722257773201,-106.79366859262149,1.5181782913225932,7.937192933178601,18.87091780137549,-38.38951847046733,2.97,1.29,,,,72.3,2918,5.5,746826,665804,683737,663538,676679,621020,664023,691718,641355,54.98,,,,,,,,13,3,Curveball,0,1,1,0,1,0,1,0,Standard,Standard,46,0.0,-0.043,,,,0.043,,-1,1,0.397,0.603,34,23,35,24,1,0,6.0,3.0,7.0,1.0,4.99,-1.14,1.14,47.3,,,,,
SI,2024-09-21,86.1,-2.55,6.1,"Hendricks, Kyle",683083,543294,,ball,,,,,13,Nasim Nuñez grounds out to first baseman Michael Busch.,R,L,R,CHC,WSH,B,,,1,0,2024,-1.08,0.53,-1.28,2.22,,677588.0,608336.0,2,2,Top,,,,,,,5.147192813920095,-125.36578769823156,-4.053624411672351,-12.379855174294256,23.45801076622654,-25.973651774284985,3.09,1.37,,,,85.3,1936,5.6,746826,665804,683737,663538,676679,621020,664023,691718,641355,54.91,,,,,,,,13,2,Sinker,0,1,1,0,1,0,1,0,Strategic,Standard,214,0.0,0.044,,,,-0.044,,-1,1,0.397,0.603,34,23,35,24,1,0,6.0,3.0,7.0,1.0,2.52,1.08,-1.08,45.8,,,,,
SI,2024-09-21,86.0,-2.59,6.12,"Hendricks, Kyle",683083,543294,,ball,,,,,11,Nasim Nuñez grounds out to first baseman Michael Busch.,R,L,R,CHC,WSH,B,,,0,0,2024,-1.13,0.62,-1.04,2.71,,677588.0,608336.0,2,2,Top,,,,,,,5.88635433275112,-125.17401194770883,-3.0903646721302502,-13.075333986113524,24.05748829257857,-25.206905893202173,3.05,1.28,,,,85.0,1984,5.5,746826,665804,683737,663538,676679,621020,664023,691718,641355,54.97,,,,,,,,13,1,Sinker,0,1,1,0,1,0,1,0,Standard,Standard,214,0.0,0.026,,,,-0.026,,-1,1,0.397,0.603,34,23,35,24,1,0,6.0,3.0,7.0,1.0,2.45,1.13,-1.13,44.9,,,,,
CH,2024-09-21,80.4,-2.67,6.11,"Hendricks, Kyle",545121,543294,sac_fly,hit_into_play,,,,,7,Ildemaro Vargas out on a sacrifice fly to right fielder Cody Bellinger. Juan Yepez scores.,R,L,R,CHC,WSH,X,9.0,fly_ball,2,1,2024,-1.28,0.49,-0.78,1.76,660766.0,677588.0,608336.0,1,2,Top,180.15,90.9,,,,,6.5036229086212325,-116.82176339345702,-3.7541961290593178,-13.009596914963057,24.52062905534716,-27.17942945105332,3.39,1.54,299.0,83.8,25.0,78.8,2221,5.5,746826,665804,683737,663538,676679,621020,664023,691718,641355,54.98,0.163,0.167,0.0,1.0,0.0,0.0,3.0,12,4,Changeup,0,0,0,0,1,0,1,0,Standard,Standard,228,0.0,-0.172,63.4,7.9,0.239,0.172,88.0,0,0,0.397,0.603,34,32,35,33,1,0,6.0,3.0,7.0,3.0,3.08,1.28,-1.28,45.3,6.479533394429879,-15.617262488690802,24.889958572035788,43.72775804728897,32.546989738782955
SI,2024-09-21,86.1,-2.55,6.12,"Hendricks, Kyle",545121,543294,,called_strike,,,,,11,Ildemaro Vargas out on a sacrifice fly to right fielder Cody Bellinger. Juan Yepez scores.,R,L,R,CHC,WSH,S,,,2,0,2024,-1.28,0.45,-0.45,3.24,660766.0,677588.0,608336.0,1,2,Top,,,,,,,7.464218263278697,-125.20208394067014,-1.4552755115437137,-14.952157159855464,26.34320800796163,-27.349333530333865,3.05,1.41,,,,84.7,2016,5.5,746826,665804,683737,663538,676679,621020,664023,691718,641355,54.98,,,,,,,,12,3,Sinker,0,0,0,0,0,0,0,0,Standard,Standard,212,0.0,-0.066,,,,0.066,,0,0,0.397,0.603,34,32,35,33,1,0,6.0,3.0,7.0,3.0,2.64,1.28,-1.28,45.4,,,,,
SI,2024-09-21,86.8,-2.61,6.07,"Hendricks, Kyle",545121,543294,,ball,,,,,11,Ildemaro Vargas out on a sacrifice fly to right fielder Cody Bellinger. Juan Yepez scores.,R,L,R,CHC,WSH,B,,,1,0,2024,-1.17,0.4,-1.32,2.23,660766.0,677588.0,608336.0,1,2,Top,,,,,,,5.37685978825415,-126.32775738837104,-3.7940919709605927,-13.582389326192049,24.736411449236773,-27.2737740321652,2.99,1.33,,,,85.7,1978,5.5,746826,665804,683737,663538,676679,621020,664023,691718,641355,55.01,,,,,,,,12,2,Sinker,0,0,0,0,0,0,0,0,Standard,Standard,209,0.0,0.062,,,,-0.062,,0,0,0.397,0.603,34,32,35,33,1,0,6.0,3.0,7.0,3.0,2.61,1.17,-1.17,43.4,,,,,
CH,2024-09-21,79.7,-2.6,6.11,"Hendricks, Kyle",545121,543294,,ball,,,,,14,Ildemaro Vargas out on a sacrifice fly to right fielder Cody Bellinger. Juan Yepez scores.,R,L,R,CHC,WSH,B,,,0,0,2024,-1.21,0.78,0.17,1.26,660766.0,677588.0,608336.0,1,2,Top,,,,,,,8.216269273464846,-115.8095469448768,-5.33934793841296,-12.336942467199863,20.208984224524663,-24.346654547397176,3.11,1.39,,,,78.8,2198,5.6,746826,665804,683737,663538,676679,621020,664023,691718,641355,54.91,,,,,,,,12,1,Changeup,0,0,0,0,0,0,0,0,Standard,Standard,225,0.0,0.039,,,,-0.039,,0,0,0.397,0.603,34,32,35,33,1,0,6.0,3.0,7.0,3.0,2.8,1.21,-1.21,44.6,,,,,
CH,2024-09-21,81.0,-2.68,6.08,"Hendricks, Kyle",608336,543294,walk,ball,,,,,11,Joey Gallo walks. Juan Yepez to 3rd. José Tena to 2nd.,R,L,R,CHC,WSH,B,,,3,2,2024,-1.36,0.23,-1.42,2.99,,660766.0,677588.0,1,2,Top,,,,,,,5.308354745604027,-117.93155486323352,-0.7619431168316135,-13.706989301975154,20.85024263085755,-30.07430697022342,3.06,1.34,,,,80.1,2258,5.5,746826,665804,683737,663538,676679,621020,664023,691718,641355,55.04,,0.689131,0.7,1.0,0.0,0.0,,11,6,Changeup,0,0,0,0,0,0,0,0,Infield shade,Standard,229,-0.063,0.266,,,,-0.266,,0,0,0.46,0.54,34,30,35,31,1,0,6.0,1.0,7.0,1.0,3.22,1.36,-1.36,44.9,,,,,
SI,2024-09-21,87.3,-2.55,6.1,"Hendricks, Kyle",608336,543294,,ball,,,,,12,Joey Gallo walks. Juan Yepez to 3rd. José Tena to 2nd.,R,L,R,CHC,WSH,B,,,2,2,2024,-1.04,0.41,0.39,4.75,,660766.0,677588.0,1,2,Top,,,,,,,9.066906995766884,-126.9021929977132,1.9108965004545344,-12.930301600306496,21.559089819087305,-28.171873867968102,3.02,1.29,,,,86.6,1981,5.5,746826,665804,683737,663538,676679,621020,664023,691718,641355,54.95,,,,,,,,11,5,Sinker,0,0,0,0,0,0,0,0,Infield shade,Standard,206,0.0,0.086,,,,-0.086,,0,0,0.46,0.54,34,30,35,31,1,0,6.0,1.0,7.0,1.0,2.54,1.04,-1.04,45.6,,,,,
CH,2024-09-21,79.8,-2.57,6.2,"Hendricks, Kyle",608336,543294,,ball,,,,,13,Joey Gallo walks. Juan Yepez to 3rd. José Tena to 2nd.,R,L,R,CHC,WSH,B,,,1,2,2024,-1.16,0.49,-0.63,1.13,,660766.0,677588.0,1,2,Top,,,,,,,6.354791227430577,-116.08583389980264,-5.347466515711992,-11.65372105302619,19.896834573576943,-26.94037234365807,3.11,1.32,,,,78.8,2163,5.4,746826,665804,683737,663538,676679,621020,664023,691718,641355,55.07,,,,,,,,11,4,Changeup,0,0,0,0,0,0,0,0,Strategic,Standard,228,0.0,0.035,,,,-0.035,,0,0,0.46,0.54,34,30,35,31,1,0,6.0,1.0,7.0,1.0,3.06,1.16,-1.16,46.4,,,,,
CH,2024-09-21,80.0,-2.71,6.14,"Hendricks, Kyle",608336,543294,,ball,,,,,13,Joey Gallo walks. Juan Yepez to 3rd. José Tena to 2nd.,R,L,R,CHC,WSH,B,,,0,2,2024,-1.15,0.47,-1.2,1.39,,660766.0,677588.0,1,2,Top,,,,,,,5.406397699147971,-116.34403793067972,-4.613158538855223,-11.488449236892684,21.273111928881274,-27.20835140048867,3.17,1.51,,,,78.9,2240,5.5,746826,665804,683737,663538,676679,621020,664023,691718,641355,55.02,,,,,,,,11,3,Changeup,0,0,0,0,0,0,0,0,Infield shade,Standard,228,0.0,0.022,,,,-0.022,,0,0,0.46,0.54,34,30,35,31,1,0,6.0,1.0,7.0,1.0,3.08,1.15,-1.15,45.7,,,,,
CH,2024-09-21,79.8,-2.63,6.13,"Hendricks, Kyle",608336,543294,,swinging_strike,,,,,7,Joey Gallo walks. Juan Yepez to 3rd. José Tena to 2nd.,R,L,R,CHC,WSH,S,,,0,1,2024,-1.1,0.81,-0.81,1.68,,660766.0,677588.0,1,2,Top,,,,,,,5.976017035177977,-116.06418816237196,-4.553454120755113,-11.037022175796464,20.338938488103903,-24.17002060459556,3.44,1.6,,,,78.8,2202,5.5,746826,665804,683737,663538,676679,621020,664023,691718,641355,55.0,,,,,,,,11,2,Changeup,0,0,0,0,0,0,0,0,Standard,Standard,226,0.0,-0.048,68.3,7.9,,0.048,,0,0,0.46,0.54,34,30,35,31,1,0,6.0,1.0,7.0,1.0,2.75,1.1,-1.1,46.8,29.20126862028613,-24.97902921807708,31.379159805820777,44.67556486924158,45.67666656107115
CH,2024-09-21,79.1,-2.61,6.13,"Hendricks, Kyle",608336,543294,,swinging_strike,,,,,13,Joey Gallo walks. Juan Yepez to 3rd. José Tena to 2nd.,R,L,R,CHC,WSH,S,,,0,0,2024,-1.14,0.65,-1.09,1.65,,660766.0,677588.0,1,2,Top,,,,,,,5.353760027675669,-115.12761149218142,-4.204322668935678,-11.109972589500762,20.181364744787206,-25.804461750117557,3.44,1.6,,,,78.2,2117,5.5,746826,665804,683737,663538,676679,621020,664023,691718,641355,54.97,,,,,,,,11,1,Changeup,0,0,0,0,0,0,0,0,Standard,Standard,224,0.0,-0.039,66.2,7.9,,0.039,,0,0,0.46,0.54,34,30,35,31,1,0,6.0,1.0,7.0,1.0,2.97,1.14,-1.14,44.2,33.40069563344909,-44.56833517571233,26.82222249131969,48.95177173742589,68.29508962080862
CH,2024-09-21,81.1,-2.61,6.12,"Hendricks, Kyle",660688,543294,field_out,hit_into_play,,,,,13,Keibert Ruiz pops out to third baseman Luis Vazquez on the infield fly rule.,R,L,R,CHC,WSH,X,5.0,popup,1,1,2024,-1.21,0.65,-0.94,1.88,,660766.0,677588.0,0,2,Top,113.99,184.53,,,,,5.9454429578044055,-117.98903971263763,-4.1162837457582215,-12.447424160162145,20.43793882560284,-25.48246675306277,3.29,1.51,63.0,69.1,77.0,80.2,2201,5.5,746826,665804,683737,663538,676679,621020,664023,691718,641355,55.0,0.003,0.003,0.0,1.0,0.0,0.0,3.0,10,3,Changeup,0,0,0,0,0,0,0,0,Strategic,Standard,227,0.053,-0.237,59.7,7.7,0.003,0.237,88.0,0,0,0.407,0.593,34,25,35,26,1,0,6.0,1.0,7.0,1.0,2.79,1.21,-1.21,46.2,8.646905848325119,-18.76921837656932,27.745625180295622,42.90356678962982,45.50652615126179
SI,2024-09-21,86.3,-2.58,6.15,"Hendricks, Kyle",660688,543294,,ball,,,,,11,Keibert Ruiz pops out to third baseman Luis Vazquez on the infield fly rule.,R,L,R,CHC,WSH,B,,,0,1,2024,-0.96,0.57,-1.26,2.79,,660766.0,677588.0,0,2,Top,,,,,,,5.007677172865711,-125.7105623626858,-2.984100441518435,-11.14514442764009,22.283404500091407,-25.73049542644173,3.02,1.4,,,,85.6,1951,5.5,746826,665804,683737,663538,676679,621020,664023,691718,641355,55.02,,,,,,,,10,2,Sinker,0,0,0,0,0,0,0,0,Standard,Standard,206,0.0,0.034,,,,-0.034,,0,0,0.407,0.593,34,25,35,26,1,0,6.0,1.0,7.0,1.0,2.45,0.96,-0.96,46.2,,,,,
SI,2024-09-21,86.3,-2.57,6.09,"Hendricks, Kyle",660688,543294,,foul,,,,,1,Keibert Ruiz pops out to third baseman Luis Vazquez on the infield fly rule.,R,L,R,CHC,WSH,S,,,0,0,2024,-1.01,0.6,-0.82,3.0,,660766.0,677588.0,0,2,Top,,,,,,,6.120156033440726,-125.68347706258189,-2.4074878076361803,-11.878704807118575,22.10826472913254,-25.48003894814292,3.29,1.51,178.0,71.1,66.0,85.7,1913,5.6,746826,665804,683737,663538,676679,621020,664023,691718,641355,54.95,,,,,,,,10,1,Sinker,0,0,0,0,0,0,0,0,Standard,Standard,208,0.0,-0.044,64.3,6.7,,0.044,88.0,0,0,0.407,0.593,34,25,35,26,1,0,6.0,1.0,7.0,1.0,2.42,1.01,-1.01,45.1,3.215671480467246,-1.1851792700437351,23.95056870817167,42.639510534401104,38.90590034302333
CH,2024-09-21,80.3,-2.67,6.14,"Hendricks, Kyle",677588,543294,single,hit_into_play,,,,,5,José Tena singles on a line drive to right fielder Cody Bellinger. Juan Yepez to 2nd.,R,L,R,CHC,WSH,X,9.0,line_drive,1,0,2024,-1.24,0.54,-0.2,2.3,,,660766.0,0,2,Top,182.77,104.04,,,,,7.701105890651007,-116.73220115138584,-2.859697610013345,-12.748414820214874,19.74401997777255,-26.86526858615704,3.34,1.6,227.0,95.7,16.0,79.4,2170,5.5,746826,665804,683737,663538,676679,621020,664023,691718,641355,54.97,0.657,0.651,0.9,1.0,1.0,0.0,4.0,9,2,Changeup,0,0,0,0,0,0,0,0,Standard,Standard,225,-0.055,0.408,64.8,7.0,0.838,-0.408,95.7,0,0,0.462,0.538,34,23,35,23,1,0,6.0,1.0,7.0,1.0,2.97,1.24,-1.24,44.4,12.580951546894823,-4.982628204758431,36.21989633046212,38.76984629608839,42.938548861346206
SI,2024-09-21,85.6,-2.69,6.13,"Hendricks, Kyle",677588,543294,,ball,,,,,11,José Tena singles on a line drive to right fielder Cody Bellinger. Juan Yepez to 2nd.,R,L,R,CHC,WSH,B,,,0,0,2024,-0.98,0.57,-1.05,2.91,,,660766.0,0,2,Top,,,,,,,5.75935205601654,-124.60606165946449,-2.547844441074032,-11.301341488771348,21.49012216422241,-25.87512310135712,3.3,1.55,,,,85.0,1816,5.6,746826,665804,683737,663538,676679,621020,664023,691718,641355,54.94,,,,,,,,9,1,Sinker,0,0,0,0,0,0,0,0,Standard,Standard,214,0.0,0.042,,,,-0.042,,0,0,0.462,0.538,34,23,35,23,1,0,6.0,1.0,7.0,1.0,2.5,0.98,-0.98,45.3,,,,,
SI,2024-09-21,87.8,-2.68,6.04,"Hendricks, Kyle",660766,543294,single,hit_into_play,,,,,7,Juan Yepez singles on a ground ball to second baseman Nico Hoerner.,R,R,R,CHC,WSH,X,4.0,ground_ball,2,2,2024,-1.0,0.55,-0.76,2.01,,,,0,2,Top,124.13,137.39,,,,,6.640944242777427,-127.89237384599949,-4.851626487729506,-12.238183569453438,20.880606758871195,-25.40056588063219,3.33,1.6,9.0,78.4,-11.0,87.7,2000,5.7,746826,665804,683737,663538,676679,621020,664023,691718,641355,54.82,0.049,0.054,0.9,1.0,1.0,0.0,2.0,8,6,Sinker,0,0,0,0,0,0,0,0,Standard,Standard,214,-0.038,0.476,67.7,6.0,0.049,-0.476,88.0,0,0,0.5,0.5,34,26,35,26,1,0,6.0,2.0,7.0,1.0,2.35,1.0,1.0,44.9,-10.778099486333277,14.54403792745134,43.07416455482066,26.001084120870487,15.954702550167214
FF,2024-09-21,87.2,-2.74,6.02,"Hendricks, Kyle",660766,543294,,foul,,,,,11,Juan Yepez singles on a ground ball to second baseman Nico Hoerner.,R,R,R,CHC,WSH,S,,,2,2,2024,-0.43,1.39,-0.34,3.98,,,,0,2,Top,,,,,,,6.556948852375079,-126.93079155547994,-1.6370618070267553,-5.8531365560157465,23.62076459808867,-16.947363633293286,3.33,1.6,52.0,61.3,2.0,86.4,2095,5.6,746826,665804,683737,663538,676679,621020,664023,691718,641355,54.91,,,,,,,,8,5,4-Seam Fastball,0,0,0,0,0,0,0,0,Standard,Standard,211,0.0,0.0,25.0,4.0,,0.0,88.0,0,0,0.5,0.5,34,26,35,26,1,0,6.0,2.0,7.0,1.0,1.59,0.43,0.43,43.6,-13.774685873775,40.92729845880335,24.720715970887948,30.740228043622103,2.534910905243536
CH,2024-09-21,80.2,-2.53,6.18,"Hendricks, Kyle",660766,543294,,ball,,,,,14,Juan Yepez singles on a ground ball to second baseman Nico Hoerner.,R,R,R,CHC,WSH,B,,,1,2,2024,-0.28,1.02,1.45,1.17,,,,0,2,Top,,,,,,,9.205029557363222,-116.47428415985976,-6.315798113440078,-4.009995911655339,18.19170633690004,-21.881604870999432,3.08,1.57,,,,79.8,2199,5.7,746826,665804,683737,663538,676679,621020,664023,691718,641355,54.76,,,,,,,,8,4,Changeup,0,0,0,0,0,0,0,0,Standard,Standard,226,0.0,0.04,,,,-0.04,,0,0,0.5,0.5,34,26,35,26,1,0,6.0,2.0,7.0,1.0,2.49,0.28,0.28,47.4,,,,,
CH,2024-09-21,79.8,-2.69,6.17,"Hendricks, Kyle",660766,543294,,called_strike,,,,,8,Juan Yepez singles on a ground ball to second baseman Nico Hoerner.,R,R,R,CHC,WSH,S,,,1,1,2024,-0.4,1.07,0.0,1.84,,,,0,2,Top,,,,,,,6.594153036027151,-116.19468836129757,-4.886730978532689,-4.6695217000774445,17.54570867973704,-21.7267523267892,3.0,1.49,,,,79.5,2192,5.6,746826,665804,683737,663538,676679,621020,664023,691718,641355,54.88,,,,,,,,8,3,Changeup,0,0,0,0,0,0,0,0,Standard,Standard,229,0.0,-0.056,,,,0.056,,0,0,0.5,0.5,34,26,35,26,1,0,6.0,2.0,7.0,1.0,2.45,0.4,0.4,46.3,,,,,
CU,2024-09-21,74.0,-2.61,6.1,"Hendricks, Kyle",660766,543294,,ball,,,,,14,Juan Yepez singles on a ground ball to second baseman Nico Hoerner.,R,R,R,CHC,WSH,B,,,0,1,2024,1.17,-0.97,1.5,1.32,,,,0,2,Top,,,,,,,6.26224300837628,-107.6336785624504,-0.7790410178753941,7.966572138475434,18.99399312624977,-39.82105746645588,3.12,1.58,,,,73.0,2924,5.6,746826,665804,683737,663538,676679,621020,664023,691718,641355,54.88,,,,,,,,8,2,Curveball,0,0,0,0,0,0,0,0,Standard,Standard,44,0.0,0.025,,,,-0.025,,0,0,0.5,0.5,34,26,35,26,1,0,6.0,2.0,7.0,1.0,5.15,-1.17,-1.17,45.1,,,,,
CH,2024-09-21,79.2,-2.67,6.19,"Hendricks, Kyle",660766,543294,,foul,,,,,6,Juan Yepez singles on a ground ball to second baseman Nico Hoerner.,R,R,R,CHC,WSH,S,,,0,0,2024,-0.24,1.22,0.48,2.44,,,,0,2,Top,,,,,,,7.240519437047485,-115.27698954767877,-3.739091340033604,-3.3141518817877604,17.981324368392432,-20.69636177977184,3.33,1.6,125.0,66.9,14.0,78.7,2228,5.6,746826,665804,683737,663538,676679,621020,664023,691718,641355,54.91,,,,,,,,8,1,Changeup,0,0,0,0,0,0,0,0,Standard,Standard,228,0.0,-0.037,71.5,8.1,,0.037,88.0,0,0,0.5,0.5,34,26,35,26,1,0,6.0,2.0,7.0,1.0,2.36,0.24,0.24,46.6,18.798807296815056,-25.75047632570226,31.531049047755747,41.18210415621535,38.98584494440692
FF,2024-09-21,86.1,-2.68,6.03,"Hendricks, Kyle",660766,543294,truncated_pa,ball,,,,,11,"Luis García Jr. caught stealing 2nd base, catcher Miguel Amaya to second baseman Nico Hoerner.",R,R,R,CHC,WSH,B,2.0,,2,2,2024,-0.55,1.18,-0.8,4.2,,,671277.0,2,1,Top,,,,,,,5.50304597959279,-125.34624784349654,-0.524961058918578,-6.883929650054061,24.297047677047868,-19.795388143414275,2.91,1.43,,,,85.0,2052,5.5,746826,665804,683737,663538,676679,621020,664023,691718,641355,55.02,,,0.0,0.0,0.0,0.0,,4,5,4-Seam Fastball,0,0,0,0,0,0,0,0,Standard,Standard,218,0.022,-0.235,,,,0.235,,0,0,0.525,0.475,34,26,35,26,1,0,6.0,2.0,7.0,1.0,1.88,0.55,0.55,41.1,,,,,
SI,2024-09-21,87.2,-2.58,6.1,"Hendricks, Kyle",660766,543294,,foul,,,,,2,"Luis García Jr. caught stealing 2nd base, catcher Miguel Amaya to second baseman Nico Hoerner.",R,R,R,CHC,WSH,S,,,2,1,2024,-1.05,0.66,-0.19,2.97,,,671277.0,2,1,Top,,,,,,,7.803026545273873,-126.84118875226476,-2.74400756552758,-12.904208429794378,24.452106309342867,-24.62594248234417,3.33,1.6,190.0,67.4,27.0,86.3,2086,5.6,746826,665804,683737,663538,676679,621020,664023,691718,641355,54.91,,,,,,,,4,4,Sinker,0,0,0,0,0,0,0,0,Standard,Standard,210,0.0,-0.072,73.5,6.5,,0.072,88.0,0,0,0.525,0.475,34,26,35,26,1,0,6.0,2.0,7.0,1.0,2.32,1.05,1.05,45.9,5.250391549584241,0.0465566151795443,33.31731278599158,31.6916435542797,22.076107457608764
CH,2024-09-21,79.9,-2.53,6.22,"Hendricks, Kyle",660766,543294,,ball,,,,,14,"Luis García Jr. caught stealing 2nd base, catcher Miguel Amaya to second baseman Nico Hoerner.",R,R,R,CHC,WSH,B,,,1,1,2024,-0.25,0.92,1.79,2.03,,,671277.0,2,1,Top,,,,,,,9.82467186877852,-116.06669585350969,-4.308182225835799,-3.6723062292075928,16.11837419503295,-23.21765410856222,3.0,1.51,,,,79.5,2089,5.6,746826,665804,683737,663538,676679,621020,664023,691718,641355,54.94,,,,,,,,4,3,Changeup,0,0,0,0,0,0,0,0,Standard,Standard,229,0.0,0.05,,,,-0.05,,0,0,0.525,0.475,34,26,35,26,1,0,6.0,2.0,7.0,1.0,2.59,0.25,0.25,47.2,,,,,
CH,2024-09-21,79.0,-2.66,6.2,"Hendricks, Kyle",660766,543294,,swinging_strike,,,,,12,"Luis García Jr. caught stealing 2nd base, catcher Miguel Amaya to second baseman Nico Hoerner.",R,R,R,CHC,WSH,S,,,1,0,2024,-0.34,1.07,1.16,2.72,,,671277.0,2,1,Top,,,,,,,8.84183334984583,-115.02126699078556,-2.978088870528539,-4.157142156137041,13.777106805824817,-22.183757337149,3.33,1.6,,,,79.1,2151,5.6,746826,665804,683737,663538,676679,621020,664023,691718,641355,54.92,,,,,,,,4,2,Changeup,0,0,0,0,0,0,0,0,Standard,Standard,223,0.0,-0.048,71.4,8.1,,0.048,,0,0,0.525,0.475,34,26,35,26,1,0,6.0,2.0,7.0,1.0,2.48,0.34,0.34,45.4,16.066375514858226,-20.827087468633557,24.901604724997195,49.39930351559229,39.18918273299693
SI,2024-09-21,86.5,-2.59,6.17,"Hendricks, Kyle",660766,543294,,ball,,,,,12,"Luis García Jr. caught stealing 2nd base, catcher Miguel Amaya to second baseman Nico Hoerner.",R,R,R,CHC,WSH,B,,,0,0,2024,-0.95,0.7,0.91,3.21,,,671277.0,2,1,Top,,,,,,,10.139627671976283,-125.70812304721734,-2.337781145297856,-11.863320830786751,20.843972349688716,-24.43419698302551,2.99,1.53,,,,86.1,1996,5.7,746826,665804,683737,663538,676679,621020,664023,691718,641355,54.79,,,,,,,,4,1,Sinker,0,0,0,0,0,0,0,0,Standard,Standard,215,0.0,0.034,,,,-0.034,,0,0,0.525,0.475,34,26,35,26,1,0,6.0,2.0,7.0,1.0,2.31,0.95,0.95,45.4,,,,,
CH,2024-09-21,81.3,-2.67,6.19,"Hendricks, Kyle",671277,543294,single,hit_into_play,,,,,7,Luis García Jr. singles on a line drive to center fielder Pete Crow-Armstrong.,R,L,R,CHC,WSH,X,8.0,line_drive,1,2,2024,-1.14,0.48,-0.66,1.64,,,,2,1,Top,151.67,86.06,,,,,6.586649135716282,-118.26069636766536,-4.533190947028215,-11.872847582105116,20.53171388694951,-27.014671220053707,3.47,1.68,269.0,80.2,22.0,80.5,2181,5.6,746826,665804,683737,663538,676679,621020,664023,691718,641355,54.94,0.751,0.725,0.9,1.0,1.0,0.0,4.0,3,5,Changeup,0,0,0,0,0,0,0,0,Strategic,Standard,225,-0.012,0.408,69.9,7.9,0.89,-0.408,88.0,0,0,0.537,0.463,34,24,35,24,1,0,6.0,4.0,7.0,1.0,2.95,1.14,-1.14,46.2,17.246172880403265,-2.1094126646995424,30.180707450683677,46.92180317342589,39.40720446285785
FF,2024-09-21,87.1,-2.78,5.96,"Hendricks, Kyle",671277,543294,,foul,,,,,11,Luis García Jr. singles on a line drive to center fielder Pete Crow-Armstrong.,R,L,R,CHC,WSH,S,,,1,2,2024,-0.6,1.18,-0.18,3.66,,,,2,1,Top,,,,,,,7.3709708538870204,-126.78224497323464,-1.8337545069602263,-7.845645450125405,22.776861190193895,-19.13006905109993,3.47,1.68,154.0,78.6,66.0,86.5,2049,5.6,746826,665804,683737,663538,676679,621020,664023,691718,641355,54.91,,,,,,,,3,4,4-Seam Fastball,0,0,0,0,0,0,0,0,Infield shade,Standard,217,0.0,0.0,70.5,7.0,,0.0,88.0,0,0,0.537,0.463,34,24,35,24,1,0,6.0,4.0,7.0,1.0,1.79,0.6,-0.6,41.2,7.07080326008796,6.784140691672875,19.010701238894764,41.766994131815125,25.348923025170865
CH,2024-09-21,80.7,-2.72,6.1,"Hendricks, Kyle",671277,543294,,foul,,,,,13,Luis García Jr. singles on a line drive to center fielder Pete Crow-Armstrong.,R,L,R,CHC,WSH,S,,,1,1,2024,-1.1,0.47,-1.34,1.79,,,,2,1,Top,,,,,,,5.068192737409439,-117.4324868131144,-3.870785955097646,-11.087663394571464,19.84084426643521,-27.309864559897505,3.47,1.68,4.0,57.5,-22.0,80.0,2204,5.5,746826,665804,683737,663538,676679,621020,664023,691718,641355,54.97,,,,,,,,3,3,Changeup,0,0,0,0,0,0,0,0,Strategic,Standard,231,0.0,-0.064,64.5,8.3,,0.064,88.0,0,0,0.537,0.463,34,24,35,24,1,0,6.0,4.0,7.0,1.0,3.0,1.1,-1.1,44.0,14.093138447766446,-3.9800196941881207,32.49319422960081,54.56798421428378,35.05793967337937
FF,2024-09-21,86.9,-2.71,6.01,"Hendricks, Kyle",671277,543294,,called_strike,,,,,8,Luis García Jr. singles on a line drive to center fielder Pete Crow-Armstrong.,R,L,R,CHC,WSH,S,,,1,0,2024,-0.44,1.02,-0.19,1.95,,,,2,1,Top,,,,,,,6.829466699794643,-126.41829595440691,-5.677654252034451,-5.927685510382353,21.02192232767957,-20.28364771684151,3.17,1.51,,,,86.5,2090,5.6,746826,665804,683737,663538,676679,621020,664023,691718,641355,54.88,,,,,,,,3,2,4-Seam Fastball,0,0,0,0,0,0,0,0,Strategic,Standard,218,0.0,-0.051,,,,0.051,,0,0,0.537,0.463,34,24,35,24,1,0,6.0,4.0,7.0,1.0,1.96,0.44,-0.44,43.2,,,,,
SI,2024-09-21,87.0,-2.72,6.01,"Hendricks, Kyle",671277,543294,,ball,,,,,14,Luis García Jr. singles on a line drive to center fielder Pete Crow-Armstrong.,R,L,R,CHC,WSH,B,,,0,0,2024,-0.89,0.58,0.45,1.32,,,,2,1,Top,,,,,,,9.32889034823094,-126.43968817127887,-6.302579310412136,-11.248490244165806,20.40225945882694,-24.902280613436066,3.08,1.45,,,,86.7,2076,5.7,746826,665804,683737,663538,676679,621020,664023,691718,641355,54.77,,,,,,,,3,1,Sinker,0,0,0,0,0,0,0,0,Strategic,Standard,215,0.0,0.04,,,,-0.04,,0,0,0.537,0.463,34,24,35,24,1,0,6.0,4.0,7.0,1.0,2.39,0.89,-0.89,43.4,,,,,
CH,2024-09-21,80.1,-2.58,6.21,"Hendricks, Kyle",695578,543294,strikeout,swinging_strike,,,,,13,James Wood strikes out swinging.,R,L,R,CHC,WSH,S,2.0,,1,2,2024,-0.86,0.56,-0.15,1.18,,,,1,1,Top,,,,,,,6.888239619502297,-116.44600708147983,-5.490206867906768,-9.005585819099498,18.385722651563604,-26.321362550251,3.72,1.77,,,,79.6,2126,5.6,746826,665804,683737,663538,676679,621020,664023,691718,641355,54.86,,0.0,0.0,1.0,0.0,0.0,,2,4,Changeup,0,0,0,0,0,0,0,0,Strategic,Standard,223,0.015,-0.182,78.6,8.7,,0.182,,0,0,0.522,0.478,34,21,35,22,1,0,6.0,1.0,7.0,1.0,2.96,0.86,-0.86,45.5,23.489938196159603,-8.9614666006335,42.00138224821834,42.015146037160186,44.04075905086623
CH,2024-09-21,81.0,-2.7,6.17,"Hendricks, Kyle",695578,543294,,called_strike,,,,,4,James Wood strikes out swinging.,R,L,R,CHC,WSH,S,,,1,1,2024,-1.04,0.6,-0.81,2.49,,,,1,1,Top,,,,,,,6.101839118082869,-117.89723713118116,-2.7860516961258024,-10.815268677924111,19.79660515676352,-26.25732077241236,3.66,1.67,,,,80.3,2213,5.5,746826,665804,683737,663538,676679,621020,664023,691718,641355,54.98,,,,,,,,2,3,Changeup,0,0,0,0,0,0,0,0,Strategic,Standard,228,0.0,-0.061,,,,0.061,,0,0,0.522,0.478,34,21,35,22,1,0,6.0,1.0,7.0,1.0,2.84,1.04,-1.04,45.7,,,,,
CH,2024-09-21,80.8,-2.76,6.16,"Hendricks, Kyle",695578,543294,,ball,,,,,13,James Wood strikes out swinging.,R,L,R,CHC,WSH,B,,,0,1,2024,-1.01,0.64,-1.24,2.27,,,,1,1,Top,,,,,,,5.202041198588846,-117.65284100028,-3.299753988505332,-10.29549792692573,18.88326445347681,-25.75583749031304,3.65,1.66,,,,80.2,2174,5.5,746826,665804,683737,663538,676679,621020,664023,691718,641355,55.0,,,,,,,,2,2,Changeup,0,0,0,0,0,0,0,0,Strategic,Standard,225,0.0,0.024,,,,-0.024,,0,0,0.522,0.478,34,21,35,22,1,0,6.0,1.0,7.0,1.0,2.8,1.01,-1.01,45.6,,,,,
SI,2024-09-21,86.4,-2.68,6.07,"Hendricks, Kyle",695578,543294,,called_strike,,,,,7,James Wood strikes out swinging.,R,L,R,CHC,WSH,S,,,0,0,2024,-1.0,0.73,-0.77,1.86,,,,1,1,Top,,,,,,,6.503620563432792,-125.79286854415903,-5.336521257043509,-11.900297803095334,21.26831746243513,-23.58439530179276,3.79,1.74,,,,85.9,2021,5.6,746826,665804,683737,663538,676679,621020,664023,691718,641355,54.9,,,,,,,,2,1,Sinker,0,0,0,0,0,0,0,0,Strategic,Standard,212,0.0,-0.037,,,,0.037,,0,0,0.522,0.478,34,21,35,22,1,0,6.0,1.0,7.0,1.0,2.28,1.0,-1.0,44.3,,,,,
CU,2024-09-21,74.4,-2.67,6.07,"Hendricks, Kyle",686611,543294,field_out,hit_into_play,,,,,14,"Dylan Crews grounds out, third baseman Luis Vazquez to first baseman Michael Busch.",R,R,R,CHC,WSH,X,5.0,ground_ball,0,2,2024,1.13,-0.89,0.83,1.81,,,,0,1,Top,97.77,168.31,,,,,5.166991856530872,-108.3649174359198,-0.0129576787446474,8.015908129160374,18.391840345612746,-39.3796219427968,3.1,1.38,5.0,69.3,-22.0,73.7,2877,5.6,746826,665804,683737,663538,676679,621020,664023,691718,641355,54.86,0.029,0.062,0.0,1.0,0.0,0.0,2.0,1,3,Curveball,0,0,0,0,0,0,0,0,Standard,Standard,41,0.022,-0.163,67.8,8.1,0.029,0.163,88.0,0,0,0.5,0.5,34,22,35,22,1,0,6.0,1.0,7.0,1.0,4.99,-1.13,-1.13,45.6,14.10188111637324,-16.84642256924599,20.98377963254218,46.10606793915527,36.32174423086485
CH,2024-09-21,79.0,-2.59,6.12,"Hendricks, Kyle",686611,543294,,swinging_strike,,,,,5,"Dylan Crews grounds out, third baseman Luis Vazquez to first baseman Michael Busch.",R,R,R,CHC,WSH,S,,,0,1,2024,-0.29,1.09,0.08,2.52,,,,0,1,Top,,,,,,,6.302713451789415,-115.09337317829689,-3.207111520611615,-3.534231730840665,16.13799421182406,-22.00651118488037,3.1,1.38,,,,79.0,2121,5.7,746826,665804,683737,663538,676679,621020,664023,691718,641355,54.83,,,,,,,,1,2,Changeup,0,0,0,0,0,0,0,0,Standard,Standard,226,0.0,-0.054,73.7,8.1,,0.054,,0,0,0.5,0.5,34,22,35,22,1,0,6.0,1.0,7.0,1.0,2.48,0.29,0.29,44.3,23.814771027547923,-27.9688298713463,26.45771291039952,36.898188129711656,46.18400956409184
FF,2024-09-21,85.9,-2.8,5.98,"Hendricks, Kyle",686611,543294,,foul,,,,,5,"Dylan Crews grounds out, third baseman Luis Vazquez to first baseman Michael Busch.",R,R,R,CHC,WSH,S,,,0,0,2024,-0.21,1.26,0.22,2.46,,,,0,1,Top,,,,,,,7.500649031077849,-124.8987017992588,-4.647005703192665,-3.559178899428954,22.042348573196016,-18.202421298238608,3.1,1.38,246.0,73.1,43.0,85.4,2039,5.7,746826,665804,683737,663538,676679,621020,664023,691718,641355,54.78,,,,,,,,1,1,4-Seam Fastball,0,0,0,0,0,0,0,0,Standard,Standard,214,0.0,-0.037,71.2,7.8,,0.037,88.0,0,0,0.5,0.5,34,22,35,22,1,0,6.0,1.0,7.0,1.0,1.8,0.21,0.21,42.0,13.927197474370468,-12.352675462920336,28.26944753142133,39.35474181725553,34.61545263643218
CH,2024-09-15,81.4,-2.84,6.01,"Hendricks, Kyle",669911,543294,field_out,hit_into_play,,,,,7,Michael Toglia flies out sharply to center fielder Pete Crow-Armstrong.,R,L,R,COL,CHC,X,8.0,fly_ball,1,1,2024,-0.68,0.5,-0.64,2.15,,,,2,6,Bot,137.94,29.77,,,,,6.139201427225712,-118.5838148978807,-3.11085417105061,-7.500274626461116,19.62423291596024,-27.03587729091236,3.71,1.78,418.0,100.1,30.0,80.8,2239,5.5,746506,665804,683737,663538,670623,621020,664023,691718,641355,55.0,0.497,0.906,0.0,1.0,0.0,0.0,6.0,54,3,Changeup,1,2,1,2,2,1,1,2,Infield shade,Standard,225,-0.019,-0.244,73.2,8.1,1.719,0.244,100.1,-1,-1,0.319,0.319,34,25,35,26,3,2,6.0,1.0,6.0,1.0,2.89,0.68,-0.68,45.0,18.49402870923289,3.5252590350321777,38.39303279977037,45.75097539399775,28.272471704832963
CH,2024-09-15,81.4,-2.73,6.03,"Hendricks, Kyle",669911,543294,,ball,,,,,13,Michael Toglia flies out sharply to center fielder Pete Crow-Armstrong.,R,L,R,COL,CHC,B,,,0,1,2024,-0.73,0.56,-0.56,1.22,,,,2,6,Bot,,,,,,,6.2056200882803125,-118.4050365850687,-5.313314881199819,-7.993071881666134,19.82689952957856,-26.079989452953804,3.7,1.82,,,,80.9,2180,5.7,746506,665804,683737,663538,670623,621020,664023,691718,641355,54.78,,,,,,,,54,2,Changeup,1,2,1,2,2,1,1,2,Infield shade,Standard,221,0.0,0.029,,,,-0.029,,-1,-1,0.319,0.319,34,25,35,26,3,2,6.0,1.0,6.0,1.0,2.84,0.73,-0.73,46.0,,,,,
CU,2024-09-15,74.6,-2.75,6.01,"Hendricks, Kyle",669911,543294,,called_strike,,,,,9,Michael Toglia flies out sharply to center fielder Pete Crow-Armstrong.,R,L,R,COL,CHC,S,,,0,0,2024,1.23,-0.54,0.4,2.29,,,,2,6,Bot,,,,,,,4.26203353747108,-108.69625377775036,0.3521607480223663,9.25968344273984,16.058824032542702,-36.75970081689522,3.69,1.81,,,,74.2,2907,5.5,746506,665804,683737,663538,670623,621020,664023,691718,641355,54.96,,,,,,,,54,1,Curveball,1,2,1,2,2,1,1,2,Infield shade,Standard,47,0.0,-0.041,,,,0.041,,-1,-1,0.319,0.319,34,25,35,26,3,2,6.0,1.0,6.0,1.0,4.58,-1.23,1.23,44.1,,,,,
CH,2024-09-15,81.7,-2.87,6.07,"Hendricks, Kyle",641857,543294,field_out,hit_into_play,,,,,13,"Ryan McMahon grounds out, second baseman Nico Hoerner to first baseman Michael Busch.",R,L,R,COL,CHC,X,4.0,ground_ball,1,2,2024,-0.76,0.31,-0.98,1.5,,,,1,6,Bot,146.72,152.43,,,,,5.636023042728314,-119.02076269207367,-4.470222136977407,-8.21173282481027,16.908719718067154,-28.6613462631842,3.37,1.61,6.0,70.8,-14.0,81.5,2288,5.6,746506,665804,683737,663538,670623,621020,664023,691718,641355,54.95,0.04,0.048,0.0,1.0,0.0,0.0,2.0,53,4,Changeup,1,2,1,2,2,1,1,2,Infield shade,Strategic,220,-0.028,-0.182,70.9,8.1,0.04,0.182,88.0,-1,-1,0.347,0.347,34,29,35,30,3,2,6.0,1.0,6.0,1.0,3.03,0.76,-0.76,45.8,14.554530239722316,-0.8964297346541519,38.44335807524826,52.97165922038538,27.448488248391016
FF,2024-09-15,87.6,-2.8,5.98,"Hendricks, Kyle",641857,543294,,called_strike,,,,,7,"Ryan McMahon grounds out, second baseman Nico Hoerner to first baseman Michael Busch.",R,L,R,COL,CHC,S,,,1,1,2024,-0.24,0.86,-0.64,2.22,,,,1,6,Bot,,,,,,,5.630243709574335,-127.72977173744002,-4.866513432383933,-3.4810156774256966,18.215484442876477,-21.999599332265277,3.56,1.64,,,,87.6,1936,5.5,746506,665804,683737,663538,670623,621020,664023,691718,641355,54.99,,,,,,,,53,3,4-Seam Fastball,1,2,1,2,2,1,1,2,Infield shade,Strategic,211,0.0,-0.061,,,,0.061,,-1,-1,0.347,0.347,34,29,35,30,3,2,6.0,1.0,6.0,1.0,2.03,0.24,-0.24,45.9,,,,,
CU,2024-09-15,73.9,-2.89,6.06,"Hendricks, Kyle",641857,543294,,ball,,,,,11,"Ryan McMahon grounds out, second baseman Nico Hoerner to first baseman Michael Busch.",R,L,R,COL,CHC,B,,,0,1,2024,1.21,-0.48,-1.86,3.09,,,,1,6,Bot,,,,,,,-0.0089891138190795,-107.72702469138903,1.811308295675196,9.570930440929208,14.530484943833864,-36.36491849726883,3.51,1.66,,,,73.6,2910,5.5,746506,665804,683737,663538,670623,621020,664023,691718,641355,55.01,,,,,,,,53,2,Curveball,1,2,1,2,2,1,1,2,Infield shade,Strategic,45,0.0,0.024,,,,-0.024,,-1,-1,0.347,0.347,34,29,35,30,3,2,6.0,1.0,6.0,1.0,4.56,-1.21,1.21,46.1,,,,,
CH,2024-09-15,80.7,-2.78,6.07,"Hendricks, Kyle",641857,543294,,called_strike,,,,,1,"Ryan McMahon grounds out, second baseman Nico Hoerner to first baseman Michael Busch.",R,L,R,COL,CHC,S,,,0,0,2024,-0.6,0.83,-0.47,3.11,,,,1,6,Bot,,,,,,,6.200871651719159,-117.52067221396734,-1.6479101876018665,-6.613270550377016,17.577423392696407,-24.251367244021772,3.51,1.66,,,,80.5,2224,5.6,746506,665804,683737,663538,670623,621020,664023,691718,641355,54.86,,,,,,,,53,1,Changeup,1,2,1,2,2,1,1,2,Infield shade,Strategic,222,0.0,-0.037,,,,0.037,,-1,-1,0.347,0.347,34,29,35,30,3,2,6.0,1.0,6.0,1.0,2.6,0.6,-0.6,44.9,,,,,
FF,2024-09-15,87.0,-2.95,5.91,"Hendricks, Kyle",686668,543294,strikeout,swinging_strike,,,,,11,Brenton Doyle strikes out swinging.,R,R,R,COL,CHC,S,2.0,,2,2,2024,-0.13,0.61,-0.51,3.82,,,,0,6,Bot,,,,,,,6.061595421298902,-126.80343680260364,-0.2056475624165765,-2.408328268544152,21.28381441148676,-25.612943065659763,3.37,1.61,,,,86.7,2067,5.6,746506,665804,683737,663538,670623,621020,664023,691718,641355,54.9,,0.0,0.0,1.0,0.0,0.0,,52,5,4-Seam Fastball,1,2,1,2,2,1,1,2,Standard,Standard,209,-0.04,-0.227,67.1,5.7,,0.227,,-1,-1,0.387,0.387,34,26,35,26,3,2,6.0,1.0,6.0,1.0,2.35,0.13,0.13,42.4,4.19141765556879,25.718243538222257,27.871694604710463,29.86669278931628,15.365610666989651
CH,2024-09-15,80.3,-2.67,6.11,"Hendricks, Kyle",686668,543294,,ball,,,,,14,Brenton Doyle strikes out swinging.,R,R,R,COL,CHC,B,,,1,2,2024,-0.17,0.62,1.35,2.15,,,,0,6,Bot,,,,,,,9.095788661393932,-116.6831178984793,-3.3146328346353604,-3.005271994437666,18.17515028114343,-26.07373170954716,3.5,1.76,,,,79.8,2172,5.6,746506,665804,683737,663538,670623,621020,664023,691718,641355,54.87,,,,,,,,52,4,Changeup,1,2,1,2,2,1,1,2,Standard,Standard,220,0.0,0.04,,,,-0.04,,-1,-1,0.387,0.387,34,26,35,26,3,2,6.0,1.0,6.0,1.0,2.88,0.17,0.17,46.0,,,,,
CU,2024-09-15,73.6,-2.8,6.07,"Hendricks, Kyle",686668,543294,,foul,,,,,4,Brenton Doyle strikes out swinging.,R,R,R,COL,CHC,S,,,1,1,2024,1.29,-0.82,-0.72,2.44,,,,0,6,Bot,,,,,,,1.973958750683536,-107.1679486854491,1.2615453793245257,9.62770642163947,17.58593800413367,-38.906697880078376,3.37,1.61,4.0,84.7,-28.0,72.8,2940,5.5,746506,665804,683737,663538,670623,621020,664023,691718,641355,54.96,,,,,,,,52,3,Curveball,1,2,1,2,2,1,1,2,Standard,Standard,49,0.0,-0.056,74.4,7.7,,0.056,88.0,-1,-1,0.387,0.387,34,26,35,26,3,2,6.0,1.0,6.0,1.0,5.0,-1.29,-1.29,46.0,27.14124380287705,-23.39782894926978,37.43852208588791,28.38869627938968,41.6830427797573
SI,2024-09-15,87.7,-2.81,5.94,"Hendricks, Kyle",686668,543294,,called_strike,,,,,13,Brenton Doyle strikes out swinging.,R,R,R,COL,CHC,S,,,1,0,2024,-1.09,0.25,-0.86,1.51,,,,0,6,Bot,,,,,,,6.892127673176161,-127.61251414453008,-5.138269819495092,-13.288814205649985,21.94858146278184,-28.723263473873125,3.37,1.7,,,,87.3,1957,5.6,746506,665804,683737,663538,670623,621020,664023,691718,641355,54.85,,,,,,,,52,2,Sinker,1,2,1,2,2,1,1,2,Standard,Standard,208,0.0,-0.049,,,,0.049,,-1,-1,0.387,0.387,34,26,35,26,3,2,6.0,1.0,6.0,1.0,2.68,1.09,1.09,42.4,,,,,
CH,2024-09-15,79.9,-2.76,6.13,"Hendricks, Kyle",686668,543294,,ball,,,,,14,Brenton Doyle strikes out swinging.,R,R,R,COL,CHC,B,,,0,0,2024,-0.11,0.53,0.95,1.67,,,,0,6,Bot,,,,,,,8.293930452264696,-116.25916868380196,-4.202978007294016,-2.2004981035440845,17.091150030033262,-26.8134476477866,3.51,1.77,,,,79.9,2230,5.8,746506,665804,683737,663538,670623,621020,664023,691718,641355,54.72,,,,,,,,52,1,Changeup,1,2,1,2,2,1,1,2,Standard,Standard,218,0.0,0.038,,,,-0.038,,-1,-1,0.387,0.387,34,26,35,26,3,2,6.0,1.0,6.0,1.0,2.98,0.11,0.11,46.5,,,,,
CH,2024-09-15,82.0,-2.77,6.06,"Hendricks, Kyle",595909,543294,field_out,hit_into_play,,,,,7,"Jake Cave grounds out, second baseman Nico Hoerner to first baseman Michael Busch.",R,L,R,COL,CHC,X,4.0,ground_ball,0,1,2024,-0.94,0.42,-0.78,2.1,666134.0,668845.0,678662.0,2,5,Bot,152.78,154.25,,,,,6.210140418190436,-119.37360686467647,-3.280116274647303,-10.083536825928611,18.690710718369576,-27.748899502531312,3.31,1.57,8.0,94.6,-14.0,81.4,2291,5.5,746506,665804,683737,663538,670623,621020,664023,691718,641355,55.04,0.171,0.194,0.0,1.0,0.0,0.0,2.0,46,2,Changeup,1,2,1,2,2,1,1,2,Standard,Standard,228,-0.111,-0.234,64.7,7.2,0.18,0.234,94.6,-1,-1,0.444,0.444,34,31,35,32,3,2,6.0,1.0,6.0,5.0,2.92,0.94,-0.94,43.3,10.592592115942937,8.704727930861726,34.870493561232934,44.53096609224985,22.499996365835223
CH,2024-09-15,82.0,-2.64,6.13,"Hendricks, Kyle",595909,543294,,swinging_strike,,,,,1,"Jake Cave grounds out, second baseman Nico Hoerner to first baseman Michael Busch.",R,L,R,COL,CHC,S,,,0,0,2024,-0.91,0.57,-0.33,2.93,666134.0,668845.0,678662.0,2,5,Bot,,,,,,,6.872633987279645,-119.37781309344514,-1.9301813092862103,-9.8177525357164,17.3441040607814,-26.4707926705395,3.31,1.57,,,,81.8,2200,5.6,746506,665804,683737,663538,670623,621020,664023,691718,641355,54.9,,,,,,,,46,1,Changeup,1,2,1,2,2,1,1,2,Standard,Standard,223,0.0,-0.044,70.2,6.6,,0.044,,-1,-1,0.444,0.444,34,31,35,32,3,2,6.0,1.0,6.0,5.0,2.75,0.91,-0.91,47.0,10.272581481986748,15.971566489531664,34.554472738081,40.53427993320777,19.074692909533606
CH,2024-09-15,80.6,-2.57,6.01,"Hendricks, Kyle",678662,543294,walk,blocked_ball,,,,,14,Ezequiel Tovar walks. Aaron Schunk to 2nd.,R,R,R,COL,CHC,B,,,3,2,2024,-0.15,0.62,1.87,0.44,666134.0,,668845.0,2,5,Bot,,,,,,,10.035324804356062,-117.07141980835192,-6.988851335130659,-2.803494830623382,16.486399289462724,-25.41850354869674,3.22,1.51,,,,80.6,2218,5.8,746506,665804,683737,663538,670623,621020,664023,691718,641355,54.65,,0.689131,0.7,1.0,0.0,0.0,,45,6,Changeup,1,2,1,2,2,1,1,2,Standard,Standard,235,0.036,0.178,,,,-0.178,,-1,-1,0.408,0.408,34,22,35,23,3,2,6.0,1.0,6.0,1.0,2.83,0.15,0.15,46.2,,,,,
CH,2024-09-15,80.2,-2.59,6.07,"Hendricks, Kyle",678662,543294,,ball,,,,,14,Ezequiel Tovar walks. Aaron Schunk to 2nd.,R,R,R,COL,CHC,B,,,2,2,2024,-0.09,0.39,1.12,0.94,666134.0,,668845.0,2,5,Bot,,,,,,,8.274132369235966,-116.6299081658113,-5.485052022939108,-2.021176179023245,16.44792612010413,-27.880895533846537,3.24,1.57,,,,80.0,2227,5.6,746506,665804,683737,663538,670623,621020,664023,691718,641355,54.89,,,,,,,,45,5,Changeup,1,2,1,2,2,1,1,2,Standard,Standard,241,0.0,0.08,,,,-0.08,,-1,-1,0.408,0.408,34,22,35,23,3,2,6.0,1.0,6.0,1.0,3.09,0.09,0.09,46.5,,,,,
CH,2024-09-15,81.0,-2.65,6.01,"Hendricks, Kyle",678662,543294,,foul,,,,,9,Ezequiel Tovar walks. Aaron Schunk to 2nd.,R,R,R,COL,CHC,S,,,2,1,2024,-0.35,0.95,0.64,1.63,666134.0,,668845.0,2,5,Bot,,,,,,,7.896941914509586,-117.80331093588414,-4.997839007696386,-4.566495444061315,18.77672766986168,-22.563534254297316,3.17,1.47,192.0,66.8,41.0,80.4,2141,5.6,746506,665804,683737,663538,670623,621020,664023,691718,641355,54.92,,,,,,,,45,4,Changeup,1,2,1,2,2,1,1,2,Standard,Standard,225,0.0,-0.057,67.5,8.6,,0.057,88.0,-1,-1,0.408,0.408,34,22,35,23,3,2,6.0,1.0,6.0,1.0,2.48,0.35,0.35,45.2,17.06759886196237,-15.333134222519876,39.78431254075859,40.40126620314868,37.80167486061502
CU,2024-09-15,73.6,-2.68,6.05,"Hendricks, Kyle",678662,543294,,called_strike,,,,,1,Ezequiel Tovar walks. Aaron Schunk to 2nd.,R,R,R,COL,CHC,S,,,2,0,2024,0.81,-0.87,-0.68,2.88,666134.0,,668845.0,2,5,Bot,,,,,,,2.617685559134953,-107.25790829594592,2.2284717003922543,5.840138688340523,17.210184675134812,-39.48055622451994,3.23,1.53,,,,72.8,2768,5.5,746506,665804,683737,663538,670623,621020,664023,691718,641355,55.05,,,,,,,,45,3,Curveball,1,2,1,2,2,1,1,2,Standard,Standard,48,0.0,-0.08,,,,0.08,,-1,-1,0.408,0.408,34,22,35,23,3,2,6.0,1.0,6.0,1.0,5.04,-0.81,-0.81,46.1,,,,,
CU,2024-09-15,73.5,-2.6,6.03,"Hendricks, Kyle",678662,543294,,ball,,,,,14,Ezequiel Tovar walks. Aaron Schunk to 2nd.,R,R,R,COL,CHC,B,,,1,0,2024,0.93,-0.59,1.5,2.36,666134.0,,668845.0,2,5,Bot,,,,,,,6.616371109611848,-106.8979178876582,0.798947752738616,6.132555348542534,16.528123628443826,-37.02976565172265,3.27,1.57,,,,73.0,2769,5.7,746506,665804,683737,663538,670623,621020,664023,691718,641355,54.77,,,,,,,,45,2,Curveball,1,2,1,2,2,1,1,2,Standard,Standard,45,0.0,0.06,,,,-0.06,,-1,-1,0.408,0.408,34,22,35,23,3,2,6.0,1.0,6.0,1.0,4.77,-0.93,-0.93,45.5,,,,,
CH,2024-09-15,80.7,-2.64,6.07,"Hendricks, Kyle",678662,543294,,blocked_ball,,,,,14,Ezequiel Tovar walks. Aaron Schunk to 2nd.,R,R,R,COL,CHC,B,,,0,0,2024,-0.12,0.57,1.64,0.83,666134.0,,668845.0,2,5,Bot,,,,,,,9.610180335144593,-117.2414204237804,-6.145132503948021,-2.517994528111624,16.918843673286226,-26.03615505842803,3.44,1.63,,,,80.4,2003,5.7,746506,665804,683737,663538,670623,621020,664023,691718,641355,54.84,,,,,,,,45,1,Changeup,1,2,1,2,2,1,1,2,Standard,Standard,226,0.0,0.03,,,,-0.03,,-1,-1,0.408,0.408,34,22,35,23,3,2,6.0,1.0,6.0,1.0,2.88,0.12,0.12,46.1,,,,,
SI,2024-09-15,88.7,-2.59,6.02,"Hendricks, Kyle",668845,543294,single,hit_into_play,,,,,4,Aaron Schunk singles on a line drive to center fielder Pete Crow-Armstrong. Nolan Jones to 3rd.,R,R,R,COL,CHC,X,8.0,line_drive,3,2,2024,-0.91,0.54,-0.58,2.8,,,666134.0,2,5,Bot,121.54,92.57,,,,,6.753632996688216,-129.19944727872632,-3.107601686399072,-11.460834636023144,19.24839106251518,-25.64255352328037,3.37,1.58,242.0,77.4,19.0,88.9,2008,5.7,746506,665804,683737,663538,670623,621020,664023,691718,641355,54.76,0.989,0.914,0.9,1.0,1.0,0.0,4.0,44,6,Sinker,1,2,1,2,2,1,1,2,Standard,Standard,211,0.039,0.308,69.9,5.9,1.076,-0.308,88.0,-1,-1,0.369,0.369,34,26,35,27,2,1,6.0,1.0,6.0,3.0,2.28,0.91,0.91,40.7,-3.5647536730732896,2.5407291147751194,32.344433048755576,28.97797098846956,27.28378079592929
CH,2024-09-15,81.0,-2.62,6.13,"Hendricks, Kyle",668845,543294,,swinging_strike,,,,,4,Aaron Schunk singles on a line drive to center fielder Pete Crow-Armstrong. Nolan Jones to 3rd.,R,R,R,COL,CHC,S,,,3,1,2024,-0.35,0.7,-0.28,2.65,,,666134.0,2,5,Bot,,,,,,,5.826194322130605,-118.08754977107256,-2.674976708336752,-4.073935116928202,15.312172053740015,-25.23973130119105,3.37,1.58,,,,81.2,2180,5.6,746506,665804,683737,663538,670623,621020,664023,691718,641355,54.89,,,,,,,,44,5,Changeup,1,2,1,2,2,1,1,2,Standard,Standard,226,0.0,-0.065,75.6,7.4,,0.065,,-1,-1,0.369,0.369,34,26,35,27,2,1,6.0,1.0,6.0,3.0,2.67,0.35,0.35,45.8,15.660661121787223,-30.11405437509734,29.6472772036044,31.45849724115808,41.22792761297846
SI,2024-09-15,86.5,-2.6,6.02,"Hendricks, Kyle",668845,543294,,called_strike,,,,,4,Aaron Schunk singles on a line drive to center fielder Pete Crow-Armstrong. Nolan Jones to 3rd.,R,R,R,COL,CHC,S,,,3,0,2024,-0.97,0.58,-0.34,2.19,,,666134.0,2,5,Bot,,,,,,,7.273811001189162,-125.93695342179878,-4.196941499251187,-11.655257154871288,20.80525245451353,-25.31611742177609,3.32,1.63,,,,86.3,1973,5.7,746506,665804,683737,663538,670623,621020,664023,691718,641355,54.81,,,,,,,,44,4,Sinker,1,2,1,2,2,1,1,2,Standard,Standard,211,0.0,-0.046,,,,0.046,,-1,-1,0.369,0.369,34,26,35,27,2,1,6.0,1.0,6.0,3.0,2.41,0.97,0.97,44.0,,,,,
FF,2024-09-15,87.4,-2.63,5.89,"Hendricks, Kyle",668845,543294,,ball,,,,,14,Aaron Schunk singles on a line drive to center fielder Pete Crow-Armstrong. Nolan Jones to 3rd.,R,R,R,COL,CHC,B,,,2,0,2024,-0.27,0.86,0.99,1.26,,,666134.0,2,5,Bot,,,,,,,9.184668133409335,-127.0154005907597,-6.783048511708249,-4.614269868349708,22.395457351814184,-21.681915460191085,3.49,1.72,,,,86.9,2112,5.7,746506,665804,683737,663538,670623,621020,664023,691718,641355,54.8,,,,,,,,44,3,4-Seam Fastball,1,2,1,2,2,1,1,2,Standard,Standard,213,0.0,0.076,,,,-0.076,,-1,-1,0.369,0.369,34,26,35,27,2,1,6.0,1.0,6.0,3.0,2.1,0.27,0.27,43.7,,,,,
FF,2024-09-15,87.1,-2.53,6.01,"Hendricks, Kyle",668845,543294,,ball,,,,,12,Aaron Schunk singles on a line drive to center fielder Pete Crow-Armstrong. Nolan Jones to 3rd.,R,R,R,COL,CHC,B,,,1,0,2024,-0.37,0.97,0.17,3.76,,,666134.0,2,5,Bot,,,,,,,7.126753125521494,-126.76138251733693,-1.270765657533929,-5.322265586985671,23.101313902070896,-21.58472396944596,3.46,1.84,,,,86.4,1945,5.6,746506,665804,683737,663538,670623,621020,664023,691718,641355,54.94,,,,,,,,44,2,4-Seam Fastball,1,2,1,2,2,1,1,2,Standard,Standard,210,0.0,0.05,,,,-0.05,,-1,-1,0.369,0.369,34,26,35,27,2,1,6.0,1.0,6.0,3.0,2.01,0.37,0.37,44.1,,,,,
CH,2024-09-15,80.0,-2.62,6.07,"Hendricks, Kyle",668845,543294,,ball,,,,,14,Aaron Schunk singles on a line drive to center fielder Pete Crow-Armstrong. Nolan Jones to 3rd.,R,R,R,COL,CHC,B,,,0,0,2024,-0.1,0.62,1.56,1.2,,,666134.0,2,5,Bot,,,,,,,9.279256736269,-116.24028727821327,-5.215178967060282,-2.44155627534048,18.559687866665925,-25.774127372623724,3.46,1.69,,,,79.4,2173,5.6,746506,665804,683737,663538,670623,621020,664023,691718,641355,54.88,,,,,,,,44,1,Changeup,1,2,1,2,2,1,1,2,Standard,Standard,233,0.0,0.034,,,,-0.034,,-1,-1,0.369,0.369,34,26,35,27,2,1,6.0,1.0,6.0,3.0,2.91,0.1,0.1,45.5,,,,,
FF,2024-09-15,88.9,-2.81,5.88,"Hendricks, Kyle",666134,543294,walk,ball,,,,,11,Nolan Jones walks.,R,L,R,COL,CHC,B,,,3,2,2024,-0.23,0.69,-1.22,2.9,,,,2,5,Bot,,,,,,,4.322324575622296,-129.6256052287736,-2.8300866273458416,-3.3451621823684,21.004062101577475,-23.94032892873775,3.81,1.86,,,,88.8,2038,5.6,746506,665804,683737,663538,670623,621020,664023,691718,641355,54.88,,0.689131,0.7,1.0,0.0,0.0,,43,6,4-Seam Fastball,1,2,1,2,2,1,1,2,Infield shade,Strategic,210,0.02,0.267,,,,-0.267,,-1,-1,0.349,0.349,34,26,35,26,2,1,6.0,2.0,6.0,1.0,2.13,0.23,-0.23,41.9,,,,,
SI,2024-09-15,87.3,-2.7,5.99,"Hendricks, Kyle",666134,543294,,foul,,,,,3,Nolan Jones walks.,R,L,R,COL,CHC,S,,,3,1,2024,-0.72,0.52,0.48,3.15,,,,2,5,Bot,,,,,,,9.028592449799865,-127.09673068508268,-1.8930741032222131,-9.339115978676876,18.536264274134275,-26.328584196447142,3.69,1.74,185.0,62.6,48.0,87.3,2001,5.6,746506,665804,683737,663538,670623,621020,664023,691718,641355,54.86,,,,,,,,43,5,Sinker,1,2,1,2,2,1,1,2,Infield shade,Strategic,207,0.0,-0.089,64.3,5.5,,0.089,88.0,-1,-1,0.349,0.349,34,26,35,26,2,1,6.0,2.0,6.0,1.0,2.4,0.72,-0.72,44.4,-5.879800628929157,14.59345875741056,39.99591276743788,30.449514834209243,24.048933870552236
FF,2024-09-15,86.8,-2.86,5.83,"Hendricks, Kyle",666134,543294,,called_strike,,,,,7,Nolan Jones walks.,R,L,R,COL,CHC,S,,,3,0,2024,-0.24,0.95,-0.6,2.13,,,,2,5,Bot,,,,,,,5.822100890343449,-126.38066938674024,-4.65956102050302,-3.612828698374688,21.55939785313892,-21.19871316637848,3.86,1.83,,,,86.3,2055,5.6,746506,665804,683737,663538,670623,621020,664023,691718,641355,54.93,,,,,,,,43,4,4-Seam Fastball,1,2,1,2,2,1,1,2,Infield shade,Strategic,214,0.0,-0.058,,,,0.058,,-1,-1,0.349,0.349,34,26,35,26,2,1,6.0,2.0,6.0,1.0,2.03,0.24,-0.24,40.3,,,,,
CH,2024-09-15,81.0,-2.75,6.08,"Hendricks, Kyle",666134,543294,,ball,,,,,11,Nolan Jones walks.,R,L,R,COL,CHC,B,,,2,0,2024,-0.76,0.77,-0.88,4.01,,,,2,5,Bot,,,,,,,5.551677143660263,-117.96773537070996,0.4042956245372832,-8.096858144770103,18.23838338381941,-25.136761134634945,3.78,1.82,,,,80.7,2196,5.6,746506,665804,683737,663538,670623,621020,664023,691718,641355,54.91,,,,,,,,43,3,Changeup,1,2,1,2,2,1,1,2,Strategic,Strategic,222,0.0,0.109,,,,-0.109,,-1,-1,0.349,0.349,34,26,35,26,2,1,6.0,2.0,6.0,1.0,2.65,0.76,-0.76,45.4,,,,,
SI,2024-09-15,87.3,-2.89,6.0,"Hendricks, Kyle",666134,543294,,ball,,,,,13,Nolan Jones walks.,R,L,R,COL,CHC,B,,,1,0,2024,-0.7,0.42,-1.18,2.66,,,,2,5,Bot,,,,,,,5.475084512612651,-127.30176996196865,-2.8999920411554507,-8.612838547780369,19.20061143089209,-27.25646672136178,3.78,1.83,,,,87.2,1936,5.5,746506,665804,683737,663538,670623,621020,664023,691718,641355,54.98,,,,,,,,43,2,Sinker,1,2,1,2,2,1,1,2,Strategic,Strategic,212,0.0,0.068,,,,-0.068,,-1,-1,0.349,0.349,34,26,35,26,2,1,6.0,2.0,6.0,1.0,2.5,0.7,-0.7,44.3,,,,,
SI,2024-09-15,87.2,-2.7,5.95,"Hendricks, Kyle",666134,543294,,ball,,,,,12,Nolan Jones walks.,R,L,R,COL,CHC,B,,,0,0,2024,-0.72,0.54,0.09,4.08,,,,2,5,Bot,,,,,,,8.0641692527834,-127.03550475730847,0.3527630698451812,-9.103236599667447,17.879276110396766,-26.429831038952088,3.79,1.84,,,,87.3,1992,5.6,746506,665804,683737,663538,670623,621020,664023,691718,641355,54.89,,,,,,,,43,1,Sinker,1,2,1,2,2,1,1,2,Standard,Strategic,209,0.0,0.04,,,,-0.04,,-1,-1,0.349,0.349,34,26,35,26,2,1,6.0,2.0,6.0,1.0,2.38,0.72,-0.72,44.4,,,,,
FF,2024-09-15,88.0,-2.81,5.89,"Hendricks, Kyle",607732,543294,strikeout,swinging_strike,,,,,12,Jacob Stallings strikes out swinging.,R,R,R,COL,CHC,S,2.0,,1,2,2024,-0.42,0.94,0.0,3.51,,,,1,5,Bot,,,,,,,7.615121550510401,-128.1922807416687,-1.7547260386379562,-5.957491685339901,20.46655253239417,-21.532640126458336,3.31,1.53,,,,87.9,2010,5.7,746506,665804,683737,663538,670623,621020,664023,691718,641355,54.84,,0.0,0.0,1.0,0.0,0.0,,42,4,4-Seam Fastball,1,2,1,2,2,1,1,2,Standard,Standard,213,-0.024,-0.182,47.6,4.8,,0.182,,-1,-1,0.373,0.373,34,34,35,35,2,1,6.0,3.0,6.0,2.0,1.95,0.42,0.42,42.3,-6.181910359679919,50.20159596365651,27.42880544502458,36.82827084948242,3.260209605707382
SI,2024-09-15,88.2,-2.62,6.06,"Hendricks, Kyle",607732,543294,,swinging_strike,,,,,6,Jacob Stallings strikes out swinging.,R,R,R,COL,CHC,S,,,1,1,2024,-0.85,0.59,0.44,2.38,,,,1,5,Bot,,,,,,,9.088096769541144,-128.43642608084053,-4.2135919593519455,-10.963223887316808,18.66897490616023,-24.965833653398946,3.31,1.53,,,,88.3,2043,5.7,746506,665804,683737,663538,670623,621020,664023,691718,641355,54.82,,,,,,,,42,3,Sinker,1,2,1,2,2,1,1,2,Standard,Standard,206,0.0,-0.061,68.8,6.7,,0.061,,-1,-1,0.373,0.373,34,34,35,35,2,1,6.0,3.0,6.0,2.0,2.26,0.85,0.85,46.6,-0.0296668732024458,24.17433842114799,35.78403900535541,42.23549245199454,17.015047867791598
SI,2024-09-15,87.8,-2.74,5.97,"Hendricks, Kyle",607732,543294,,foul,,,,,4,Jacob Stallings strikes out swinging.,R,R,R,COL,CHC,S,,,1,0,2024,-0.8,0.59,-0.81,2.73,,,,1,5,Bot,,,,,,,6.242439030586412,-127.90067128336077,-3.066564909181778,-9.951861468360482,20.108857694220838,-25.24144587563908,3.31,1.53,93.0,70.1,74.0,87.7,2031,5.7,746506,665804,683737,663538,670623,621020,664023,691718,641355,54.84,,,,,,,,42,2,Sinker,1,2,1,2,2,1,1,2,Standard,Standard,209,0.0,-0.051,68.3,7.0,,0.051,88.0,-1,-1,0.373,0.373,34,34,35,35,2,1,6.0,3.0,6.0,2.0,2.3,0.8,0.8,44.2,13.169653609674327,-4.464046231546121,36.72870695945935,27.47069536700499,27.292976390867032
CU,2024-09-15,74.6,-2.69,6.05,"Hendricks, Kyle",607732,543294,,ball,,,,,9,Jacob Stallings strikes out swinging.,R,R,R,COL,CHC,B,,,0,0,2024,0.97,-0.79,0.74,1.81,,,,1,5,Bot,,,,,,,5.292800166290024,-108.60703014600284,-0.2368416273131464,6.925515911538765,16.326413798776514,-38.66696910057158,3.14,1.52,,,,74.1,3011,5.6,746506,665804,683737,663538,670623,621020,664023,691718,641355,54.89,,,,,,,,42,1,Curveball,1,2,1,2,2,1,1,2,Standard,Standard,45,0.0,0.039,,,,-0.039,,-1,-1,0.373,0.373,34,34,35,35,2,1,6.0,3.0,6.0,2.0,4.84,-0.97,-0.97,44.3,,,,,
FF,2024-09-15,87.8,-2.7,5.97,"Hendricks, Kyle",656541,543294,strikeout,swinging_strike,,,,,3,Sam Hilliard strikes out swinging.,R,L,R,COL,CHC,S,2.0,,0,2,2024,-0.11,1.02,0.66,3.62,,,,0,5,Bot,,,,,,,8.259450511540745,-127.8259788569044,-1.7807125682679104,-2.555069342345092,20.76406868050119,-20.69352491878931,3.59,1.69,,,,87.4,2133,5.5,746506,665804,683737,663538,670623,621020,664023,691718,641355,54.96,,0.0,0.0,1.0,0.0,0.0,,41,4,4-Seam Fastball,1,2,1,2,2,1,1,2,Infield shade,Strategic,210,-0.034,-0.163,79.8,7.4,,0.163,,-1,-1,0.407,0.407,34,30,35,30,2,1,6.0,1.0,6.0,3.0,1.88,0.11,-0.11,43.4,15.982743915816974,-21.27170155631534,17.421626391644214,27.955739541234628,40.58138796117584
CH,2024-09-15,80.3,-2.85,6.13,"Hendricks, Kyle",656541,543294,,foul,,,,,13,Sam Hilliard strikes out swinging.,R,L,R,COL,CHC,S,,,0,2,2024,-0.8,0.52,-1.14,2.2,,,,0,5,Bot,,,,,,,5.239808848772794,-116.9614450553379,-3.1432389494975577,-8.237076507578648,16.764786274477753,-26.992061827614744,3.59,1.69,170.0,68.9,65.0,80.3,2145,5.7,746506,665804,683737,663538,670623,621020,664023,691718,641355,54.82,,,,,,,,41,3,Changeup,1,2,1,2,2,1,1,2,Infield shade,Strategic,218,0.0,0.0,72.5,7.7,,0.0,88.0,-1,-1,0.407,0.407,34,30,35,30,2,1,6.0,1.0,6.0,3.0,2.94,0.8,-0.8,46.8,10.613926073180409,3.5128873169325026,28.37209049794952,47.41776482299563,28.50605322892164
CH,2024-09-15,80.7,-2.66,6.13,"Hendricks, Kyle",656541,543294,,foul,,,,,7,Sam Hilliard strikes out swinging.,R,L,R,COL,CHC,S,,,0,1,2024,-0.94,0.68,-0.45,1.97,,,,0,5,Bot,,,,,,,6.603333825806216,-117.4764651322574,-4.038295110124311,-9.774335668729382,16.611879904224093,-25.28630586315236,3.59,1.69,208.0,69.2,48.0,80.7,2174,5.7,746506,665804,683737,663538,670623,621020,664023,691718,641355,54.77,,,,,,,,41,2,Changeup,1,2,1,2,2,1,1,2,Infield shade,Strategic,221,0.0,-0.054,74.6,7.5,,0.054,88.0,-1,-1,0.407,0.407,34,30,35,30,2,1,6.0,1.0,6.0,3.0,2.74,0.94,-0.94,46.5,10.845527327922952,-0.7987437477829196,32.92538047924835,41.50179595840066,33.62071463346568
SI,2024-09-15,86.7,-2.81,5.98,"Hendricks, Kyle",656541,543294,,called_strike,,,,,13,Sam Hilliard strikes out swinging.,R,L,R,COL,CHC,S,,,0,0,2024,-0.85,0.49,-0.95,2.07,,,,0,5,Bot,,,,,,,6.1156139721117,-126.31158813991826,-4.260323847899524,-10.259864729809946,19.52127329208548,-26.28790879562827,3.52,1.63,,,,86.6,1930,5.6,746506,665804,683737,663538,670623,621020,664023,691718,641355,54.9,,,,,,,,41,1,Sinker,1,2,1,2,2,1,1,2,Strategic,Strategic,209,0.0,-0.037,,,,0.037,,-1,-1,0.407,0.407,34,30,35,30,2,1,6.0,1.0,6.0,3.0,2.47,0.85,-0.85,43.0,,,,,
CH,2024-09-15,81.9,-2.76,6.09,"Hendricks, Kyle",669911,543294,field_out,hit_into_play,,,,,13,Michael Toglia flies out to center fielder Pete Crow-Armstrong.,R,L,R,COL,CHC,X,8.0,fly_ball,0,1,2024,-1.07,0.33,-1.17,2.55,,,,2,4,Bot,120.62,53.49,,,,,5.579382320531424,-119.31434169573392,-2.193883510919982,-11.26396929019666,17.92874086089354,-28.8395033242924,3.71,1.78,361.0,92.6,26.0,81.7,2209,5.6,746506,665804,683737,663538,670623,621020,664023,691718,641355,54.92,0.134,0.166,0.0,1.0,0.0,0.0,3.0,37,2,Changeup,1,2,1,2,2,1,1,2,Infield shade,Standard,220,-0.013,-0.215,68.0,8.0,0.274,0.215,92.6,-1,-1,0.369,0.369,34,25,35,26,2,1,6.0,1.0,6.0,1.0,3.0,1.07,-1.07,45.9,16.31652574774569,6.60638733049693,31.126267698535507,52.1576003921797,25.067914931984756
SI,2024-09-15,87.0,-2.82,5.92,"Hendricks, Kyle",669911,543294,,called_strike,,,,,8,Michael Toglia flies out to center fielder Pete Crow-Armstrong.,R,L,R,COL,CHC,S,,,0,0,2024,-0.68,0.53,0.08,2.12,,,,2,4,Bot,,,,,,,8.240347448035996,-126.6941896883937,-4.139333452781853,-8.760745358511823,19.890676618374638,-25.882261204133457,3.71,1.75,,,,86.8,1966,5.6,746506,665804,683737,663538,670623,621020,664023,691718,641355,54.89,,,,,,,,37,1,Sinker,1,2,1,2,2,1,1,2,Infield shade,Standard,211,0.0,-0.041,,,,0.041,,-1,-1,0.369,0.369,34,25,35,26,2,1,6.0,1.0,6.0,1.0,2.42,0.68,-0.68,42.4,,,,,
SI,2024-09-15,86.4,-2.8,5.98,"Hendricks, Kyle",641857,543294,field_out,hit_into_play,,,,,14,"Ryan McMahon grounds out, shortstop Dansby Swanson to first baseman Michael Busch.",R,L,R,COL,CHC,X,6.0,ground_ball,0,1,2024,-0.87,0.58,0.4,1.44,,,,1,4,Bot,115.21,139.66,,,,,9.256610889119733,-125.59949172494092,-5.861703851714439,-10.78286438816968,18.27043308900828,-25.104389800605432,3.48,1.6,42.0,104.1,0.0,86.2,2001,5.6,746506,665804,683737,663538,670623,621020,664023,691718,641355,54.89,0.48,0.435,0.0,1.0,0.0,0.0,4.0,36,2,Sinker,1,2,1,2,2,1,1,2,Infield shade,Strategic,206,-0.022,-0.219,72.7,7.0,0.518,0.219,104.1,-1,-1,0.391,0.391,34,29,35,30,2,1,6.0,1.0,6.0,1.0,2.41,0.87,-0.87,46.1,-5.55375447691635,17.41848008533548,48.73968872029372,35.627853963367976,18.174368447206557
SI,2024-09-15,87.3,-2.73,5.92,"Hendricks, Kyle",641857,543294,,called_strike,,,,,7,"Ryan McMahon grounds out, shortstop Dansby Swanson to first baseman Michael Busch.",R,L,R,COL,CHC,S,,,0,0,2024,-0.84,0.54,-0.71,1.68,,,,1,4,Bot,,,,,,,6.504318780476687,-127.20988456522696,-5.2854754771828265,-10.230189196854967,18.92467355751132,-25.565563505482103,3.52,1.71,,,,87.5,1961,5.7,746506,665804,683737,663538,670623,621020,664023,691718,641355,54.77,,,,,,,,36,1,Sinker,1,2,1,2,2,1,1,2,Infield shade,Strategic,212,0.0,-0.037,,,,0.037,,-1,-1,0.391,0.391,34,29,35,30,2,1,6.0,1.0,6.0,1.0,2.38,0.84,-0.84,42.5,,,,,
CU,2024-09-15,73.0,-2.75,6.08,"Hendricks, Kyle",686668,543294,field_out,hit_into_play,,,,,8,"Brenton Doyle grounds out, third baseman Isaac Paredes to first baseman Michael Busch.",R,R,R,COL,CHC,X,5.0,ground_ball,1,0,2024,1.03,-0.54,0.06,1.82,,,,0,4,Bot,105.61,171.84,,,,,3.829811775153056,-106.39335636867132,-0.3655722043321208,7.289766905474132,16.98751895699935,-36.45916142980451,3.37,1.61,3.0,63.3,-36.0,72.4,2853,5.6,746506,665804,683737,663538,670623,621020,664023,691718,641355,54.89,0.1,0.114,0.0,1.0,0.0,0.0,2.0,35,2,Curveball,1,2,1,2,2,1,1,2,Standard,Standard,45,-0.03,-0.292,74.7,7.9,0.1,0.292,88.0,-1,-1,0.421,0.421,34,26,35,26,2,1,6.0,1.0,6.0,1.0,4.78,-1.03,-1.03,45.9,14.14054792687799,-23.52811855212668,33.70727634677276,36.93181235297277,44.99744020538836
CU,2024-09-15,73.9,-2.62,6.09,"Hendricks, Kyle",686668,543294,,ball,,,,,14,"Brenton Doyle grounds out, third baseman Isaac Paredes to first baseman Michael Busch.",R,R,R,COL,CHC,B,,,0,0,2024,1.04,-0.13,1.65,2.03,,,,0,4,Bot,,,,,,,6.805103700099199,-107.57593405307529,-0.8569573041335288,7.09014046860402,16.828247016131026,-33.242446727946565,3.47,1.77,,,,73.3,2827,5.6,746506,665804,683737,663538,670623,621020,664023,691718,641355,54.88,,,,,,,,35,1,Curveball,1,2,1,2,2,1,1,2,Standard,Standard,47,0.0,0.038,,,,-0.038,,-1,-1,0.421,0.421,34,26,35,26,2,1,6.0,1.0,6.0,1.0,4.27,-1.04,-1.04,43.9,,,,,
CH,2024-09-15,81.0,-2.7,6.04,"Hendricks, Kyle",595909,543294,field_out,hit_into_play,,,,,7,Jake Cave flies out to left fielder Ian Happ.,R,L,R,COL,CHC,X,7.0,fly_ball,1,0,2024,-0.96,0.41,-0.6,2.11,,666134.0,,2,3,Bot,64.54,118.5,,,,,6.423358172123418,-117.93593489340968,-3.028597339836302,-10.109811633266316,18.27485779202212,-27.96537995286108,3.31,1.57,251.0,82.3,54.0,80.5,2132,5.5,746506,665804,683737,663538,670623,621020,664023,691718,641355,55.02,0.003,0.003,0.0,1.0,0.0,0.0,3.0,30,2,Changeup,1,2,1,2,2,1,1,2,Strategic,Standard,222,-0.04,-0.315,71.0,7.4,0.003,0.315,88.0,-1,-1,0.411,0.411,34,31,35,32,2,1,6.0,1.0,6.0,5.0,3.01,0.96,-0.96,44.7,16.23949147287583,-2.8496187245530087,38.43158159156227,44.088171524984766,25.123240883107933
CH,2024-09-15,81.1,-2.67,6.0,"Hendricks, Kyle",595909,543294,,ball,,,,,13,Jake Cave flies out to left fielder Ian Happ.,R,L,R,COL,CHC,B,,,0,0,2024,-1.09,0.54,-1.1,1.91,,666134.0,,2,3,Bot,,,,,,,5.519132258155597,-118.18134085063976,-3.650341123319623,-11.254554849960682,18.364385301331843,-26.67154063761508,3.31,1.6,,,,80.6,2149,5.4,746506,665804,683737,663538,670623,621020,664023,691718,641355,55.07,,,,,,,,30,1,Changeup,1,2,1,2,2,1,1,2,Strategic,Standard,222,0.0,0.014,,,,-0.014,,-1,-1,0.411,0.411,34,31,35,32,2,1,6.0,1.0,6.0,5.0,2.87,1.09,-1.09,43.6,,,,,
FF,2024-09-15,87.7,-2.73,5.84,"Hendricks, Kyle",678662,543294,strikeout,swinging_strike,,,,,3,Ezequiel Tovar strikes out swinging.,R,R,R,COL,CHC,S,2.0,,3,2,2024,-0.44,0.7,0.77,2.98,,666134.0,,1,3,Bot,,,,,,,9.226048770193406,-127.57466676509809,-2.351701152609464,-6.399971473285427,20.54698165293385,-24.138818895110838,3.17,1.47,,,,87.2,2135,5.5,746506,665804,683737,663538,670623,621020,664023,691718,641355,54.97,,0.0,0.0,1.0,0.0,0.0,,29,7,4-Seam Fastball,1,2,1,2,2,1,1,2,Standard,Standard,212,-0.042,-0.291,69.4,6.3,,0.291,,-1,-1,0.453,0.453,34,22,35,23,2,1,6.0,1.0,6.0,1.0,2.21,0.44,0.44,41.1,-7.495245733788986,23.40036273675577,29.777910854087477,41.86406226238041,13.091290951228364
CH,2024-09-15,80.3,-2.58,6.08,"Hendricks, Kyle",678662,543294,,foul,,,,,6,Ezequiel Tovar strikes out swinging.,R,R,R,COL,CHC,S,,,3,2,2024,-0.45,0.74,0.33,2.52,,666134.0,,1,3,Bot,,,,,,,7.204920497564742,-116.96789551693152,-2.701411369425797,-5.330156996209578,17.716106679070712,-25.034198603788933,3.17,1.47,193.0,67.3,29.0,80.0,2205,5.6,746506,665804,683737,663538,670623,621020,664023,691718,641355,54.92,,,,,,,,29,6,Changeup,1,2,1,2,2,1,1,2,Standard,Standard,221,0.0,0.0,67.2,6.0,,0.0,88.0,-1,-1,0.453,0.453,34,22,35,23,2,1,6.0,1.0,6.0,1.0,2.73,0.45,0.45,46.2,-16.646608917273603,26.243065086733097,35.39869592770818,34.84445505604521,14.617061501392676
FF,2024-09-15,87.5,-2.75,5.86,"Hendricks, Kyle",678662,543294,,ball,,,,,11,Ezequiel Tovar strikes out swinging.,R,R,R,COL,CHC,B,,,2,2,2024,-0.53,0.99,-0.39,4.26,,666134.0,,1,3,Bot,,,,,,,6.687376753355231,-127.44169359240256,0.1396731750781922,-7.061961385201818,23.333111633256628,-21.52101717439137,2.85,1.33,,,,86.7,2085,5.5,746506,665804,683737,663538,670623,621020,664023,691718,641355,55.0,,,,,,,,29,5,4-Seam Fastball,1,2,1,2,2,1,1,2,Standard,Standard,215,0.0,0.074,,,,-0.074,,-1,-1,0.453,0.453,34,22,35,23,2,1,6.0,1.0,6.0,1.0,1.96,0.53,0.53,41.0,,,,,
SI,2024-09-15,87.4,-2.59,5.92,"Hendricks, Kyle",678662,543294,,swinging_strike,,,,,8,Ezequiel Tovar strikes out swinging.,R,R,R,COL,CHC,S,,,2,1,2024,-0.8,0.68,-0.06,1.64,,,666134.0,1,3,Bot,,,,,,,7.671412764279943,-127.21583676587568,-5.635763634956308,-10.08489739675288,20.82204733142649,-23.900428752919986,3.17,1.47,,,,87.2,2018,5.7,746506,665804,683737,663538,670623,621020,664023,691718,641355,54.8,,,,,,,,29,4,Sinker,1,2,1,2,2,1,1,2,Standard,Standard,206,0.02,-0.057,73.4,6.7,,0.057,,-1,-1,0.433,0.433,34,22,35,23,2,1,6.0,1.0,6.0,1.0,2.26,0.8,0.8,41.6,-10.540915245551536,10.788936032299494,49.3850004928565,30.34090002892676,14.461556264109785
FF,2024-09-15,87.8,-2.54,6.05,"Hendricks, Kyle",678662,543294,,swinging_strike,,,,,2,Ezequiel Tovar strikes out swinging.,R,R,R,COL,CHC,S,,,2,0,2024,-0.57,0.92,-0.06,2.88,,,666134.0,1,3,Bot,,,,,,,7.095467122198764,-127.84963482353888,-3.524861862286237,-7.603718263647621,22.46259418548941,-21.543585830374028,3.17,1.47,,,,87.2,2100,5.5,746506,665804,683737,663538,670623,621020,664023,691718,641355,54.95,,,,,,,,29,3,4-Seam Fastball,1,2,1,2,2,1,1,2,Standard,Standard,206,0.0,-0.057,73.8,6.2,,0.057,,-1,-1,0.433,0.433,34,22,35,23,2,1,6.0,1.0,6.0,1.0,2.0,0.57,0.57,45.7,-8.152056635064696,20.16309317612456,37.59798333393466,31.908613441407407,10.912342986311293
CH,2024-09-15,79.5,-2.59,6.03,"Hendricks, Kyle",678662,543294,,ball,,,,,9,Ezequiel Tovar strikes out swinging.,R,R,R,COL,CHC,B,,,1,0,2024,-0.4,0.65,0.7,1.51,,,666134.0,1,3,Bot,,,,,,,7.844974693071177,-115.6901335037159,-4.433900232848829,-4.853481808641298,18.26858509873169,-25.67651277307529,3.02,1.46,,,,78.9,2134,5.6,746506,665804,683737,663538,670623,621020,664023,691718,641355,54.94,,,,,,,,29,2,Changeup,1,2,1,2,2,1,1,2,Standard,Standard,228,0.0,0.056,,,,-0.056,,-1,-1,0.433,0.433,34,22,35,23,2,1,6.0,1.0,6.0,1.0,2.91,0.4,0.4,44.1,,,,,
SI,2024-09-15,87.4,-2.5,6.02,"Hendricks, Kyle",678662,543294,,ball,,,,,12,Ezequiel Tovar strikes out swinging.,R,R,R,COL,CHC,B,,,0,0,2024,-0.64,0.72,0.37,3.96,,,666134.0,1,3,Bot,,,,,,,8.120481815359607,-127.28055044931386,-0.4613714098377426,-8.31074509867037,20.1335811129212,-24.26487956916806,3.06,1.47,,,,87.1,2053,5.6,746506,665804,683737,663538,670623,621020,664023,691718,641355,54.95,,,,,,,,29,1,Sinker,1,2,1,2,2,1,1,2,Standard,Standard,209,0.0,0.036,,,,-0.036,,-1,-1,0.433,0.433,34,22,35,23,2,1,6.0,1.0,6.0,1.0,2.2,0.64,0.64,44.0,,,,,
FF,2024-09-15,87.4,-2.61,5.97,"Hendricks, Kyle",668845,543294,strikeout,swinging_strike,,,,,11,Aaron Schunk strikes out swinging.,R,R,R,COL,CHC,S,2.0,,1,2,2024,-0.37,1.0,-0.25,4.43,,,666134.0,0,3,Bot,,,,,,,6.361806810477954,-127.37173288554038,0.2414336215730353,-5.125808633392488,21.495875682161813,-21.349886200617235,3.37,1.58,,,,87.0,2087,5.5,746506,665804,683737,663538,670623,621020,664023,691718,641355,54.96,,0.0,0.0,1.0,0.0,0.0,,28,4,4-Seam Fastball,1,2,1,2,2,1,1,2,Standard,Standard,213,-0.041,-0.184,61.1,4.9,,0.184,,-1,-1,0.474,0.474,34,26,35,27,1,0,6.0,1.0,6.0,3.0,1.93,0.37,0.37,43.1,0.9006686064188207,17.344402957205737,15.0697976210294,32.58006512365639,19.76190420168198
CU,2024-09-15,71.6,-2.59,6.08,"Hendricks, Kyle",668845,543294,,called_strike,,,,,1,Aaron Schunk strikes out swinging.,R,R,R,COL,CHC,S,,,1,1,2024,1.36,-0.88,-0.6,2.84,,,666134.0,0,3,Bot,,,,,,,1.5981794924327797,-104.29308058443772,2.484685428670548,9.705463182725929,17.040592626317963,-39.22150345098848,3.33,1.59,,,,70.7,2885,5.5,746506,665804,683737,663538,670623,621020,664023,691718,641355,55.04,,,,,,,,28,3,Curveball,1,2,1,2,2,1,1,2,Standard,Standard,42,0.0,-0.049,,,,0.049,,-1,-1,0.474,0.474,34,26,35,27,1,0,6.0,1.0,6.0,3.0,5.31,-1.36,-1.36,43.8,,,,,
CU,2024-09-15,72.4,-2.53,6.04,"Hendricks, Kyle",668845,543294,,ball,,,,,14,Aaron Schunk strikes out swinging.,R,R,R,COL,CHC,B,,,0,1,2024,1.2,-0.61,2.12,2.38,,,666134.0,0,3,Bot,,,,,,,7.148725417749919,-105.3420963300286,1.0574250787994637,7.896306737987855,16.54128719587365,-37.098600252011785,3.32,1.62,,,,71.8,2857,5.6,746506,665804,683737,663538,670623,621020,664023,691718,641355,54.85,,,,,,,,28,2,Curveball,1,2,1,2,2,1,1,2,Standard,Standard,47,0.0,0.034,,,,-0.034,,-1,-1,0.474,0.474,34,26,35,27,1,0,6.0,1.0,6.0,3.0,4.93,-1.2,-1.2,44.5,,,,,
SI,2024-09-15,86.7,-2.59,6.04,"Hendricks, Kyle",668845,543294,,foul,,,,,1,Aaron Schunk strikes out swinging.,R,R,R,COL,CHC,S,,,0,0,2024,-0.71,0.61,-0.49,3.39,,,666134.0,0,3,Bot,,,,,,,6.377510455585411,-126.25780973332677,-1.5161963571743238,-8.720812398964288,20.426439374866543,-25.41781256603139,3.37,1.58,,,,86.4,1970,5.6,746506,665804,683737,663538,670623,621020,664023,691718,641355,54.9,,,,,,,,28,1,Sinker,1,2,1,2,2,1,1,2,Standard,Standard,207,0.0,-0.042,63.5,4.9,,0.042,,-1,-1,0.474,0.474,34,26,35,27,1,0,6.0,1.0,6.0,3.0,2.36,0.71,0.71,42.9,-10.287038727064246,19.33113365307496,33.67341648168186,30.34002652502816,18.852459254138665
CH,2024-09-15,81.0,-2.77,6.11,"Hendricks, Kyle",666134,543294,walk,ball,,,,,11,Nolan Jones walks.,R,L,R,COL,CHC,B,,,3,2,2024,-0.89,0.5,-1.33,3.15,,,,0,3,Bot,,,,,,,4.869020833970385,-118.0692088434932,-1.0546984634514225,-9.217718080425794,19.3877901191558,-27.418828674955936,3.69,1.76,,,,80.6,2271,5.6,746506,665804,683737,663538,670623,621020,664023,691718,641355,54.88,,0.689131,0.7,1.0,0.0,0.0,,27,7,Changeup,1,2,1,2,2,1,1,2,Infield shade,Standard,222,0.044,0.371,,,,-0.371,,-1,-1,0.43,0.43,34,26,35,26,1,0,6.0,2.0,6.0,1.0,2.92,0.89,-0.89,44.1,,,,,
FF,2024-09-15,87.7,-2.92,5.8,"Hendricks, Kyle",666134,543294,,ball,,,,,13,Nolan Jones walks.,R,L,R,COL,CHC,B,,,2,2,2024,-0.24,0.8,-1.12,2.52,,,,0,3,Bot,,,,,,,4.760961802789448,-127.84867059507442,-3.5195980579889525,-3.5054148267912058,22.361657433596616,-22.81347691571765,3.7,1.78,,,,87.1,1985,5.5,746506,665804,683737,663538,670623,621020,664023,691718,641355,55.02,,,,,,,,27,6,4-Seam Fastball,1,2,1,2,2,1,1,2,Infield shade,Standard,210,0.0,0.107,,,,-0.107,,-1,-1,0.43,0.43,34,26,35,26,1,0,6.0,2.0,6.0,1.0,2.11,0.24,-0.24,40.3,,,,,
SI,2024-09-15,86.7,-2.61,5.99,"Hendricks, Kyle",666134,543294,,ball,,,,,12,Nolan Jones walks.,R,L,R,COL,CHC,B,,,1,2,2024,-0.88,0.6,0.79,4.01,,,,0,3,Bot,,,,,,,9.779602009060854,-126.041997386052,0.1370724164518477,-11.09041162665534,21.076855766240627,-25.866981269753342,3.81,1.74,,,,86.3,2057,5.7,746506,665804,683737,663538,670623,621020,664023,691718,641355,54.84,,,,,,,,27,5,Sinker,1,2,1,2,2,1,1,2,Infield shade,Standard,204,0.0,0.04,,,,-0.04,,-1,-1,0.43,0.43,34,26,35,26,1,0,6.0,2.0,6.0,1.0,2.39,0.88,-0.88,43.3,,,,,
CH,2024-09-15,80.5,-2.67,6.14,"Hendricks, Kyle",666134,543294,,foul,,,,,13,Nolan Jones walks.,R,L,R,COL,CHC,S,,,1,2,2024,-0.61,0.5,-0.99,2.67,,,,0,3,Bot,,,,,,,4.832211756422819,-117.21732378726873,-2.020811493601407,-6.534556776937798,20.0904603759288,-27.397011518518998,3.69,1.74,311.0,91.5,28.0,79.7,2057,5.5,746506,665804,683737,663538,670623,621020,664023,691718,641355,55.02,,,,,,,,27,4,Changeup,1,2,1,2,2,1,1,2,Infield shade,Standard,221,0.0,0.0,67.8,6.7,,0.0,91.5,-1,-1,0.43,0.43,34,26,35,26,1,0,6.0,2.0,6.0,1.0,2.99,0.61,-0.61,45.7,1.1062671844071614,18.675052916105805,32.449559850468134,49.75918825532958,21.60782487404346
FF,2024-09-15,87.2,-2.84,5.92,"Hendricks, Kyle",666134,543294,,ball,,,,,12,Nolan Jones walks.,R,L,R,COL,CHC,B,,,0,2,2024,-0.07,0.95,0.18,4.56,,,,0,3,Bot,,,,,,,7.295871973399113,-126.89366182504502,0.8604749881530256,-2.1431551259799315,23.17078683887066,-22.20873561363644,3.76,1.73,,,,86.3,2081,5.5,746506,665804,683737,663538,670623,621020,664023,691718,641355,55.0,,,,,,,,27,3,4-Seam Fastball,1,2,1,2,2,1,1,2,Infield shade,Standard,216,0.0,0.023,,,,-0.023,,-1,-1,0.43,0.43,34,26,35,26,1,0,6.0,2.0,6.0,1.0,2.02,0.07,-0.07,40.8,,,,,
CH,2024-09-15,80.0,-2.68,6.16,"Hendricks, Kyle",666134,543294,,foul,,,,,7,Nolan Jones walks.,R,L,R,COL,CHC,S,,,0,1,2024,-0.89,0.65,-0.3,2.02,,,,0,3,Bot,,,,,,,6.832254509001972,-116.45094631697764,-3.718505807928145,-9.27636565331406,18.217098806357598,-25.76435005515877,3.69,1.74,189.0,68.1,53.0,79.7,2197,5.7,746506,665804,683737,663538,670623,621020,664023,691718,641355,54.82,,,,,,,,27,2,Changeup,1,2,1,2,2,1,1,2,Infield shade,Standard,222,0.0,-0.054,64.9,6.9,,0.054,88.0,-1,-1,0.43,0.43,34,26,35,26,1,0,6.0,2.0,6.0,1.0,2.86,0.89,-0.89,45.2,2.0549462462047345,-0.4771721310798579,41.05416435736571,39.34166789289252,34.401458461224536
SI,2024-09-15,85.6,-2.79,6.0,"Hendricks, Kyle",666134,543294,,foul_bunt,,,,,4,Nolan Jones walks.,R,L,R,COL,CHC,S,,,0,0,2024,-0.79,0.52,-0.7,2.93,,,,0,3,Bot,,,,,,,6.437725615173088,-124.67068308512744,-2.1216489871933293,-9.446984244604408,20.547427864302225,-26.495391765945627,3.69,1.74,66.0,,,85.3,1940,5.6,746506,665804,683737,663538,670623,621020,664023,691718,641355,54.88,,,,,,,,27,1,Sinker,1,2,1,2,2,1,1,2,Infield shade,Standard,206,0.0,-0.037,7.3,1.5,,0.037,88.0,-1,-1,0.43,0.43,34,26,35,26,1,0,6.0,2.0,6.0,1.0,2.54,0.79,-0.79,42.2,-80.67649503950943,0.460143790425661,44.8088589649147,45.94355235261548,29.92903855036424
CH,2024-09-15,78.8,-2.67,6.11,"Hendricks, Kyle",607732,543294,home_run,hit_into_play,,,,,2,Jacob Stallings homers (9) on a fly ball to left field.,R,R,R,COL,CHC,X,,fly_ball,1,0,2024,-0.01,0.66,0.26,2.92,,,,0,3,Bot,37.18,53.77,,,,,6.311196509383024,-114.74651769966589,-1.4510004080874703,-0.9886399155529418,16.940089043270838,-26.225679074396663,3.31,1.53,419.0,101.9,31.0,78.5,2136,5.6,746506,665804,683737,663538,670623,621020,664023,691718,641355,54.9,0.643,1.289,2.0,1.0,0.0,3.0,6.0,26,2,Changeup,0,2,0,2,2,1,1,2,Standard,Standard,221,0.113,1.076,73.2,7.6,2.46,-1.076,101.9,-2,-2,0.317,0.317,34,34,35,35,1,0,6.0,3.0,6.0,2.0,2.95,0.01,0.01,44.7,24.46937084122569,-11.42667823305767,28.93344638161293,37.710164146787136,38.09247486802428
FF,2024-09-15,84.8,-2.69,5.94,"Hendricks, Kyle",607732,543294,,ball,,,,,6,Jacob Stallings homers (9) on a fly ball to left field.,R,R,R,COL,CHC,B,,,0,0,2024,-0.21,0.89,0.78,2.36,,,,0,3,Bot,,,,,,,8.432653928850721,-123.35958628005088,-3.882848682609248,-3.559988609335592,20.334230179715814,-22.42870383314024,3.13,1.51,,,,84.4,2017,5.6,746506,665804,683737,663538,670623,621020,664023,691718,641355,54.85,,,,,,,,26,1,4-Seam Fastball,0,2,0,2,2,0,0,2,Standard,Standard,213,0.0,0.038,,,,-0.038,,-2,-2,0.317,0.317,34,34,35,35,1,0,6.0,3.0,6.0,2.0,2.23,0.21,0.21,41.3,,,,,
SI,2024-09-15,87.2,-2.73,5.92,"Hendricks, Kyle",656541,543294,field_out,hit_into_play,,,,,7,"Sam Hilliard grounds out, second baseman Nico Hoerner to first baseman Michael Busch.",R,L,R,COL,CHC,X,4.0,ground_ball,0,0,2024,-0.83,0.51,-0.29,1.68,,,,2,2,Bot,144.28,144.73,,,,,7.466204179672189,-126.99243059862803,-5.214359781682795,-10.237388999967346,18.35534019966532,-25.8972061170322,3.59,1.69,16.0,98.3,-6.0,87.2,2017,5.6,746506,665804,683737,663538,670623,621020,664023,691718,641355,54.87,0.274,0.282,0.0,1.0,0.0,0.0,2.0,17,1,Sinker,0,0,0,0,0,0,0,0,Infield shade,Strategic,210,-0.011,-0.256,77.3,7.5,0.31,0.256,98.3,0,0,0.511,0.511,34,30,35,30,1,0,6.0,1.0,6.0,3.0,2.41,0.83,-0.83,41.7,7.861985631170898,2.651682549496336,36.90186209950373,40.08253374499808,32.24531590260935
SI,2024-09-15,87.2,-2.69,5.92,"Hendricks, Kyle",669911,543294,strikeout,swinging_strike,,,,,3,Michael Toglia strikes out swinging.,R,L,R,COL,CHC,S,2.0,,2,2,2024,-0.8,0.48,0.36,3.55,,,,1,2,Bot,,,,,,,8.826245437239246,-126.95256588233168,-0.70677255873032,-10.090495310999245,18.23767942759201,-26.89525135893712,3.71,1.78,,,,87.1,1995,5.6,746506,665804,683737,663538,670623,621020,664023,691718,641355,54.93,,0.0,0.0,1.0,0.0,0.0,,16,5,Sinker,0,0,0,0,0,0,0,0,Infield shade,Strategic,215,-0.016,-0.225,75.3,6.5,,0.225,,0,0,0.527,0.527,34,25,35,26,1,0,6.0,1.0,6.0,1.0,2.44,0.8,-0.8,42.3,6.19235921893879,5.22701197328098,34.360448423933136,34.08984718440518,18.88068470019857
CH,2024-09-15,80.9,-2.68,6.12,"Hendricks, Kyle",669911,543294,,ball,,,,,13,Michael Toglia strikes out swinging.,R,L,R,COL,CHC,B,,,1,2,2024,-0.78,0.56,-1.29,0.86,,,,1,2,Bot,,,,,,,4.5287784220780445,-117.90881194634515,-6.246027910822988,-8.053907004581756,16.979542998762515,-26.11318011180425,3.69,1.8,,,,80.7,2216,5.5,746506,665804,683737,663538,670623,621020,664023,691718,641355,54.98,,,,,,,,16,4,Changeup,0,0,0,0,0,0,0,0,Infield shade,Strategic,222,0.0,0.043,,,,-0.043,,0,0,0.527,0.527,34,25,35,26,1,0,6.0,1.0,6.0,1.0,2.85,0.78,-0.78,44.0,,,,,
SI,2024-09-15,87.6,-2.72,5.98,"Hendricks, Kyle",669911,543294,,called_strike,,,,,7,Michael Toglia strikes out swinging.,R,L,R,COL,CHC,S,,,1,1,2024,-0.7,0.46,-0.28,1.75,,,,1,2,Bot,,,,,,,7.229216326408075,-127.5843745704189,-5.126073357511054,-8.906050500831928,19.96028400112081,-26.410471053657453,3.73,1.78,,,,87.4,2046,5.6,746506,665804,683737,663538,670623,621020,664023,691718,641355,54.94,,,,,,,,16,3,Sinker,0,0,0,0,0,0,0,0,Infield shade,Strategic,211,0.0,-0.061,,,,0.061,,0,0,0.527,0.527,34,25,35,26,1,0,6.0,1.0,6.0,1.0,2.45,0.7,-0.7,42.5,,,,,
CH,2024-09-15,80.1,-2.73,6.11,"Hendricks, Kyle",669911,543294,,ball,,,,,13,Michael Toglia strikes out swinging.,R,L,R,COL,CHC,B,,,0,1,2024,-0.75,0.44,-0.85,1.56,,,,1,2,Bot,,,,,,,5.462581072166279,-116.63290796029494,-4.260627785784479,-7.756415971067477,17.067623589393502,-27.59940530336804,3.84,1.84,,,,79.7,2143,5.5,746506,665804,683737,663538,670623,621020,664023,691718,641355,54.99,,,,,,,,16,2,Changeup,0,0,0,0,0,0,0,0,Infield shade,Strategic,224,0.0,0.024,,,,-0.024,,0,0,0.527,0.527,34,25,35,26,1,0,6.0,1.0,6.0,1.0,3.04,0.75,-0.75,45.1,,,,,
CH,2024-09-15,80.1,-2.76,6.07,"Hendricks, Kyle",669911,543294,,foul,,,,,8,Michael Toglia strikes out swinging.,R,L,R,COL,CHC,S,,,0,0,2024,-0.79,0.56,-0.22,2.38,,,,1,2,Bot,,,,,,,6.987358261544613,-116.6797459188578,-2.622232041209907,-8.357898283573633,16.857825589784316,-26.74502705269091,3.71,1.78,183.0,68.6,61.0,79.8,2167,5.5,746506,665804,683737,663538,670623,621020,664023,691718,641355,54.97,,,,,,,,16,1,Changeup,0,0,0,0,0,0,0,0,Infield shade,Strategic,223,0.0,-0.037,72.1,7.7,,0.037,88.0,0,0,0.527,0.527,34,25,35,26,1,0,6.0,1.0,6.0,1.0,2.92,0.79,-0.79,43.8,11.49119375870128,6.443775070167497,39.25032511235927,40.76821685816246,23.979688806344527
FF,2024-09-15,86.6,-2.85,5.86,"Hendricks, Kyle",641857,543294,strikeout,swinging_strike,,,,,2,Ryan McMahon strikes out swinging.,R,L,R,COL,CHC,S,2.0,,1,2,2024,-0.28,0.88,-0.08,3.45,,,,0,2,Bot,,,,,,,7.076903506504934,-126.1966235670978,-1.4728320232282717,-4.15760225032467,20.56774529231189,-22.51659671419133,3.48,1.6,,,,86.1,2074,5.4,746506,665804,683737,663538,670623,621020,664023,691718,641355,55.06,,0.0,0.0,1.0,0.0,0.0,,15,5,4-Seam Fastball,0,0,0,0,0,0,0,0,Infield shade,Strategic,213,-0.023,-0.186,61.1,5.1,,0.186,,0,0,0.55,0.55,34,29,35,30,1,0,6.0,1.0,6.0,1.0,2.1,0.28,-0.28,40.3,-16.0253788541853,50.15144577922154,36.5059865218762,39.88480036490856,-2.0058760933622755
CU,2024-09-15,73.4,-2.78,6.02,"Hendricks, Kyle",641857,543294,,foul,,,,,5,Ryan McMahon strikes out swinging.,R,L,R,COL,CHC,S,,,1,2,2024,0.83,-0.86,-0.1,2.23,,,,0,2,Bot,,,,,,,3.918563026522288,-106.90426112333144,0.994364050983562,5.871177069583286,15.805278796754264,-39.20078707967593,3.48,1.6,180.0,64.9,51.0,72.8,2933,5.4,746506,665804,683737,663538,670623,621020,664023,691718,641355,55.07,,,,,,,,15,4,Curveball,0,0,0,0,0,0,0,0,Infield shade,Strategic,44,0.0,0.0,73.8,7.6,,0.0,88.0,0,0,0.55,0.55,34,29,35,30,1,0,6.0,1.0,6.0,1.0,5.04,-0.83,0.83,43.9,15.456083254086298,-5.030339454701447,39.57171044230233,42.317003292360745,31.10148472523003
CH,2024-09-15,80.2,-2.6,6.15,"Hendricks, Kyle",641857,543294,,ball,,,,,13,Ryan McMahon strikes out swinging.,R,L,R,COL,CHC,B,,,0,2,2024,-0.7,0.48,-0.74,0.2,,,,0,2,Bot,,,,,,,5.351666659395045,-116.67284029226882,-7.382849016660684,-7.280954460177183,17.396856703163355,-26.80272295472577,3.42,1.6,,,,79.8,2111,5.5,746506,665804,683737,663538,670623,621020,664023,691718,641355,54.95,,,,,,,,15,3,Changeup,0,0,0,0,0,0,0,0,Infield shade,Strategic,227,0.0,0.023,,,,-0.023,,0,0,0.55,0.55,34,29,35,30,1,0,6.0,1.0,6.0,1.0,3.01,0.7,-0.7,45.1,,,,,
CH,2024-09-15,78.7,-2.7,6.16,"Hendricks, Kyle",641857,543294,,called_strike,,,,,7,Ryan McMahon strikes out swinging.,R,L,R,COL,CHC,S,,,0,1,2024,-0.78,0.69,-0.8,1.84,,,,0,2,Bot,,,,,,,5.50271362520497,-114.68877080111736,-3.93756308173042,-7.762810867964407,17.166105856495737,-25.53053175171648,3.49,1.6,,,,78.4,2182,5.6,746506,665804,683737,663538,670623,621020,664023,691718,641355,54.89,,,,,,,,15,2,Changeup,0,0,0,0,0,0,0,0,Infield shade,Strategic,221,0.0,-0.054,,,,0.054,,0,0,0.55,0.55,34,29,35,30,1,0,6.0,1.0,6.0,1.0,2.92,0.78,-0.78,45.3,,,,,
SI,2024-09-15,84.9,-2.59,6.07,"Hendricks, Kyle",641857,543294,,foul,,,,,8,Ryan McMahon strikes out swinging.,R,L,R,COL,CHC,S,,,0,0,2024,-0.87,0.56,0.22,1.97,,,,0,2,Bot,,,,,,,8.19966848499657,-123.47486962450132,-4.490557653498105,-10.308506555171244,19.05816697784857,-25.76190615410378,3.48,1.6,160.0,68.1,24.0,84.7,1990,5.7,746506,665804,683737,663538,670623,621020,664023,691718,641355,54.83,,,,,,,,15,1,Sinker,0,0,0,0,0,0,0,0,Infield shade,Strategic,205,0.0,-0.037,72.2,6.9,,0.037,88.0,0,0,0.55,0.55,34,29,35,30,1,0,6.0,1.0,6.0,1.0,2.55,0.87,-0.87,44.0,1.2037989903130266,8.732540929657901,47.51765058276146,37.83326219169051,17.172919511322636
CH,2024-09-15,79.2,-2.57,6.15,"Hendricks, Kyle",686668,543294,field_out,hit_into_play,,,,,3,Brenton Doyle flies out to right fielder Cody Bellinger.,R,R,R,COL,CHC,X,9.0,fly_ball,1,0,2024,-0.02,0.61,0.47,2.84,,,,2,1,Bot,151.01,114.21,,,,,6.578680983788107,-115.44336808618468,-1.7803543382772289,-1.0230887349833155,15.321607454050426,-26.520731401371524,3.37,1.61,223.0,87.5,57.0,79.1,2109,5.5,746506,665804,683737,663538,670623,621020,664023,691718,641355,55.01,0.014,0.016,0.0,1.0,0.0,0.0,3.0,9,2,Changeup,0,0,0,0,0,0,0,0,Standard,Strategic,223,-0.01,-0.295,70.9,7.3,0.022,0.295,88.0,0,0,0.51,0.51,34,26,35,26,1,0,6.0,1.0,6.0,1.0,2.93,0.02,0.02,43.4,13.945752013608624,2.1952953281514835,25.95159840515906,43.311530929212346,29.354708673843533
FF,2024-09-15,85.9,-2.65,6.01,"Hendricks, Kyle",686668,543294,,ball,,,,,14,Brenton Doyle flies out to right fielder Cody Bellinger.,R,R,R,COL,CHC,B,,,0,0,2024,-0.15,0.91,0.86,2.56,,,,2,1,Bot,,,,,,,8.508781562921998,-125.0866749312635,-3.862525755088804,-2.8839389950153635,19.382995141546917,-22.00059142340023,3.46,1.76,,,,85.7,2141,5.6,746506,665804,683737,663538,670623,621020,664023,691718,641355,54.87,,,,,,,,9,1,4-Seam Fastball,0,0,0,0,0,0,0,0,Standard,Strategic,209,0.0,0.04,,,,-0.04,,0,0,0.51,0.51,34,26,35,26,1,0,6.0,1.0,6.0,1.0,2.12,0.15,0.15,42.7,,,,,
CH,2024-09-15,80.2,-2.6,6.17,"Hendricks, Kyle",595909,543294,field_out,hit_into_play,,,,,13,"Jake Cave grounds out, third baseman Isaac Paredes to first baseman Michael Busch.",R,L,R,COL,CHC,X,5.0,ground_ball,0,2,2024,-0.91,0.61,-0.41,1.02,,,,1,1,Bot,111.17,160.37,,,,,6.4718875996641305,-116.65176721426748,-5.8826720149180485,-9.438368883704866,17.85746950023664,-25.767311684129712,3.31,1.57,3.0,66.5,-20.0,79.7,2263,5.6,746506,665804,683737,663538,670623,621020,664023,691718,641355,54.95,0.026,0.05,0.0,1.0,0.0,0.0,2.0,8,3,Changeup,0,0,0,0,0,0,0,0,Infield shade,Strategic,224,-0.016,-0.162,72.6,7.9,0.026,0.162,88.0,0,0,0.526,0.526,34,31,35,32,1,0,6.0,1.0,6.0,5.0,2.88,0.91,-0.91,45.6,24.02958108664401,-11.21031999448638,43.10395245809921,41.16603386034381,35.19272979327794
CH,2024-09-15,80.0,-2.66,6.15,"Hendricks, Kyle",595909,543294,,swinging_strike,,,,,4,"Jake Cave grounds out, third baseman Isaac Paredes to first baseman Michael Busch.",R,L,R,COL,CHC,S,,,0,1,2024,-0.77,0.55,-0.36,2.59,,,,1,1,Bot,,,,,,,6.424656845621245,-116.50310229697894,-2.272696190692708,-8.137501884783878,18.88613733722784,-26.89433049285831,3.31,1.57,,,,79.5,2160,5.6,746506,665804,683737,663538,670623,621020,664023,691718,641355,54.88,,,,,,,,8,2,Changeup,0,0,0,0,0,0,0,0,Infield shade,Strategic,223,0.0,-0.057,70.5,6.6,,0.057,,0,0,0.526,0.526,34,31,35,32,1,0,6.0,1.0,6.0,5.0,2.96,0.77,-0.77,44.3,10.73939641257635,10.790702645070118,39.64480080524248,40.29423371096606,15.755117601348257
FF,2024-09-15,85.0,-2.73,5.98,"Hendricks, Kyle",595909,543294,,called_strike,,,,,7,"Jake Cave grounds out, third baseman Isaac Paredes to first baseman Michael Busch.",R,L,R,COL,CHC,S,,,0,0,2024,-0.44,0.91,-0.68,1.81,,,,1,1,Bot,,,,,,,5.628310231058981,-123.81793986150755,-5.331135802872164,-5.551757169874517,20.52000752548348,-21.96769357050078,3.14,1.48,,,,84.6,2065,5.6,746506,665804,683737,663538,670623,621020,664023,691718,641355,54.92,,,,,,,,8,1,4-Seam Fastball,0,0,0,0,0,0,0,0,Infield shade,Strategic,210,0.0,-0.037,,,,0.037,,0,0,0.526,0.526,34,31,35,32,1,0,6.0,1.0,6.0,5.0,2.2,0.44,-0.44,41.4,,,,,
FF,2024-09-15,86.0,-2.59,6.03,"Hendricks, Kyle",678662,543294,field_out,hit_into_play,,,,,8,Ezequiel Tovar flies out to right fielder Cody Bellinger.,R,R,R,COL,CHC,X,9.0,fly_ball,0,0,2024,-0.27,1.05,-0.12,1.95,,,,0,1,Bot,201.52,84.35,,,,,6.2993037123940265,-125.12791576197812,-5.547214194141137,-3.975138622932408,22.04282133100721,-20.253405010005498,3.17,1.47,339.0,98.4,43.0,85.4,2069,5.6,746506,665804,683737,663538,670623,621020,664023,691718,641355,54.89,0.054,0.111,0.0,1.0,0.0,0.0,3.0,7,1,4-Seam Fastball,0,0,0,0,0,0,0,0,Standard,Standard,208,-0.021,-0.254,79.1,7.7,0.208,0.254,98.4,0,0,0.547,0.547,34,22,35,23,1,0,6.0,1.0,6.0,1.0,2.0,0.27,0.27,42.9,14.862659798487686,-0.5635317093023321,42.76831407013025,31.62888237330449,31.393239910822416
SI,2024-09-09,88.2,-2.5,5.98,"Hendricks, Kyle",518692,543294,walk,ball,,,,,12,Freddie Freeman walks. Mookie Betts to 2nd.,R,L,R,LAD,CHC,B,,,3,2,2024,-1.1,0.68,1.23,2.88,660271.0,,605141.0,1,5,Bot,,,,,,,11.14794167588114,-128.18229023727346,-2.9086879086582744,-14.171277813032162,21.349074977569376,-24.25395191655276,3.67,1.86,,,,87.6,2037,5.5,746101,665804,683737,663538,670623,621020,664023,691718,641355,54.97,,0.689131,0.7,1.0,0.0,0.0,,42,6,Sinker,1,4,1,4,4,1,1,4,Standard,Standard,211,0.057,0.22,,,,-0.22,,-3,-3,0.249,0.249,34,34,35,35,3,2,6.0,1.0,6.0,1.0,2.22,1.1,-1.1,46.0,,,,,
CH,2024-09-09,81.2,-2.57,6.0,"Hendricks, Kyle",518692,543294,,foul,,,,,8,Freddie Freeman walks. Mookie Betts to 2nd.,R,L,R,LAD,CHC,S,,,3,1,2024,-1.23,0.41,-0.09,2.18,660271.0,,605141.0,1,5,Bot,,,,,,,7.76505347970855,-118.19162074026224,-2.795000766037909,-12.953632292796252,19.35243018148789,-27.967947148803884,3.67,1.76,238.0,84.5,55.0,80.5,2198,5.5,746101,665804,683737,663538,670623,621020,664023,691718,641355,55.02,,,,,,,,42,5,Changeup,1,4,1,4,4,1,1,4,Standard,Standard,229,0.0,-0.109,74.5,6.7,,0.109,88.0,-3,-3,0.249,0.249,34,34,35,35,3,2,6.0,1.0,6.0,1.0,3.0,1.23,-1.23,46.2,10.119802180864673,5.224495582443981,47.3563202380162,39.66117075444008,30.782461976143534
SI,2024-09-09,87.7,-2.61,5.96,"Hendricks, Kyle",518692,543294,,ball,,,,,1,Freddie Freeman walks. Mookie Betts to 2nd.,R,L,R,LAD,CHC,B,,,2,1,2024,-1.12,0.55,-0.77,3.71,660271.0,,605141.0,1,5,Bot,,,,,,,6.611154319858722,-127.69116815397405,-0.524663536500916,-13.531204177625057,23.280248630468897,-26.21315265236476,3.67,1.83,,,,86.7,2061,5.3,746101,665804,683737,663538,670623,621020,664023,691718,641355,55.16,,,,,,,,42,4,Sinker,1,4,1,4,4,1,1,4,Standard,Standard,217,0.0,0.113,,,,-0.113,,-3,-3,0.249,0.249,34,34,35,35,3,2,6.0,1.0,6.0,1.0,2.38,1.12,-1.12,44.8,,,,,
CH,2024-09-09,81.7,-2.64,5.97,"Hendricks, Kyle",518692,543294,,blocked_ball,,,,,13,Freddie Freeman walks. Mookie Betts to 2nd.,R,L,R,LAD,CHC,B,,,1,1,2024,-1.29,0.59,-0.03,-0.31,660271.0,,605141.0,1,5,Bot,,,,,,,8.235447024186554,-118.5402444796941,-8.588465308854932,-13.742099914168586,21.69012111307975,-25.15380106142262,3.67,1.79,,,,80.7,2297,5.7,746101,665804,683737,663538,670623,621020,664023,691718,641355,54.81,,,,,,,,42,3,Changeup,1,4,1,4,4,1,1,4,Standard,Standard,230,0.0,0.024,,,,-0.024,,-3,-3,0.249,0.249,34,34,35,35,3,2,6.0,1.0,6.0,1.0,2.83,1.29,-1.29,44.9,,,,,
CH,2024-09-09,81.2,-2.6,6.0,"Hendricks, Kyle",518692,543294,,ball,,,,,13,Freddie Freeman walks. Mookie Betts to 2nd.,R,L,R,LAD,CHC,B,,,0,1,2024,-1.14,0.77,-0.55,1.29,660271.0,,605141.0,1,5,Bot,,,,,,,6.663241385960751,-118.07790645449114,-5.362711573374571,-11.889679096132602,20.88731725110133,-24.18680996899695,3.67,1.82,,,,80.3,2204,5.6,746101,665804,683737,663538,670623,621020,664023,691718,641355,54.94,,,,,,,,42,2,Changeup,1,4,1,4,4,1,1,4,Standard,Standard,226,0.0,0.007,,,,-0.007,,-3,-3,0.249,0.249,34,34,35,35,3,2,6.0,1.0,6.0,1.0,2.68,1.14,-1.14,44.6,,,,,
CU,2024-09-09,75.1,-2.71,5.96,"Hendricks, Kyle",518692,543294,,foul,,,,,14,Freddie Freeman walks. Mookie Betts to 2nd.,R,L,R,LAD,CHC,S,,,0,0,2024,1.05,-0.55,0.84,2.32,660271.0,,605141.0,1,5,Bot,,,,,,,5.394119904214023,-109.31006636303896,0.5815079717967195,7.464280451105995,19.62819781391134,-36.91563882430624,3.67,1.76,143.0,88.0,11.0,74.0,2862,5.5,746101,665804,683737,663538,670623,621020,664023,691718,641355,54.98,,,,,,,,42,1,Curveball,1,4,1,4,4,1,1,4,Standard,Standard,44,0.0,-0.045,73.2,7.2,,0.045,88.0,-3,-3,0.249,0.249,34,34,35,35,3,2,6.0,1.0,6.0,1.0,4.6,-1.05,1.05,44.2,19.202166563707596,-13.797718308816233,50.81849204345412,29.251387442593444,33.957332264104714
CH,2024-09-09,80.4,-2.62,6.02,"Hendricks, Kyle",605141,543294,single,hit_into_play,,,,,3,Mookie Betts singles on a ground ball to center fielder Pete Crow-Armstrong. Chris Taylor scores. Shohei Ohtani to 3rd.,R,R,R,LAD,CHC,X,8.0,ground_ball,2,1,2024,-0.23,1.0,0.7,2.89,621035.0,,660271.0,1,5,Bot,113.71,86.64,,,,,7.678136800054347,-116.92811975546996,-2.118205462715366,-3.5327344159335965,21.557653612364337,-22.83319739499829,3.16,1.45,49.0,99.1,-1.0,79.3,2257,5.5,746101,665804,683737,663538,670623,621020,664023,691718,641355,54.96,0.371,0.35,0.9,1.0,1.0,0.0,2.0,41,4,Changeup,0,4,0,4,4,1,1,4,Standard,Standard,225,0.087,0.469,,,0.407,-0.469,99.1,-4,-4,0.162,0.162,34,31,35,32,3,2,6.0,1.0,6.0,1.0,2.53,0.23,0.23,44.7,,,,,
CH,2024-09-09,81.2,-2.63,5.98,"Hendricks, Kyle",605141,543294,,ball,,,,,14,Mookie Betts singles on a ground ball to center fielder Pete Crow-Armstrong. Chris Taylor scores. Shohei Ohtani to 3rd.,R,R,R,LAD,CHC,B,,,1,1,2024,-0.23,1.17,0.87,1.68,621035.0,,660271.0,1,5,Bot,,,,,,,8.154351379770993,-117.99953055996866,-5.188097023745549,-3.6688361896535904,21.472862011058847,-20.429342860847648,3.12,1.41,,,,80.2,2222,5.6,746101,665804,683737,663538,670623,621020,664023,691718,641355,54.94,,,,,,,,41,3,Changeup,0,4,0,4,4,0,0,4,Standard,Standard,242,0.0,0.024,,,,-0.024,,-4,-4,0.162,0.162,34,31,35,32,3,2,6.0,1.0,6.0,1.0,2.28,0.23,0.23,44.1,,,,,
CH,2024-09-09,80.9,-2.52,6.02,"Hendricks, Kyle",605141,543294,,ball,,,,,14,Mookie Betts singles on a ground ball to center fielder Pete Crow-Armstrong. Chris Taylor scores. Shohei Ohtani to 3rd.,R,R,R,LAD,CHC,B,,,0,1,2024,-0.17,1.1,1.15,1.6,621035.0,,660271.0,1,5,Bot,,,,,,,8.37741236827008,-117.59818258004478,-5.269432952512179,-3.083003157959288,20.893409739699965,-21.08974888673948,3.11,1.48,,,,79.7,2214,5.4,746101,665804,683737,663538,670623,621020,664023,691718,641355,55.11,,,,,,,,41,2,Changeup,0,4,0,4,4,0,0,4,Standard,Standard,229,0.0,0.007,,,,-0.007,,-4,-4,0.162,0.162,34,31,35,32,3,2,6.0,1.0,6.0,1.0,2.37,0.17,0.17,46.0,,,,,
SI,2024-09-09,89.3,-2.56,5.96,"Hendricks, Kyle",605141,543294,,called_strike,,,,,13,Mookie Betts singles on a ground ball to center fielder Pete Crow-Armstrong. Chris Taylor scores. Shohei Ohtani to 3rd.,R,R,R,LAD,CHC,S,,,0,0,2024,-1.2,0.67,-0.92,1.98,621035.0,,660271.0,1,5,Bot,,,,,,,6.45574193962124,-129.9552255067452,-5.184965040753126,-14.87831723400027,25.594225120792597,-23.669537592085163,3.16,1.38,,,,88.3,2092,5.5,746101,665804,683737,663538,670623,621020,664023,691718,641355,54.97,,,,,,,,41,1,Sinker,0,4,0,4,4,0,0,4,Standard,Standard,209,0.0,-0.045,,,,0.045,,-4,-4,0.162,0.162,34,31,35,32,3,2,6.0,1.0,6.0,1.0,2.17,1.2,1.2,44.6,,,,,
CU,2024-09-09,74.4,-2.57,6.02,"Hendricks, Kyle",660271,543294,single,hit_into_play,,,,,3,Shohei Ohtani singles on a line drive to center fielder Pete Crow-Armstrong. Chris Taylor to 3rd.,R,L,R,LAD,CHC,X,8.0,line_drive,2,1,2024,1.1,-0.73,0.38,2.94,,,621035.0,1,5,Bot,148.28,65.64,,,,,4.043231204663861,-108.18788467390166,2.17957550257937,7.841354526231606,20.43204709504128,-38.54236606466986,3.47,1.56,288.0,99.8,20.0,72.9,3038,5.4,746101,665804,683737,663538,670623,621020,664023,691718,641355,55.12,0.331,0.398,0.9,1.0,1.0,0.0,5.0,40,4,Curveball,0,4,0,4,4,0,0,4,Infield shade,Standard,41,0.048,0.37,79.9,7.0,0.639,-0.37,99.8,-4,-4,0.114,0.114,34,29,35,30,3,2,6.0,1.0,6.0,1.0,4.88,-1.1,1.1,45.1,9.10751074974363,5.260664137202277,36.15775955017957,34.01735546631737,25.93556715433819
CH,2024-09-09,81.8,-2.6,6.03,"Hendricks, Kyle",660271,543294,,ball,,,,,14,Shohei Ohtani singles on a line drive to center fielder Pete Crow-Armstrong. Chris Taylor to 3rd.,R,L,R,LAD,CHC,B,,,1,1,2024,-1.27,0.52,0.57,1.03,,,621035.0,1,5,Bot,,,,,,,9.40310865111108,-118.65972979088122,-5.606451878336695,-13.780966355324248,22.19658139727594,-26.310681385492625,3.47,1.62,,,,80.3,2188,5.4,746101,665804,683737,663538,670623,621020,664023,691718,641355,55.13,,,,,,,,40,3,Changeup,0,4,0,4,4,0,0,4,Infield shade,Standard,227,0.0,0.046,,,,-0.046,,-4,-4,0.114,0.114,34,29,35,30,3,2,6.0,1.0,6.0,1.0,2.9,1.27,-1.27,44.1,,,,,
CH,2024-09-09,81.5,-2.63,6.0,"Hendricks, Kyle",660271,543294,,ball,,,,,14,Shohei Ohtani singles on a line drive to center fielder Pete Crow-Armstrong. Chris Taylor to 3rd.,R,L,R,LAD,CHC,B,,,0,1,2024,-1.41,0.47,0.35,1.08,,,621035.0,1,5,Bot,,,,,,,9.218334291141517,-118.32948498648015,-5.283330774456751,-14.940684581622593,21.8018106391702,-26.91081141296915,3.47,1.56,,,,80.3,2100,5.5,746101,665804,683737,663538,670623,621020,664023,691718,641355,54.97,,,,,,,,40,2,Changeup,0,4,0,4,4,0,0,4,Infield shade,Standard,231,0.0,0.029,,,,-0.029,,-4,-4,0.114,0.114,34,29,35,30,3,2,6.0,1.0,6.0,1.0,2.97,1.41,-1.41,46.0,,,,,
SI,2024-09-09,88.1,-2.62,5.97,"Hendricks, Kyle",660271,543294,,called_strike,,,,,6,Shohei Ohtani singles on a line drive to center fielder Pete Crow-Armstrong. Chris Taylor to 3rd.,R,L,R,LAD,CHC,S,,,0,0,2024,-1.11,0.57,0.35,2.7,,,621035.0,1,5,Bot,,,,,,,9.354259025860369,-128.03958237711572,-3.0421160209112643,-14.019740450710664,23.295700972302804,-25.4780009442567,3.47,1.55,,,,87.2,2034,5.5,746101,665804,683737,663538,670623,621020,664023,691718,641355,54.98,,,,,,,,40,1,Sinker,0,4,0,4,4,0,0,4,Infield shade,Standard,212,0.0,-0.04,,,,0.04,,-4,-4,0.114,0.114,34,29,35,30,3,2,6.0,1.0,6.0,1.0,2.35,1.11,-1.11,44.8,,,,,
CH,2024-09-09,81.8,-2.55,6.08,"Hendricks, Kyle",621035,543294,single,hit_into_play,,,,,9,"Chris Taylor singles on a ground ball to shortstop Dansby Swanson, deflected by third baseman Isaac Paredes.",R,R,R,LAD,CHC,X,5.0,ground_ball,1,2,2024,-0.09,0.59,0.52,1.55,,,,1,5,Bot,100.4,162.91,,,,,6.959157229925618,-119.10429870094036,-4.8777075620529935,-1.8619805441654744,17.567471181426686,-25.83100780814199,3.56,1.63,102.0,96.9,6.0,81.1,2373,5.3,746101,665804,683737,663538,670623,621020,664023,691718,641355,55.21,0.557,0.523,0.9,1.0,1.0,0.0,4.0,39,5,Changeup,0,4,0,4,4,0,0,4,Standard,Standard,232,0.021,0.495,72.4,7.8,0.64,-0.495,96.9,-4,-4,0.093,0.093,34,33,35,34,2,1,6.0,1.0,6.0,2.0,2.74,0.09,0.09,47.6,18.550099564134364,-4.841154438261231,43.666736419972416,42.17282175800944,43.55898533861017
CH,2024-09-09,81.9,-2.6,6.09,"Hendricks, Kyle",621035,543294,,foul,,,,,9,"Chris Taylor singles on a ground ball to shortstop Dansby Swanson, deflected by third baseman Isaac Paredes.",R,R,R,LAD,CHC,S,,,1,2,2024,-0.08,0.77,0.63,1.61,,,,1,5,Bot,,,,,,,7.335058195149799,-119.15986271798292,-5.082994205315081,-1.8846800719006715,18.810123208458958,-24.083759161541305,3.56,1.63,4.0,74.2,-23.0,81.3,2269,5.5,746101,665804,683737,663538,670623,621020,664023,691718,641355,55.0,,,,,,,,39,4,Changeup,0,4,0,4,4,0,0,4,Standard,Standard,234,0.0,0.0,65.2,8.2,,0.0,88.0,-4,-4,0.093,0.093,34,33,35,34,2,1,6.0,1.0,6.0,2.0,2.58,0.08,0.08,46.5,21.89654061493413,-10.894131890793457,43.8776155414088,44.25754636373066,45.08606788175797
CH,2024-09-09,82.4,-2.5,5.99,"Hendricks, Kyle",621035,543294,,ball,,,,,14,"Chris Taylor singles on a ground ball to shortstop Dansby Swanson, deflected by third baseman Isaac Paredes.",R,R,R,LAD,CHC,B,,,0,2,2024,-0.29,0.86,1.55,-0.44,,,,1,5,Bot,,,,,,,9.62481222439675,-119.43963252986995,-9.70009230596354,-4.365701329030482,19.213229855349244,-22.368958525233296,3.56,1.67,,,,81.9,2287,5.8,746101,665804,683737,663538,670623,621020,664023,691718,641355,54.69,,,,,,,,39,3,Changeup,0,4,0,4,4,0,0,4,Standard,Standard,234,0.0,0.02,,,,-0.02,,-4,-4,0.093,0.093,34,33,35,34,2,1,6.0,1.0,6.0,2.0,2.48,0.29,0.29,46.4,,,,,
CH,2024-09-09,81.7,-2.57,6.04,"Hendricks, Kyle",621035,543294,,swinging_strike,,,,,14,"Chris Taylor singles on a ground ball to shortstop Dansby Swanson, deflected by third baseman Isaac Paredes.",R,R,R,LAD,CHC,S,,,0,1,2024,-0.3,0.95,1.09,1.52,,,,1,5,Bot,,,,,,,8.702263605998747,-118.67228060273824,-5.426108618815056,-4.319406388457319,20.099354489139145,-22.296695950445677,3.56,1.63,,,,81.1,2195,5.7,746101,665804,683737,663538,670623,621020,664023,691718,641355,54.75,,,,,,,,39,2,Changeup,0,4,0,4,4,0,0,4,Standard,Standard,237,0.0,-0.057,72.5,8.2,,0.057,,-4,-4,0.093,0.093,34,33,35,34,2,1,6.0,1.0,6.0,2.0,2.44,0.3,0.3,46.6,23.19471843885815,-16.643352107379506,38.50822427854852,50.4460160279301,45.72039136185656
FF,2024-09-09,89.0,-2.6,5.9,"Hendricks, Kyle",621035,543294,,foul,,,,,6,"Chris Taylor singles on a ground ball to shortstop Dansby Swanson, deflected by third baseman Isaac Paredes.",R,R,R,LAD,CHC,S,,,0,0,2024,-0.6,1.22,0.36,2.73,,,,1,5,Bot,,,,,,,8.410655140247805,-129.42075649234744,-4.286413660268423,-8.468234676823903,25.521590792221456,-17.74966646971429,3.56,1.63,250.0,82.7,48.0,88.0,2098,5.6,746101,665804,683737,663538,670623,621020,664023,691718,641355,54.92,,,,,,,,39,1,4-Seam Fastball,0,4,0,4,4,0,0,4,Standard,Standard,218,0.0,-0.037,70.6,6.7,,0.037,88.0,-4,-4,0.093,0.093,34,33,35,34,2,1,6.0,1.0,6.0,2.0,1.65,0.6,0.6,44.1,7.542818267528045,13.271691987851888,35.70844061201888,42.135342351256845,25.8185956442478
CH,2024-09-09,81.3,-2.64,6.06,"Hendricks, Kyle",500743,543294,field_out,hit_into_play,,,,,14,"Miguel Rojas grounds out, third baseman Isaac Paredes to first baseman Michael Busch.",R,R,R,LAD,CHC,X,5.0,ground_ball,1,2,2024,-0.29,0.54,1.1,1.48,,,,0,5,Bot,99.91,168.68,,,,,8.802407372700031,-118.19458236827865,-4.727300638936582,-4.155812126499549,19.13215499120444,-26.401138338150314,3.2,1.56,1.0,64.2,-47.0,80.6,2272,5.5,746101,665804,683737,663538,670623,621020,664023,691718,641355,54.96,0.246,0.213,0.0,1.0,0.0,0.0,2.0,38,5,Changeup,0,4,0,4,4,0,0,4,Standard,Standard,236,-0.018,-0.186,61.6,7.1,0.248,0.186,88.0,-4,-4,0.111,0.111,34,35,35,35,2,1,6.0,2.0,6.0,1.0,2.87,0.29,0.29,46.2,-0.4804635232103049,13.889493300423936,36.43278737607281,47.72061667793185,29.74533632456282
CH,2024-09-09,81.4,-2.48,6.06,"Hendricks, Kyle",500743,543294,,foul,,,,,14,"Miguel Rojas grounds out, third baseman Isaac Paredes to first baseman Michael Busch.",R,R,R,LAD,CHC,S,,,1,2,2024,-0.27,0.9,1.05,1.04,,,,0,5,Bot,,,,,,,8.278420478502913,-118.21823480481495,-6.364080986427062,-3.906088844886552,19.599133790697195,-22.769261582412454,3.2,1.56,,,,80.5,2202,5.5,746101,665804,683737,663538,670623,621020,664023,691718,641355,55.02,,,,,,,,38,4,Changeup,0,4,0,4,4,0,0,4,Standard,Standard,234,0.0,0.0,67.8,8.2,,0.0,,-4,-4,0.111,0.111,34,35,35,35,2,1,6.0,2.0,6.0,1.0,2.52,0.27,0.27,48.3,15.62629220696001,-15.484223630631655,38.68377292024545,46.74049051494477,41.03778531439853
CH,2024-09-09,80.6,-2.55,6.04,"Hendricks, Kyle",500743,543294,,swinging_strike,,,,,14,"Miguel Rojas grounds out, third baseman Isaac Paredes to first baseman Michael Busch.",R,R,R,LAD,CHC,S,,,1,1,2024,-0.29,0.98,1.01,1.62,,,,0,5,Bot,,,,,,,8.3454849466578,-117.23035930481169,-5.045280901452309,-4.032627822970761,18.56771432611041,-22.38203654703576,3.2,1.56,,,,80.1,2292,5.6,746101,665804,683737,663538,670623,621020,664023,691718,641355,54.89,,,,,,,,38,3,Changeup,0,4,0,4,4,0,0,4,Standard,Standard,230,0.0,-0.056,69.1,8.6,,0.056,,-4,-4,0.111,0.111,34,35,35,35,2,1,6.0,2.0,6.0,1.0,2.49,0.29,0.29,47.0,23.82651100156137,-28.78987507809892,31.591329856728446,45.74134392945609,49.22810515587834
CH,2024-09-09,80.4,-2.62,6.07,"Hendricks, Kyle",500743,543294,,foul,,,,,5,"Miguel Rojas grounds out, third baseman Isaac Paredes to first baseman Michael Busch.",R,R,R,LAD,CHC,S,,,1,0,2024,-0.3,0.77,-0.11,2.31,,,,0,5,Bot,,,,,,,6.052280271340669,-116.98802519053191,-3.1161867970408395,-3.851095163843712,20.848505312729703,-24.69139611455845,3.2,1.56,286.0,83.5,49.0,79.5,2240,5.5,746101,665804,683737,663538,670623,621020,664023,691718,641355,54.96,,,,,,,,38,2,Changeup,0,4,0,4,4,0,0,4,Standard,Standard,225,0.0,-0.049,63.0,8.2,,0.049,88.0,-4,-4,0.111,0.111,34,35,35,35,2,1,6.0,2.0,6.0,1.0,2.74,0.3,0.3,47.1,21.140793077053505,-36.39324354864504,29.13486283848657,33.01945290440369,48.94305644384232
SI,2024-09-09,87.3,-2.55,5.95,"Hendricks, Kyle",500743,543294,,ball,,,,,14,"Miguel Rojas grounds out, third baseman Isaac Paredes to first baseman Michael Busch.",R,R,R,LAD,CHC,B,,,0,0,2024,-1.11,0.38,1.1,0.82,,,,0,5,Bot,,,,,,,10.883564098348897,-126.72592304283889,-6.9465762125240325,-13.981909601389615,21.776399465698976,-26.950987286980556,3.2,1.65,,,,86.6,2043,5.6,746101,665804,683737,663538,670623,621020,664023,691718,641355,54.9,,,,,,,,38,1,Sinker,0,4,0,4,4,0,0,4,Standard,Standard,213,0.0,0.038,,,,-0.038,,-4,-4,0.111,0.111,34,35,35,35,2,1,6.0,2.0,6.0,1.0,2.59,1.11,1.11,45.2,,,,,
CH,2024-09-09,81.9,-2.68,6.05,"Hendricks, Kyle",666158,543294,field_out,hit_into_play,,,,,13,"Gavin Lux grounds out, second baseman Nico Hoerner to first baseman Michael Busch.",R,L,R,LAD,CHC,X,4.0,ground_ball,0,2,2024,-1.28,0.63,-0.82,1.26,,,,2,4,Bot,142.67,154.86,,,,,6.5372440440958535,-119.05500573760102,-5.419305434169349,-13.42976826021385,20.99435772742489,-25.335873064593898,3.25,1.57,7.0,79.5,-11.0,80.8,2206,5.4,746101,665804,683737,663538,670623,621020,664023,691718,641355,55.1,0.063,0.071,0.0,1.0,0.0,0.0,2.0,34,3,Changeup,0,4,0,4,4,0,0,4,Infield shade,Standard,231,-0.007,-0.157,71.5,7.8,0.071,0.157,88.0,-4,-4,0.102,0.102,34,26,35,27,2,1,6.0,1.0,6.0,1.0,2.75,1.28,-1.28,46.6,11.457016404766753,4.819583144551808,35.193132113640004,45.962277726108525,36.9975852702757
CH,2024-09-09,81.8,-2.66,6.0,"Hendricks, Kyle",666158,543294,,foul,,,,,13,"Gavin Lux grounds out, second baseman Nico Hoerner to first baseman Michael Busch.",R,L,R,LAD,CHC,S,,,0,1,2024,-1.11,0.66,-0.41,1.22,,,,2,4,Bot,,,,,,,7.090013693001453,-118.95536325888114,-5.494161120063506,-11.82127958960295,19.002925590560903,-25.107974026468543,3.25,1.57,4.0,64.6,-17.0,81.2,2266,5.5,746101,665804,683737,663538,670623,621020,664023,691718,641355,54.98,,,,,,,,34,2,Changeup,0,4,0,4,4,0,0,4,Infield shade,Standard,226,0.0,-0.058,73.8,8.6,,0.058,88.0,-4,-4,0.102,0.102,34,26,35,27,2,1,6.0,1.0,6.0,1.0,2.71,1.11,-1.11,44.9,25.96765330935796,-17.691515925948302,37.28003151843353,40.15624218684149,51.13102937527508
SI,2024-09-09,87.5,-2.71,5.94,"Hendricks, Kyle",666158,543294,,called_strike,,,,,7,"Gavin Lux grounds out, second baseman Nico Hoerner to first baseman Michael Busch.",R,L,R,LAD,CHC,S,,,0,0,2024,-1.24,0.75,-0.54,1.83,,,,2,4,Bot,,,,,,,7.657534685712219,-127.3247439685863,-5.35244360315913,-14.948184694958472,21.90528808429525,-23.13988444802442,3.37,1.6,,,,87.0,2010,5.6,746101,665804,683737,663538,670623,621020,664023,691718,641355,54.9,,,,,,,,34,1,Sinker,0,4,0,4,4,0,0,4,Infield shade,Standard,212,0.0,-0.041,,,,0.041,,-4,-4,0.102,0.102,34,26,35,27,2,1,6.0,1.0,6.0,1.0,2.19,1.24,-1.24,45.6,,,,,
SI,2024-09-09,87.2,-2.67,5.94,"Hendricks, Kyle",669242,543294,field_out,hit_into_play,,,,,4,Tommy Edman lines out to left fielder Ian Happ.,R,L,R,LAD,CHC,X,7.0,line_drive,0,0,2024,-1.08,0.75,-0.48,2.07,,,,1,4,Bot,76.87,78.19,,,,,7.371089011774661,-126.95407207955,-4.735665165087076,-13.029554502239636,21.39053019548065,-23.307834932718094,3.25,1.47,323.0,98.6,18.0,86.6,2077,5.5,746101,665804,683737,663538,670623,621020,664023,691718,641355,55.04,0.369,0.403,0.0,1.0,0.0,0.0,4.0,33,1,Sinker,0,4,0,4,4,0,0,4,Standard,Standard,213,-0.012,-0.256,68.3,6.2,0.597,0.256,98.6,-4,-4,0.114,0.114,34,29,35,29,2,1,6.0,1.0,6.0,1.0,2.2,1.08,-1.08,44.4,1.380851678426487,8.711731967127864,31.13700009888809,40.38413464797849,23.105368293580494
CH,2024-09-09,81.0,-2.57,6.04,"Hendricks, Kyle",669257,543294,field_out,hit_into_play,,,,,2,Will Smith flies out to left fielder Ian Happ.,R,R,R,LAD,CHC,X,7.0,fly_ball,3,1,2024,-0.35,1.0,0.27,2.93,,,,0,4,Bot,53.7,92.91,,,,,6.926239291633365,-117.90980052465808,-2.2794438628578506,-4.410304938874989,19.562607320524357,-22.57168947476138,3.32,1.52,317.0,90.5,43.0,80.4,2272,5.6,746101,665804,683737,663538,670623,621020,664023,691718,641355,54.92,0.014,0.026,0.0,1.0,0.0,0.0,3.0,32,5,Changeup,0,4,0,4,4,0,0,4,Standard,Standard,227,-0.019,-0.418,75.1,8.0,0.044,0.418,90.5,-4,-4,0.133,0.133,34,29,35,29,2,1,6.0,1.0,6.0,1.0,2.44,0.35,0.35,46.5,22.03905155572273,-19.287500490913647,33.0867156019164,38.63602471570509,44.13511197466841
FF,2024-09-09,86.2,-2.63,5.9,"Hendricks, Kyle",669257,543294,,called_strike,,,,,9,Will Smith flies out to left fielder Ian Happ.,R,R,R,LAD,CHC,S,,,3,0,2024,-0.26,1.1,0.64,2.08,,,,0,4,Bot,,,,,,,8.17917680892018,-125.33546626459714,-5.07139768750473,-4.237155458945894,23.00404539241014,-19.732628944574618,3.32,1.58,,,,85.4,2104,5.6,746101,665804,683737,663538,670623,621020,664023,691718,641355,54.9,,,,,,,,32,4,4-Seam Fastball,0,4,0,4,4,0,0,4,Standard,Standard,212,0.0,-0.09,,,,0.09,,-4,-4,0.133,0.133,34,29,35,29,2,1,6.0,1.0,6.0,1.0,1.95,0.26,0.26,43.9,,,,,
SI,2024-09-09,85.5,-2.6,6.04,"Hendricks, Kyle",669257,543294,,ball,,,,,9,Will Smith flies out to left fielder Ian Happ.,R,R,R,LAD,CHC,B,,,2,0,2024,-0.94,0.42,0.7,1.56,,,,0,4,Bot,,,,,,,9.50933647481091,-124.28298905655548,-5.149706163823943,-11.41584087786325,20.508154410993995,-27.073679592493868,3.32,1.51,,,,84.9,2030,5.6,746101,665804,683737,663538,670623,621020,664023,691718,641355,54.95,,,,,,,,32,3,Sinker,0,4,0,4,4,0,0,4,Standard,Standard,208,0.0,0.147,,,,-0.147,,-4,-4,0.133,0.133,34,29,35,29,2,1,6.0,1.0,6.0,1.0,2.66,0.94,0.94,47.0,,,,,
FF,2024-09-09,87.1,-2.65,5.89,"Hendricks, Kyle",669257,543294,,ball,,,,,14,Will Smith flies out to left fielder Ian Happ.,R,R,R,LAD,CHC,B,,,1,0,2024,-0.23,1.05,1.15,1.3,,,,0,4,Bot,,,,,,,9.453326033923268,-126.452857665602,-6.988475209092306,-4.169556867479793,22.05581475157416,-19.64896808337973,3.21,1.48,,,,86.3,2054,5.6,746101,665804,683737,663538,670623,621020,664023,691718,641355,54.93,,,,,,,,32,2,4-Seam Fastball,0,4,0,4,4,0,0,4,Standard,Standard,211,0.0,0.069,,,,-0.069,,-4,-4,0.133,0.133,34,29,35,29,2,1,6.0,1.0,6.0,1.0,1.93,0.23,0.23,43.0,,,,,
CU,2024-09-09,72.5,-2.61,6.07,"Hendricks, Kyle",669257,543294,,ball,,,,,11,Will Smith flies out to left fielder Ian Happ.,R,R,R,LAD,CHC,B,,,0,0,2024,1.03,-0.77,-0.71,3.67,,,,0,4,Bot,,,,,,,2.0107425150288925,-105.40636235830328,3.86242206363979,7.311860106677601,18.34058068004032,-38.82575002457392,3.23,1.51,,,,71.3,2858,5.4,746101,665804,683737,663538,670623,621020,664023,691718,641355,55.07,,,,,,,,32,1,Curveball,0,4,0,4,4,0,0,4,Standard,Standard,41,0.0,0.038,,,,-0.038,,-4,-4,0.133,0.133,34,29,35,29,2,1,6.0,1.0,6.0,1.0,5.13,-1.03,-1.03,46.8,,,,,
CH,2024-09-09,82.4,-2.66,5.98,"Hendricks, Kyle",571970,543294,field_out,hit_into_play,,,,,7,Max Muncy lines out to first baseman Michael Busch.,R,L,R,LAD,CHC,X,3.0,line_drive,0,0,2024,-1.19,0.61,-0.5,1.91,660271.0,605141.0,518692.0,2,3,Bot,162.18,161.11,,,,,7.11632030433503,-119.91924968697094,-3.954514682740836,-12.7722494168705,20.09166729514603,-25.73566606922809,3.06,1.49,133.0,98.2,9.0,81.9,2368,5.6,746101,665804,683737,663538,670623,621020,664023,691718,641355,54.88,0.683,0.636,0.0,1.0,0.0,0.0,4.0,26,1,Changeup,0,3,0,3,3,0,0,3,Standard,Standard,227,-0.078,-0.275,73.8,7.8,0.786,0.275,98.2,-3,-3,0.254,0.254,34,33,35,34,2,1,6.0,1.0,6.0,1.0,2.71,1.19,-1.19,44.4,23.318965446520327,-8.168199441863626,36.566451129873606,42.43404647925322,41.120352204007375
FF,2024-09-09,88.6,-2.69,5.88,"Hendricks, Kyle",518692,543294,walk,ball,,,,,11,Freddie Freeman walks. Shohei Ohtani to 3rd. Mookie Betts to 2nd.,R,L,R,LAD,CHC,B,,,3,2,2024,-0.58,1.03,-0.35,4.24,,660271.0,605141.0,2,3,Bot,,,,,,,6.801819766869486,-129.0528901167528,-0.1780512684665241,-7.754666739110859,23.55597892089632,-20.73896280647382,3.67,1.76,,,,87.6,2115,5.3,746101,665804,683737,663538,670623,621020,664023,691718,641355,55.15,,0.689131,0.7,1.0,0.0,0.0,,25,8,4-Seam Fastball,0,3,0,3,3,0,0,3,Strategic,Standard,214,0.035,0.216,,,,-0.216,,-3,-3,0.219,0.219,34,34,35,35,2,1,6.0,1.0,6.0,1.0,1.84,0.58,-0.58,41.9,,,,,
CU,2024-09-09,75.8,-2.58,5.95,"Hendricks, Kyle",518692,543294,,foul,,,,,4,Freddie Freeman walks. Shohei Ohtani to 3rd. Mookie Betts to 2nd.,R,L,R,LAD,CHC,S,,,3,2,2024,1.13,-0.75,-0.5,2.6,,660271.0,605141.0,2,3,Bot,,,,,,,2.278329317413768,-110.32676590064808,1.3674718115636857,8.847280643111272,19.94180852250249,-38.72270757531064,3.67,1.76,173.0,71.4,24.0,74.4,2957,5.3,746101,665804,683737,663538,670623,621020,664023,691718,641355,55.19,,,,,,,,25,7,Curveball,0,3,0,3,3,0,0,3,Strategic,Standard,43,0.0,0.0,66.3,5.8,,0.0,88.0,-3,-3,0.219,0.219,34,34,35,35,2,1,6.0,1.0,6.0,1.0,4.72,-1.13,1.13,45.3,-12.73065668818379,22.39272984403141,48.476613427593165,43.26486678453031,15.061851440387075
CH,2024-09-09,82.7,-2.63,6.0,"Hendricks, Kyle",518692,543294,,foul,,,,,4,Freddie Freeman walks. Shohei Ohtani to 3rd. Mookie Betts to 2nd.,R,L,R,LAD,CHC,S,,,3,2,2024,-1.17,0.45,-0.63,3.0,,660271.0,605141.0,2,3,Bot,,,,,,,6.728274343578192,-120.41426355051384,-1.2864874093261225,-12.68328107391347,21.01722573754326,-27.76874524981899,3.67,1.76,,,,81.9,2318,5.5,746101,665804,683737,663538,670623,621020,664023,691718,641355,55.03,,,,,,,,25,6,Changeup,0,3,0,3,3,0,0,3,Standard,Standard,228,0.0,0.0,68.4,6.4,,0.0,,-3,-3,0.219,0.219,34,34,35,35,2,1,6.0,1.0,6.0,1.0,2.86,1.17,-1.17,44.3,3.528106306696764,11.931842946580309,38.97676942305117,45.2816987914067,20.358848784540847
SI,2024-09-09,88.9,-2.58,5.96,"Hendricks, Kyle",518692,543294,,ball,,,,,12,Freddie Freeman walks. Shohei Ohtani to 3rd. Mookie Betts to 2nd.,R,L,R,LAD,CHC,B,,,2,2,2024,-0.99,0.53,0.44,4.93,,660271.0,605141.0,2,3,Bot,,,,,,,9.27897550847493,-129.26724107102163,2.2705550845152747,-12.857793210844868,23.6349067821748,-26.79523008634297,3.67,1.78,,,,87.6,2089,5.2,746101,665804,683737,663538,670623,621020,664023,691718,641355,55.29,,,,,,,,25,5,Sinker,0,3,0,3,3,0,0,3,Strategic,Standard,212,0.0,0.093,,,,-0.093,,-3,-3,0.219,0.219,34,34,35,35,2,1,6.0,1.0,6.0,1.0,2.33,0.99,-0.99,45.1,,,,,
CH,2024-09-09,81.8,-2.62,6.05,"Hendricks, Kyle",518692,543294,,called_strike,,,,,1,Freddie Freeman walks. Shohei Ohtani to 3rd. Mookie Betts to 2nd.,R,L,R,LAD,CHC,S,,,2,1,2024,-1.3,0.39,-0.34,3.56,,660271.0,605141.0,2,3,Bot,,,,,,,7.48637131098495,-118.90744120701233,0.1716106720476242,-13.734768507874673,22.447131818132338,-28.698035246154436,3.67,1.76,,,,80.2,2301,5.2,746101,665804,683737,663538,670623,621020,664023,691718,641355,55.26,,,,,,,,25,4,Changeup,0,3,0,3,3,0,0,3,Strategic,Standard,227,0.0,-0.102,,,,0.102,,-3,-3,0.219,0.219,34,34,35,35,2,1,6.0,1.0,6.0,1.0,3.02,1.3,-1.3,45.3,,,,,
SI,2024-09-09,88.4,-2.68,5.92,"Hendricks, Kyle",518692,543294,,ball,,,,,11,Freddie Freeman walks. Shohei Ohtani to 3rd. Mookie Betts to 2nd.,R,L,R,LAD,CHC,B,,,1,1,2024,-1.09,0.83,-1.39,3.18,,660271.0,605141.0,2,3,Bot,,,,,,,5.339558801761149,-128.785245787697,-2.378732894428889,-13.267731928925334,24.537344968663582,-22.604554301995428,3.67,1.76,,,,87.5,2066,5.4,746101,665804,683737,663538,670623,621020,664023,691718,641355,55.06,,,,,,,,25,3,Sinker,0,3,0,3,3,0,0,3,Standard,Standard,211,0.0,0.042,,,,-0.042,,-3,-3,0.219,0.219,34,34,35,35,2,1,6.0,1.0,6.0,1.0,2.06,1.09,-1.09,43.4,,,,,
CH,2024-09-09,82.0,-2.72,6.0,"Hendricks, Kyle",518692,543294,,ball,,,,,13,Freddie Freeman walks. Shohei Ohtani to 3rd. Mookie Betts to 2nd.,R,L,R,LAD,CHC,B,,,0,1,2024,-1.25,0.56,-0.54,1.09,,660271.0,605141.0,2,3,Bot,,,,,,,7.207896039077128,-119.09939375015423,-5.530353196496516,-13.302572739572804,22.33549392335188,-26.01043041824141,3.67,1.76,,,,80.6,2319,5.4,746101,665804,683737,663538,670623,621020,664023,691718,641355,55.13,,,,,,,,25,2,Changeup,0,3,0,3,3,0,0,3,Standard,Standard,225,0.0,0.033,,,,-0.033,,-3,-3,0.219,0.219,34,34,35,35,2,1,6.0,1.0,6.0,1.0,2.84,1.25,-1.25,43.1,,,,,
CH,2024-09-09,81.5,-2.59,6.05,"Hendricks, Kyle",518692,543294,,called_strike,,,,,4,Freddie Freeman walks. Shohei Ohtani to 3rd. Mookie Betts to 2nd.,R,L,R,LAD,CHC,S,,,0,0,2024,-1.04,0.33,-0.42,2.51,,660271.0,605141.0,2,3,Bot,,,,,,,6.736766080979528,-118.60335750850332,-2.042036422051457,-11.109742456543293,21.092115688943984,-28.8410405240928,3.67,1.83,,,,80.3,2227,5.3,746101,665804,683737,663538,670623,621020,664023,691718,641355,55.2,,,,,,,,25,1,Changeup,0,3,0,3,3,0,0,3,Standard,Standard,224,0.0,-0.048,,,,0.048,,-3,-3,0.219,0.219,34,34,35,35,2,1,6.0,1.0,6.0,1.0,3.08,1.04,-1.04,43.7,,,,,
FF,2024-09-09,88.7,-2.64,5.85,"Hendricks, Kyle",605141,543294,walk,ball,,,,,12,Mookie Betts walks.,R,R,R,LAD,CHC,B,,,3,0,2024,-0.44,1.23,1.2,3.45,,660271.0,,2,3,Bot,,,,,,,10.10789016909983,-128.88531384700264,-2.3711728805156804,-6.8610460565927145,25.31743291447692,-18.128526669780214,3.23,1.46,,,,87.4,2207,5.4,746101,665804,683737,663538,670623,621020,664023,691718,641355,55.07,,0.689131,0.7,1.0,0.0,0.0,,24,4,4-Seam Fastball,0,3,0,3,3,0,0,3,Standard,Standard,212,0.013,0.026,,,,-0.026,,-3,-3,0.206,0.206,34,31,35,32,2,1,6.0,1.0,6.0,1.0,1.66,0.44,0.44,39.9,,,,,
CH,2024-09-09,80.7,-2.53,5.96,"Hendricks, Kyle",605141,543294,,ball,,,,,14,Mookie Betts walks.,R,R,R,LAD,CHC,B,,,2,0,2024,-0.38,1.06,0.78,1.07,,660271.0,,2,3,Bot,,,,,,,7.944821405498299,-117.26460924991326,-6.195734052942648,-4.828757028296864,19.4967512789648,-21.44381836500324,3.1,1.46,,,,79.8,2230,5.5,746101,665804,683737,663538,670623,621020,664023,691718,641355,55.02,,,,,,,,24,3,Changeup,0,3,0,3,3,0,0,3,Standard,Standard,234,0.0,0.048,,,,-0.048,,-3,-3,0.206,0.206,34,31,35,32,2,1,6.0,1.0,6.0,1.0,2.42,0.38,0.38,43.7,,,,,
CH,2024-09-09,81.2,-2.57,6.0,"Hendricks, Kyle",605141,543294,,ball,,,,,14,Mookie Betts walks.,R,R,R,LAD,CHC,B,,,1,0,2024,-0.26,0.91,1.32,2.34,,,660271.0,2,3,Bot,,,,,,,9.028466805071366,-117.97733333084666,-3.314883224983082,-4.022985889487987,20.494889561242847,-23.182408662899014,3.21,1.53,,,,80.0,2043,5.4,746101,665804,683737,663538,670623,621020,664023,691718,641355,55.12,,,,,,,,24,2,Changeup,0,3,0,3,3,0,0,3,Infield shade,Standard,226,0.008,0.05,,,,-0.05,,-3,-3,0.198,0.198,34,31,35,32,2,1,6.0,1.0,6.0,1.0,2.53,0.26,0.26,44.8,,,,,
CH,2024-09-09,81.1,-2.59,5.98,"Hendricks, Kyle",605141,543294,,blocked_ball,,,,,14,Mookie Betts walks.,R,R,R,LAD,CHC,B,,,0,0,2024,-0.36,0.71,1.45,0.28,,,660271.0,2,3,Bot,,,,,,,9.542127671406558,-117.73308468588,-7.401082351010006,-4.965465551163939,19.72193402204657,-24.396501999005437,3.16,1.41,,,,80.2,2141,5.5,746101,665804,683737,663538,670623,621020,664023,691718,641355,54.99,,,,,,,,24,1,Changeup,0,3,0,3,3,0,0,3,Infield shade,Standard,233,0.0,0.034,,,,-0.034,,-3,-3,0.198,0.198,34,31,35,32,2,1,6.0,1.0,6.0,1.0,2.74,0.36,0.36,43.4,,,,,
SI,2024-09-09,87.8,-2.71,5.95,"Hendricks, Kyle",660271,543294,walk,ball,,,,,11,Shohei Ohtani walks.,R,L,R,LAD,CHC,B,,,3,0,2024,-1.21,0.6,-1.09,2.65,,,,2,3,Bot,,,,,,,6.296501280921338,-127.78273116583364,-3.1097555207844185,-14.528193990809728,24.635154872301168,-25.150591711741825,3.47,1.55,,,,86.6,2141,5.4,746101,665804,683737,663538,670623,621020,664023,691718,641355,55.1,,0.689131,0.7,1.0,0.0,0.0,,23,4,Sinker,0,3,0,3,3,0,0,3,Infield shade,Standard,216,0.013,0.12,,,,-0.12,,-3,-3,0.185,0.185,34,29,35,30,2,1,6.0,1.0,6.0,1.0,2.34,1.21,-1.21,43.8,,,,,
CH,2024-09-09,82.2,-2.72,6.02,"Hendricks, Kyle",660271,543294,,ball,,,,,13,Shohei Ohtani walks.,R,L,R,LAD,CHC,B,,,2,0,2024,-1.19,0.69,-1.15,1.89,,,,2,3,Bot,,,,,,,5.780034028028389,-119.63098085888832,-4.161291793544282,-12.563696416182218,21.48804944742124,-24.934863305236245,3.47,1.57,,,,81.3,2338,5.5,746101,665804,683737,663538,670623,621020,664023,691718,641355,55.02,,,,,,,,23,3,Changeup,0,3,0,3,3,0,0,3,Infield shade,Standard,228,0.0,0.109,,,,-0.109,,-3,-3,0.185,0.185,34,29,35,30,2,1,6.0,1.0,6.0,1.0,2.66,1.19,-1.19,45.9,,,,,
CU,2024-09-09,76.6,-2.63,5.98,"Hendricks, Kyle",660271,543294,,ball,,,,,14,Shohei Ohtani walks.,R,L,R,LAD,CHC,B,,,1,0,2024,1.13,-0.62,0.9,2.12,,,,2,3,Bot,,,,,,,5.3069003231961,-111.44845083239808,-0.032023884916629,8.462356375291641,20.34443825218783,-37.572214657378005,3.47,1.61,,,,75.2,2952,5.3,746101,665804,683737,663538,670623,621020,664023,691718,641355,55.16,,,,,,,,23,2,Curveball,0,3,0,3,3,0,0,3,Infield shade,Standard,40,0.0,0.068,,,,-0.068,,-3,-3,0.185,0.185,34,29,35,30,2,1,6.0,1.0,6.0,1.0,4.51,-1.13,1.13,45.4,,,,,
SI,2024-09-09,89.5,-2.73,5.9,"Hendricks, Kyle",660271,543294,,ball,,,,,13,Shohei Ohtani walks.,R,L,R,LAD,CHC,B,,,0,0,2024,-1.17,0.62,-1.3,1.56,,,,2,3,Bot,,,,,,,5.891999846303665,-130.12911349900426,-5.938241884373632,-14.574452442981292,26.183089654015667,-24.0555547789407,3.47,1.64,,,,88.3,2141,5.5,746101,665804,683737,663538,670623,621020,664023,691718,641355,54.98,,,,,,,,23,1,Sinker,0,3,0,3,3,0,0,3,Infield shade,Standard,216,0.0,0.04,,,,-0.04,,-3,-3,0.185,0.185,34,29,35,30,2,1,6.0,1.0,6.0,1.0,2.22,1.17,-1.17,42.9,,,,,
SI,2024-09-09,89.1,-2.54,5.98,"Hendricks, Kyle",621035,543294,strikeout,called_strike,,,,,6,Chris Taylor called out on strikes.,R,R,R,LAD,CHC,S,2.0,,2,2,2024,-1.0,0.7,0.63,2.66,,,,1,3,Bot,,,,,,,9.70263372833396,-129.39330367346454,-3.584714353686123,-13.195214233421686,25.355740727111804,-23.723423471047663,3.56,1.65,,,,87.8,2181,5.5,746101,665804,683737,663538,670623,621020,664023,691718,641355,55.03,,0.0,0.0,1.0,0.0,0.0,,22,5,Sinker,0,3,0,3,3,0,0,3,Standard,Standard,210,-0.016,-0.225,,,,0.225,,-3,-3,0.201,0.201,34,33,35,34,1,0,6.0,1.0,6.0,2.0,2.17,1.0,1.0,45.7,,,,,
CH,2024-09-09,81.8,-2.56,6.09,"Hendricks, Kyle",621035,543294,,ball,,,,,14,Chris Taylor called out on strikes.,R,R,R,LAD,CHC,B,,,1,2,2024,-0.08,0.74,1.12,1.94,,,,1,3,Bot,,,,,,,8.305132567788739,-118.87148759476788,-4.1909292285796935,-2.259124204803504,20.79433453864766,-24.565337726578683,3.56,1.62,,,,80.6,2220,5.4,746101,665804,683737,663538,670623,621020,664023,691718,641355,55.13,,,,,,,,22,4,Changeup,0,3,0,3,3,0,0,3,Standard,Standard,229,0.0,0.043,,,,-0.043,,-3,-3,0.201,0.201,34,33,35,34,1,0,6.0,1.0,6.0,2.0,2.65,0.08,0.08,47.9,,,,,
CH,2024-09-09,81.7,-2.63,6.07,"Hendricks, Kyle",621035,543294,,ball,,,,,14,Chris Taylor called out on strikes.,R,R,R,LAD,CHC,B,,,0,2,2024,-0.09,0.66,0.91,1.78,,,,1,3,Bot,,,,,,,8.0009451556622,-118.79437716952404,-4.325135588968356,-2.2957676083336467,21.07423395547824,-25.318949516481908,3.56,1.59,,,,80.6,2288,5.4,746101,665804,683737,663538,670623,621020,664023,691718,641355,55.05,,,,,,,,22,3,Changeup,0,3,0,3,3,0,0,3,Standard,Standard,237,0.0,0.02,,,,-0.02,,-3,-3,0.201,0.201,34,33,35,34,1,0,6.0,1.0,6.0,2.0,2.74,0.09,0.09,46.0,,,,,
CH,2024-09-09,82.0,-2.65,6.1,"Hendricks, Kyle",621035,543294,,swinging_strike,,,,,14,Chris Taylor called out on strikes.,R,R,R,LAD,CHC,S,,,0,1,2024,-0.03,0.64,1.02,1.8,,,,1,3,Bot,,,,,,,8.182579141772484,-119.28754300438904,-4.470069689638111,-1.548170775575561,18.838984006088168,-25.39922811099416,3.56,1.63,,,,81.2,2188,5.3,746101,665804,683737,663538,670623,621020,664023,691718,641355,55.17,,,,,,,,22,2,Changeup,0,3,0,3,3,0,0,3,Standard,Standard,231,0.0,-0.057,71.4,8.3,,0.057,,-3,-3,0.201,0.201,34,33,35,34,1,0,6.0,1.0,6.0,2.0,2.7,0.03,0.03,47.0,24.58603989574931,-17.043300727729516,36.97984396082231,51.25325180677813,46.776983449125794
CH,2024-09-09,81.3,-2.61,6.05,"Hendricks, Kyle",621035,543294,,foul,,,,,12,Chris Taylor called out on strikes.,R,R,R,LAD,CHC,S,,,0,0,2024,-0.26,0.75,0.92,2.75,,,,1,3,Bot,,,,,,,8.299444954771262,-118.24181921948522,-2.285221749476464,-3.809421004243096,19.02412922918416,-24.88340438212542,3.56,1.63,12.0,63.6,-12.0,80.7,2252,5.6,746101,665804,683737,663538,670623,621020,664023,691718,641355,54.91,,,,,,,,22,1,Changeup,0,3,0,3,3,0,0,3,Standard,Standard,229,0.0,-0.037,73.3,7.7,,0.037,88.0,-3,-3,0.201,0.201,34,33,35,34,1,0,6.0,1.0,6.0,2.0,2.66,0.26,0.26,46.9,21.88242944577549,-19.503864497695503,33.36856401171436,47.66432588148161,47.92445690579187
SI,2024-09-09,88.0,-2.8,5.96,"Hendricks, Kyle",500743,543294,field_out,hit_into_play,,,,,4,"Miguel Rojas grounds out, shortstop Dansby Swanson to first baseman Michael Busch.",R,R,R,LAD,CHC,X,6.0,ground_ball,2,2,2024,-1.02,0.36,-0.45,2.27,,,,0,3,Bot,121.58,147.17,,,,,7.682689822466379,-128.13527674298192,-3.6718428190081527,-12.70154341903205,22.09877192054405,-27.635706002430616,3.2,1.56,5.0,90.4,-25.0,87.3,2065,5.4,746101,665804,683737,663538,670623,621020,664023,691718,641355,55.06,0.086,0.068,0.0,1.0,0.0,0.0,2.0,21,6,Sinker,0,3,0,3,3,0,0,3,Standard,Standard,213,-0.023,-0.227,62.6,5.7,0.096,0.227,90.4,-3,-3,0.224,0.224,34,35,35,35,1,0,6.0,2.0,6.0,1.0,2.54,1.02,1.02,43.3,-17.240487473129075,11.244924846583094,38.57818421894639,29.783362025244152,20.670902888021665
CU,2024-09-09,75.2,-2.68,5.9,"Hendricks, Kyle",500743,543294,,ball,,,,,14,"Miguel Rojas grounds out, shortstop Dansby Swanson to first baseman Michael Busch.",R,R,R,LAD,CHC,B,,,1,2,2024,1.0,-1.04,1.44,1.47,,,,0,3,Bot,,,,,,,6.654256790619061,-109.40022698615518,-0.1971952794619225,6.801167586994553,20.248044851729706,-40.66671172427737,3.2,1.6,,,,73.9,2936,5.4,746101,665804,683737,663538,670623,621020,664023,691718,641355,55.08,,,,,,,,21,5,Curveball,0,3,0,3,3,0,0,3,Standard,Standard,35,0.0,0.04,,,,-0.04,,-3,-3,0.224,0.224,34,35,35,35,1,0,6.0,2.0,6.0,1.0,5.09,-1.0,-1.0,44.5,,,,,
FF,2024-09-09,88.2,-2.7,5.88,"Hendricks, Kyle",500743,543294,,foul,,,,,11,"Miguel Rojas grounds out, shortstop Dansby Swanson to first baseman Michael Busch.",R,R,R,LAD,CHC,S,,,1,2,2024,-0.44,1.18,-0.01,3.49,,,,0,3,Bot,,,,,,,7.360008499345866,-128.37004478081752,-2.218091715176908,-6.257338747050624,22.946492098419565,-18.77289827012402,3.2,1.56,245.0,75.0,39.0,87.5,2099,5.5,746101,665804,683737,663538,670623,621020,664023,691718,641355,54.99,,,,,,,,21,4,4-Seam Fastball,0,3,0,3,3,0,0,3,Standard,Standard,217,0.0,0.0,56.3,4.6,,0.0,88.0,-3,-3,0.224,0.224,34,35,35,35,1,0,6.0,2.0,6.0,1.0,1.72,0.44,0.44,42.4,-14.182467707435856,32.26386506771449,29.590528993823703,35.83104202474947,13.535456553187997
CH,2024-09-09,80.8,-2.63,6.09,"Hendricks, Kyle",500743,543294,,foul,,,,,6,"Miguel Rojas grounds out, shortstop Dansby Swanson to first baseman Michael Busch.",R,R,R,LAD,CHC,S,,,1,1,2024,-0.15,0.82,0.4,2.55,,,,0,3,Bot,,,,,,,6.933291830411585,-117.57726074771642,-2.8653208744714727,-2.5149200073054185,18.46304490134394,-24.216757925339195,3.2,1.56,233.0,79.1,51.0,80.1,2254,5.5,746101,665804,683737,663538,670623,621020,664023,691718,641355,55.04,,,,,,,,21,3,Changeup,0,3,0,3,3,0,0,3,Standard,Standard,224,0.0,-0.056,62.4,6.6,,0.056,88.0,-3,-3,0.224,0.224,34,35,35,35,1,0,6.0,2.0,6.0,1.0,2.63,0.15,0.15,47.8,-4.185702028244144,5.050420977227614,33.19890523660062,39.21019498832257,25.895669894035343
CU,2024-09-09,75.3,-2.69,6.01,"Hendricks, Kyle",500743,543294,,ball,,,,,14,"Miguel Rojas grounds out, shortstop Dansby Swanson to first baseman Michael Busch.",R,R,R,LAD,CHC,B,,,0,1,2024,1.06,-0.67,1.0,1.11,,,,0,3,Bot,,,,,,,5.689399128079616,-109.59666020492634,-1.8933637598095991,7.657007383733608,17.995600990737028,-37.52308803199384,3.18,1.67,,,,74.3,2945,5.4,746101,665804,683737,663538,670623,621020,664023,691718,641355,55.09,,,,,,,,21,2,Curveball,0,3,0,3,3,0,0,3,Standard,Standard,40,0.0,0.025,,,,-0.025,,-3,-3,0.224,0.224,34,35,35,35,1,0,6.0,2.0,6.0,1.0,4.67,-1.06,-1.06,45.8,,,,,
SI,2024-09-09,88.2,-2.56,5.99,"Hendricks, Kyle",500743,543294,,called_strike,,,,,6,"Miguel Rojas grounds out, shortstop Dansby Swanson to first baseman Michael Busch.",R,R,R,LAD,CHC,S,,,0,0,2024,-1.04,0.61,0.62,2.57,,,,0,3,Bot,,,,,,,9.74766012108424,-128.27186216532422,-3.5363026263861386,-13.320143961492631,21.784427922638685,-24.92128060480392,3.32,1.61,,,,87.6,1982,5.5,746101,665804,683737,663538,670623,621020,664023,691718,641355,54.96,,,,,,,,21,1,Sinker,0,3,0,3,3,0,0,3,Standard,Standard,212,0.0,-0.037,,,,0.037,,-3,-3,0.224,0.224,34,35,35,35,1,0,6.0,2.0,6.0,1.0,2.28,1.04,1.04,45.8,,,,,
CH,2024-09-09,82.6,-2.72,6.08,"Hendricks, Kyle",666158,543294,field_out,hit_into_play,,,,,13,"Gavin Lux grounds out, second baseman Nico Hoerner to first baseman Michael Busch.",R,L,R,LAD,CHC,X,4.0,ground_ball,2,2,2024,-1.28,0.62,-1.23,1.6,,,,2,2,Bot,139.83,152.2,,,,,5.813793402405086,-120.23824511002684,-4.905158248151949,-13.57567676399156,21.577728959209956,-25.41479780569992,3.25,1.57,5.0,63.4,-18.0,81.8,2313,5.6,746101,665804,683737,663538,670623,621020,664023,691718,641355,54.94,0.057,0.059,0.0,1.0,0.0,0.0,2.0,17,5,Changeup,0,3,0,3,3,0,0,3,Infield shade,Standard,226,-0.009,-0.219,66.9,7.9,0.074,0.219,88.0,-3,-3,0.204,0.204,34,26,35,27,1,0,6.0,1.0,6.0,1.0,2.7,1.28,-1.28,45.8,13.962975393197556,3.398001627415128,31.513148296480217,50.37181503630031,40.07426294551534
CH,2024-09-09,83.2,-2.59,6.08,"Hendricks, Kyle",666158,543294,,ball,,,,,13,"Gavin Lux grounds out, second baseman Nico Hoerner to first baseman Michael Busch.",R,L,R,LAD,CHC,B,,,1,2,2024,-1.2,0.51,-0.85,1.02,,,,2,2,Bot,,,,,,,6.2343694478839575,-120.97698801236464,-6.095144770040305,-12.947715558642647,22.790776852698368,-26.19559719229547,3.25,1.54,,,,82.0,2291,5.4,746101,665804,683737,663538,670623,621020,664023,691718,641355,55.06,,,,,,,,17,4,Changeup,0,3,0,3,3,0,0,3,Infield shade,Standard,226,0.0,0.039,,,,-0.039,,-3,-3,0.204,0.204,34,26,35,27,1,0,6.0,1.0,6.0,1.0,2.78,1.2,-1.2,47.3,,,,,
CU,2024-09-09,76.2,-2.67,5.91,"Hendricks, Kyle",666158,543294,,ball,,,,,14,"Gavin Lux grounds out, second baseman Nico Hoerner to first baseman Michael Busch.",R,L,R,LAD,CHC,B,,,0,2,2024,1.21,-0.68,0.59,0.38,,,,2,2,Bot,,,,,,,4.610026186808353,-110.84688569924872,-3.3037178406523653,9.142553457689395,19.9986242190976,-37.41700203666145,3.25,1.53,,,,74.9,3050,5.4,746101,665804,683737,663538,670623,621020,664023,691718,641355,55.11,,,,,,,,17,3,Curveball,0,3,0,3,3,0,0,3,Standard,Standard,38,0.0,0.023,,,,-0.023,,-3,-3,0.204,0.204,34,26,35,27,1,0,6.0,1.0,6.0,1.0,4.61,-1.21,1.21,45.4,,,,,
CH,2024-09-09,81.8,-2.64,6.04,"Hendricks, Kyle",666158,543294,,foul,,,,,11,"Gavin Lux grounds out, second baseman Nico Hoerner to first baseman Michael Busch.",R,L,R,LAD,CHC,S,,,0,1,2024,-1.07,0.5,-0.99,2.86,,,,2,2,Bot,,,,,,,5.709830670019996,-119.15136221558576,-1.6816666722539777,-11.25789647361235,18.56022674150452,-27.27851620785272,3.25,1.57,224.0,73.8,40.0,81.4,2246,5.6,746101,665804,683737,663538,670623,621020,664023,691718,641355,54.94,,,,,,,,17,2,Changeup,0,3,0,3,3,0,0,3,Infield shade,Standard,229,0.0,-0.058,68.5,6.4,,0.058,88.0,-3,-3,0.204,0.204,34,26,35,27,1,0,6.0,1.0,6.0,1.0,2.85,1.07,-1.07,45.3,-1.2418453193068963,29.311124565768026,27.459538514475035,47.38111049192598,20.013991526629944
CH,2024-09-09,81.7,-2.56,6.09,"Hendricks, Kyle",666158,543294,,foul,,,,,5,"Gavin Lux grounds out, second baseman Nico Hoerner to first baseman Michael Busch.",R,L,R,LAD,CHC,S,,,0,0,2024,-0.88,0.59,0.0,2.54,,,,2,2,Bot,,,,,,,7.316663856795372,-118.9014020504532,-2.6546050580910823,-9.55140608000132,18.045949264175736,-26.23852669899314,3.25,1.57,160.0,76.7,69.0,81.0,2246,5.4,746101,665804,683737,663538,670623,621020,664023,691718,641355,55.14,,,,,,,,17,1,Changeup,0,3,0,3,3,0,0,3,Strategic,Standard,224,0.0,-0.041,74.8,7.0,,0.041,88.0,-3,-3,0.204,0.204,34,26,35,27,1,0,6.0,1.0,6.0,1.0,2.77,0.88,-0.88,46.4,9.340212423185294,4.243090720191018,33.47915777434059,35.293742988875906,37.31166876840024
CH,2024-09-09,82.1,-2.74,6.01,"Hendricks, Kyle",669242,543294,strikeout,swinging_strike,,,,,13,Tommy Edman strikes out swinging.,R,L,R,LAD,CHC,S,2.0,,0,2,2024,-1.23,0.4,-1.1,1.64,,,,1,2,Bot,,,,,,,6.00802445707739,-119.4939961514672,-4.178522081238259,-12.900242819359486,19.56885879627249,-27.822311660912558,3.25,1.47,,,,81.6,2214,5.6,746101,665804,683737,663538,670623,621020,664023,691718,641355,54.9,,0.0,0.0,1.0,0.0,0.0,,16,4,Changeup,0,3,0,3,3,0,0,3,Standard,Standard,227,-0.015,-0.162,69.0,7.3,,0.162,,-3,-3,0.219,0.219,34,29,35,29,1,0,6.0,1.0,6.0,1.0,2.94,1.23,-1.23,45.5,13.870136506854838,-8.3432875021583,26.44349667554789,46.77484524980493,36.80004107253037
FF,2024-09-09,88.8,-2.69,5.9,"Hendricks, Kyle",669242,543294,,foul,,,,,11,Tommy Edman strikes out swinging.,R,L,R,LAD,CHC,S,,,0,2,2024,-0.44,1.02,0.0,3.78,,,,1,2,Bot,,,,,,,7.371559336133619,-129.22078295391336,-1.3133811935436777,-6.320988123730073,24.85564152594674,-20.627575374227067,3.25,1.47,212.0,70.1,29.0,87.9,2134,5.5,746101,665804,683737,663538,670623,621020,664023,691718,641355,54.96,,,,,,,,16,3,4-Seam Fastball,0,3,0,3,3,0,0,3,Standard,Standard,208,0.0,0.0,60.8,5.1,,0.0,88.0,-3,-3,0.219,0.219,34,29,35,29,1,0,6.0,1.0,6.0,1.0,1.85,0.44,-0.44,44.0,0.017979839314124,21.63329897063573,15.169130279247184,31.58279091081548,16.984990384801435
SI,2024-09-09,87.4,-2.74,5.98,"Hendricks, Kyle",669242,543294,,foul,,,,,13,Tommy Edman strikes out swinging.,R,L,R,LAD,CHC,S,,,0,1,2024,-1.24,0.6,-1.08,1.57,,,,1,2,Bot,,,,,,,6.449067788687636,-127.1944557012646,-5.699856457458491,-14.74895504912867,24.125705764270343,-24.75978496142545,3.25,1.47,207.0,66.2,41.0,86.5,2047,5.6,746101,665804,683737,663538,670623,621020,664023,691718,641355,54.93,,,,,,,,16,2,Sinker,0,3,0,3,3,0,0,3,Standard,Standard,214,0.0,-0.057,68.4,7.0,,0.057,88.0,-3,-3,0.219,0.219,34,29,35,29,1,0,6.0,1.0,6.0,1.0,2.37,1.24,-1.24,45.9,9.883749193471589,3.613029747858029,32.0361650868976,44.29623060091338,24.666747112145565
SI,2024-09-09,86.7,-2.75,5.95,"Hendricks, Kyle",669242,543294,,called_strike,,,,,4,Tommy Edman strikes out swinging.,R,L,R,LAD,CHC,S,,,0,0,2024,-1.18,0.67,-0.55,1.99,,,,1,2,Bot,,,,,,,7.565336269536516,-126.13838081062796,-4.641988785955915,-14.10042511910948,22.99784452879674,-24.30153291431067,3.14,1.45,,,,85.9,2074,5.6,746101,665804,683737,663538,670623,621020,664023,691718,641355,54.94,,,,,,,,16,1,Sinker,0,3,0,3,3,0,0,3,Standard,Standard,214,0.0,-0.037,,,,0.037,,-3,-3,0.219,0.219,34,29,35,29,1,0,6.0,1.0,6.0,1.0,2.34,1.18,-1.18,44.1,,,,,
CH,2024-09-09,81.2,-2.59,6.03,"Hendricks, Kyle",669257,543294,field_out,hit_into_play,,,,,5,Will Smith pops out to shortstop Dansby Swanson in foul territory.,R,R,R,LAD,CHC,X,6.0,popup,0,1,2024,-0.25,0.9,-0.17,2.59,,,,0,2,Bot,70.73,155.04,,,,,5.789741646188088,-118.22493159414675,-2.8716020405924496,-3.2740188871214584,19.35747856421013,-23.314317082409293,3.32,1.52,189.0,94.0,61.0,80.5,2078,5.4,746101,665804,683737,663538,670623,621020,664023,691718,641355,55.06,0.009,0.008,0.0,1.0,0.0,0.0,3.0,15,2,Changeup,0,3,0,3,3,0,0,3,Standard,Standard,224,-0.022,-0.217,73.8,8.3,0.011,0.217,94.0,-3,-3,0.241,0.241,34,29,35,29,1,0,6.0,1.0,6.0,1.0,2.51,0.25,0.25,46.0,31.170739239851294,-23.54786276765296,39.48632858160355,32.35729372875403,45.82938773225059
SI,2024-09-09,87.0,-2.64,6.03,"Hendricks, Kyle",669257,543294,,foul,,,,,8,Will Smith pops out to shortstop Dansby Swanson in foul territory.,R,R,R,LAD,CHC,S,,,0,0,2024,-1.05,0.71,-0.22,1.57,,,,0,2,Bot,,,,,,,7.838207233062057,-126.55513941274168,-5.993141803052247,-12.800767754163536,21.804033182100664,-23.520874704139946,3.32,1.52,6.0,84.5,-16.0,86.3,2001,5.5,746101,665804,683737,663538,670623,621020,664023,691718,641355,54.98,,,,,,,,15,1,Sinker,0,3,0,3,3,0,0,3,Standard,Standard,212,0.0,-0.037,72.8,8.2,,0.037,88.0,-3,-3,0.241,0.241,34,29,35,29,1,0,6.0,1.0,6.0,1.0,2.26,1.05,1.05,44.0,24.503927290999297,-19.07741947392333,40.83900911921373,32.08355167807699,45.78280621843054
CH,2024-09-09,82.1,-2.61,6.02,"Hendricks, Kyle",571970,543294,field_out,hit_into_play,,,,,7,Max Muncy flies out to center fielder Pete Crow-Armstrong.,R,L,R,LAD,CHC,X,8.0,fly_ball,1,2,2024,-1.14,0.62,-0.6,1.87,,,518692.0,2,1,Bot,147.01,90.87,,,,,6.665250574796988,-119.41227477821177,-4.0664415454143485,-12.180377296701296,20.33762164752733,-25.690990200260853,3.06,1.49,279.0,97.2,47.0,81.5,2186,5.7,746101,665804,683737,663538,670623,621020,664023,691718,641355,54.85,0.009,0.011,0.0,1.0,0.0,0.0,3.0,11,4,Changeup,0,3,0,3,3,0,0,3,Infield shade,Standard,227,-0.02,-0.197,72.7,7.5,0.019,0.197,97.2,-3,-3,0.232,0.232,34,33,35,34,1,0,6.0,1.0,6.0,1.0,2.74,1.14,-1.14,44.5,23.35591274224945,-6.654369582327688,38.45398339893655,42.61501575414334,40.836451354593045
CH,2024-09-09,81.7,-2.59,6.05,"Hendricks, Kyle",571970,543294,,blocked_ball,,,,,13,Max Muncy flies out to center fielder Pete Crow-Armstrong.,R,L,R,LAD,CHC,B,,,0,2,2024,-1.27,0.65,-0.21,0.73,,,518692.0,2,1,Bot,,,,,,,7.640123822617012,-118.73126977045295,-6.623906753041699,-13.423871649523784,19.172932217525283,-25.02514166194941,3.06,1.48,,,,80.7,2381,5.3,746101,665804,683737,663538,670623,621020,664023,691718,641355,55.2,,,,,,,,11,3,Changeup,0,3,0,3,3,0,0,3,Infield shade,Standard,228,0.0,0.027,,,,-0.027,,-3,-3,0.232,0.232,34,33,35,34,1,0,6.0,1.0,6.0,1.0,2.73,1.27,-1.27,44.5,,,,,
CH,2024-09-09,81.7,-2.61,6.03,"Hendricks, Kyle",571970,543294,,swinging_strike,,,,,13,Max Muncy flies out to center fielder Pete Crow-Armstrong.,R,L,R,LAD,CHC,S,,,0,1,2024,-1.29,0.64,-0.94,1.91,,,518692.0,2,1,Bot,,,,,,,6.132809349282726,-118.88318652043814,-3.978317183573997,-13.40840773029946,19.252489361141052,-25.554421506999464,3.06,1.49,,,,81.0,2271,5.5,746101,665804,683737,663538,670623,621020,664023,691718,641355,55.03,,,,,,,,11,2,Changeup,0,3,0,3,3,0,0,3,Infield shade,Standard,227,0.0,-0.054,85.0,7.3,,0.054,,-3,-3,0.232,0.232,34,33,35,34,1,0,6.0,1.0,6.0,1.0,2.73,1.29,-1.29,44.8,18.426836822721675,-9.891603723152754,37.28197077728304,47.72417355042481,46.556482945436656
CH,2024-09-09,81.9,-2.65,6.05,"Hendricks, Kyle",571970,543294,,foul,,,,,5,Max Muncy flies out to center fielder Pete Crow-Armstrong.,R,L,R,LAD,CHC,S,,,0,0,2024,-1.37,0.72,-0.07,2.11,,,518692.0,2,1,Bot,,,,,,,8.317872533926662,-118.97116974666126,-3.691385841421418,-14.583166076493862,21.260732966298537,-24.822561048549,3.06,1.49,245.0,83.8,26.0,80.9,2191,5.5,746101,665804,683737,663538,670623,621020,664023,691718,641355,54.99,,,,,,,,11,1,Changeup,0,3,0,3,3,0,0,3,Infield shade,Standard,227,0.0,-0.047,70.5,7.7,,0.047,88.0,-3,-3,0.232,0.232,34,33,35,34,1,0,6.0,1.0,6.0,1.0,2.67,1.37,-1.37,46.8,31.02486405790344,-24.98899347914422,36.16964282788052,37.52285368939887,51.062026299527545
CU,2024-09-09,75.2,-2.67,6.01,"Hendricks, Kyle",518692,543294,single,hit_into_play,,,,,5,Freddie Freeman singles on a line drive to left fielder Ian Happ.,R,L,R,LAD,CHC,X,7.0,line_drive,2,2,2024,1.3,-0.86,-0.08,2.82,,,,2,1,Bot,87.89,96.76,,,,,3.0289906268850446,-109.41941186138622,2.0260771289789523,9.852840134407398,20.047654026244203,-39.6543118832249,3.67,1.76,202.0,76.4,20.0,73.8,3025,5.3,746101,665804,683737,663538,670623,621020,664023,691718,641355,55.18,0.977,0.902,0.9,1.0,1.0,0.0,4.0,10,6,Curveball,0,3,0,3,3,0,0,3,Infield shade,Standard,38,0.011,0.37,68.4,6.0,1.065,-0.37,88.0,-3,-3,0.221,0.221,34,34,35,35,1,0,6.0,1.0,6.0,1.0,4.9,-1.3,1.3,45.1,-1.817450790896314,10.797210042333802,47.97220945083658,38.25248312161708,25.02646693658955
FF,2024-09-09,89.3,-2.75,5.85,"Hendricks, Kyle",518692,543294,,foul,,,,,2,Freddie Freeman singles on a line drive to left fielder Ian Happ.,R,L,R,LAD,CHC,S,,,2,2,2024,-0.48,1.19,0.14,3.61,,,,2,1,Bot,,,,,,,8.019559709483413,-129.94782028671034,-2.022183593649524,-7.016691262684331,24.28936607166776,-18.401495618056835,3.67,1.76,163.0,72.2,17.0,88.4,2237,5.5,746101,665804,683737,663538,670623,621020,664023,691718,641355,55.04,,,,,,,,10,5,4-Seam Fastball,0,3,0,3,3,0,0,3,Infield shade,Standard,213,0.0,0.0,68.4,5.3,,0.0,88.0,-3,-3,0.221,0.221,34,34,35,35,1,0,6.0,1.0,6.0,1.0,1.65,0.48,-0.48,41.3,-2.58478857725198,18.000693254048816,36.01609998655062,34.58567614329543,20.54239542823916
CH,2024-09-09,82.4,-2.69,6.02,"Hendricks, Kyle",518692,543294,,foul,,,,,8,Freddie Freeman singles on a line drive to left fielder Ian Happ.,R,L,R,LAD,CHC,S,,,2,1,2024,-1.53,0.6,-0.28,1.65,,,,2,1,Bot,,,,,,,8.3184668815298,-119.74194871623104,-4.500605391051585,-16.300759701457064,23.025827874347165,-25.70418614343945,3.67,1.76,87.0,66.0,9.0,81.3,2292,5.6,746101,665804,683737,663538,670623,621020,664023,691718,641355,54.9,,,,,,,,10,4,Changeup,0,3,0,3,3,0,0,3,Infield shade,Standard,228,0.0,-0.084,72.1,6.9,,0.084,88.0,-3,-3,0.221,0.221,34,34,35,35,1,0,6.0,1.0,6.0,1.0,2.76,1.53,-1.53,44.8,0.5139953750613282,7.701074570709412,51.88514653792317,41.24812198103306,23.798661048979252
SI,2024-09-09,88.0,-2.71,5.98,"Hendricks, Kyle",518692,543294,,called_strike,,,,,7,Freddie Freeman singles on a line drive to left fielder Ian Happ.,R,L,R,LAD,CHC,S,,,2,0,2024,-1.28,0.68,-0.28,1.7,,,,2,1,Bot,,,,,,,8.419974909319869,-127.86225863747802,-5.629001703390737,-15.765344991853622,25.83878106134533,-23.702387299581407,3.67,1.79,,,,86.9,2053,5.6,746101,665804,683737,663538,670623,621020,664023,691718,641355,54.86,,,,,,,,10,3,Sinker,0,3,0,3,3,0,0,3,Infield shade,Standard,214,0.0,-0.061,,,,0.061,,-3,-3,0.221,0.221,34,34,35,35,1,0,6.0,1.0,6.0,1.0,2.27,1.28,-1.28,43.7,,,,,
SI,2024-09-09,88.4,-2.66,5.99,"Hendricks, Kyle",518692,543294,,ball,,,,,13,Freddie Freeman singles on a line drive to left fielder Ian Happ.,R,L,R,LAD,CHC,B,,,1,0,2024,-1.29,0.61,-0.4,1.18,,,,2,1,Bot,,,,,,,8.043935463672947,-128.4070699943392,-6.798572208220563,-15.93151388257935,26.69342609200803,-24.13810886633764,3.67,1.82,,,,87.1,2034,5.6,746101,665804,683737,663538,670623,621020,664023,691718,641355,54.92,,,,,,,,10,2,Sinker,0,3,0,3,3,0,0,3,Infield shade,Standard,215,0.0,0.068,,,,-0.068,,-3,-3,0.221,0.221,34,34,35,35,1,0,6.0,1.0,6.0,1.0,2.32,1.29,-1.29,45.5,,,,,
SI,2024-09-09,88.7,-2.65,5.96,"Hendricks, Kyle",518692,543294,,ball,,,,,14,Freddie Freeman singles on a line drive to left fielder Ian Happ.,R,L,R,LAD,CHC,B,,,0,0,2024,-1.24,0.47,0.38,1.4,,,,2,1,Bot,,,,,,,9.83645248498076,-128.81463257772188,-5.991527470278708,-15.807133066562134,25.67745055600079,-25.835294128766943,3.67,1.75,,,,87.4,2109,5.5,746101,665804,683737,663538,670623,621020,664023,691718,641355,55.01,,,,,,,,10,1,Sinker,0,3,0,3,3,0,0,3,Infield shade,Standard,214,0.0,0.04,,,,-0.04,,-3,-3,0.221,0.221,34,34,35,35,1,0,6.0,1.0,6.0,1.0,2.43,1.24,-1.24,43.8,,,,,
CH,2024-09-09,81.3,-2.58,6.11,"Hendricks, Kyle",605141,543294,field_out,hit_into_play,,,,,9,"Mookie Betts grounds out, shortstop Dansby Swanson to first baseman Michael Busch.",R,R,R,LAD,CHC,X,6.0,ground_ball,1,1,2024,-0.28,0.8,0.58,1.76,,,,1,1,Bot,101.21,152.53,,,,,7.478683169194667,-118.27594702145466,-4.711612072882968,-3.8765594225454714,19.38312474587077,-23.98141506968221,3.16,1.45,13.0,73.4,-8.0,80.4,2171,5.3,746101,665804,683737,663538,670623,621020,664023,691718,641355,55.16,0.054,0.056,0.0,1.0,0.0,0.0,2.0,9,3,Changeup,0,3,0,3,3,0,0,3,Standard,Standard,226,-0.014,-0.243,67.0,7.6,0.057,0.243,88.0,-3,-3,0.235,0.235,34,31,35,32,1,0,6.0,1.0,6.0,1.0,2.61,0.28,0.28,46.9,22.40015980824284,-16.451390956357198,36.27750425496394,41.41475341722527,46.86618631658512
CH,2024-09-09,81.0,-2.65,6.08,"Hendricks, Kyle",605141,543294,,ball,,,,,12,"Mookie Betts grounds out, shortstop Dansby Swanson to first baseman Michael Busch.",R,R,R,LAD,CHC,B,,,0,1,2024,-0.23,0.8,0.13,3.69,,,,1,1,Bot,,,,,,,6.552592964557054,-117.99230120506571,-0.378615435804187,-3.1656553298679584,18.48295213156165,-24.6865288002275,3.16,1.43,,,,80.7,2228,5.6,746101,665804,683737,663538,670623,621020,664023,691718,641355,54.89,,,,,,,,9,2,Changeup,0,3,0,3,3,0,0,3,Standard,Standard,226,0.0,0.024,,,,-0.024,,-3,-3,0.235,0.235,34,31,35,32,1,0,6.0,1.0,6.0,1.0,2.61,0.23,0.23,46.3,,,,,
SI,2024-09-09,87.5,-2.56,6.03,"Hendricks, Kyle",605141,543294,,called_strike,,,,,2,"Mookie Betts grounds out, shortstop Dansby Swanson to first baseman Michael Busch.",R,R,R,LAD,CHC,S,,,0,0,2024,-1.04,0.52,0.13,3.14,,,,1,1,Bot,,,,,,,8.489895160637008,-127.32204435506554,-2.004969699139683,-12.89038317829542,20.97023136142478,-26.247540487920755,3.16,1.43,,,,86.9,2157,5.5,746101,665804,683737,663538,670623,621020,664023,691718,641355,55.02,,,,,,,,9,1,Sinker,0,3,0,3,3,0,0,3,Standard,Standard,211,0.0,-0.037,,,,0.037,,-3,-3,0.235,0.235,34,31,35,32,1,0,6.0,1.0,6.0,1.0,2.41,1.04,1.04,44.6,,,,,
CH,2024-09-09,81.5,-2.67,6.05,"Hendricks, Kyle",660271,543294,field_out,hit_into_play,,,,,11,Shohei Ohtani pops out to shortstop Dansby Swanson.,R,L,R,LAD,CHC,X,6.0,popup,1,2,2024,-1.2,0.63,-1.78,2.73,,,,0,1,Bot,115.32,151.16,,,,,4.229026506585337,-118.66017578103278,-2.111146750884162,-12.128502049813203,21.618672340973266,-25.987460330680683,3.47,1.56,129.0,64.5,63.0,80.4,2172,5.4,746101,665804,683737,663538,670623,621020,664023,691718,641355,55.08,0.003,0.003,0.0,1.0,0.0,0.0,3.0,8,5,Changeup,0,3,0,3,3,0,0,3,Infield shade,Standard,228,-0.02,-0.186,65.8,8.1,0.003,0.186,88.0,-3,-3,0.255,0.255,34,29,35,30,1,0,6.0,1.0,6.0,1.0,2.78,1.2,-1.2,45.3,10.864603592835522,-6.041665658474394,22.739006750971157,59.99951239253498,23.208685738167585
CU,2024-09-09,74.5,-2.62,6.06,"Hendricks, Kyle",660271,543294,,foul,,,,,3,Shohei Ohtani pops out to shortstop Dansby Swanson.,R,L,R,LAD,CHC,S,,,1,2,2024,1.24,-0.8,0.55,2.91,,,,0,1,Bot,,,,,,,4.274122882595899,-108.319271341286,2.173714890340328,8.826136117513622,20.925144262895248,-39.07656893103178,3.47,1.56,167.0,61.1,44.0,72.9,3010,5.4,746101,665804,683737,663538,670623,621020,664023,691718,641355,55.12,,,,,,,,8,4,Curveball,0,3,0,3,3,0,0,3,Infield shade,Standard,43,0.0,0.0,77.2,7.7,,0.0,88.0,-3,-3,0.255,0.255,34,29,35,30,1,0,6.0,1.0,6.0,1.0,4.95,-1.24,1.24,45.1,20.88740821443781,-3.095393331579913,43.44598804355926,31.813284518218584,28.036842097548217
CU,2024-09-09,73.2,-2.57,6.06,"Hendricks, Kyle",660271,543294,,ball,,,,,14,Shohei Ohtani pops out to shortstop Dansby Swanson.,R,L,R,LAD,CHC,B,,,0,2,2024,1.18,-0.82,0.8,1.31,,,,0,1,Bot,,,,,,,4.69873869746467,-106.46168262429563,-0.7450400735454732,7.96378702410776,20.36683144591003,-38.48054467921755,3.47,1.62,,,,71.8,2986,5.5,746101,665804,683737,663538,670623,621020,664023,691718,641355,54.99,,,,,,,,8,3,Curveball,0,3,0,3,3,0,0,3,Infield shade,Standard,37,0.0,0.023,,,,-0.023,,-3,-3,0.255,0.255,34,29,35,30,1,0,6.0,1.0,6.0,1.0,5.12,-1.18,1.18,46.7,,,,,
CH,2024-09-09,81.3,-2.65,6.05,"Hendricks, Kyle",660271,543294,,foul,,,,,7,Shohei Ohtani pops out to shortstop Dansby Swanson.,R,L,R,LAD,CHC,S,,,0,1,2024,-1.29,0.45,-0.53,1.8,,,,0,1,Bot,,,,,,,7.116078080244628,-118.17693639423024,-3.7586261063824087,-13.438701273551809,20.845964218216185,-27.434373364894437,3.47,1.56,201.0,68.0,52.0,80.3,2236,5.5,746101,665804,683737,663538,670623,621020,664023,691718,641355,55.01,,,,,,,,8,2,Changeup,0,3,0,3,3,0,0,3,Infield shade,Standard,231,0.0,-0.054,67.8,8.7,,0.054,88.0,-3,-3,0.255,0.255,34,29,35,30,1,0,6.0,1.0,6.0,1.0,2.98,1.29,-1.29,45.0,16.374213911717938,-12.907000832394548,39.1334957801342,44.89672157167523,30.627579875010312
SI,2024-09-09,87.4,-2.82,5.94,"Hendricks, Kyle",660271,543294,,swinging_strike,,,,,4,Shohei Ohtani pops out to shortstop Dansby Swanson.,R,L,R,LAD,CHC,S,,,0,0,2024,-1.1,0.55,-0.36,2.36,,,,0,1,Bot,,,,,,,8.055843351093253,-127.0698864226656,-3.5743600028176497,-13.554163715058191,24.82292037931126,-25.717625460952007,3.47,1.56,,,,86.2,2111,5.5,746101,665804,683737,663538,670623,621020,664023,691718,641355,55.01,,,,,,,,8,1,Sinker,0,3,0,3,3,0,0,3,Infield shade,Standard,212,0.0,-0.037,77.6,7.8,,0.037,,-3,-3,0.255,0.255,34,29,35,30,1,0,6.0,1.0,6.0,1.0,2.43,1.1,-1.1,43.7,7.813587315480907,9.546506160843116,38.354363209487495,42.47462868265568,17.767224374480854
CH,2024-09-03,82.4,-2.56,6.04,"Hendricks, Kyle",668804,543294,strikeout,called_strike,,,,,7,Bryan Reynolds called out on strikes.,R,L,R,CHC,PIT,S,2.0,,1,2,2024,-1.02,0.47,-0.81,1.79,,,,2,5,Top,,,,,,,5.865794914962528,-119.82633045815166,-4.000132411813609,-11.008481103454663,23.20134554308625,-27.074242403579525,3.07,1.48,,,,81.1,2211,5.4,746834,542194,683737,663538,670623,621020,664023,691718,641355,55.06,,0.0,0.0,1.0,0.0,0.0,,41,4,Changeup,0,2,2,0,2,0,2,0,Infield shade,Standard,230,0.008,-0.18,,,,0.18,,-2,2,0.269,0.731,34,29,35,29,3,2,6.0,1.0,6.0,1.0,2.89,1.02,-1.02,43.4,,,,,
FF,2024-09-03,87.3,-2.7,5.9,"Hendricks, Kyle",668804,543294,,foul,,,,,12,Bryan Reynolds called out on strikes.,R,L,R,CHC,PIT,S,,,1,1,2024,-0.21,1.14,0.71,3.64,,,,2,5,Top,,,,,,,8.521841933015224,-126.86701968496564,-1.6303316332740183,-3.9293325716323375,24.750155915666625,-19.640985725482626,3.07,1.5,135.0,57.5,59.0,86.3,2187,5.6,746834,542194,683737,663538,670623,621020,664023,691718,641355,54.88,,,,,,,,41,3,4-Seam Fastball,0,2,2,0,2,0,2,0,Infield shade,Standard,216,0.0,-0.064,64.4,5.5,,0.064,88.0,-2,2,0.269,0.731,34,29,35,29,3,2,6.0,1.0,6.0,1.0,1.84,0.21,-0.21,41.2,8.368720348806255,12.906388634885754,34.28532889578656,28.61277310083069,18.88796410629883
SI,2024-09-03,87.5,-2.64,5.93,"Hendricks, Kyle",668804,543294,,ball,,,,,13,Bryan Reynolds called out on strikes.,R,L,R,CHC,PIT,B,,,0,1,2024,-1.01,0.73,-0.02,1.39,,,,2,5,Top,,,,,,,8.285704903537729,-127.18473056163629,-6.292938421022837,-12.63097741316266,24.40136713205766,-23.119257440634744,3.07,1.52,,,,86.6,2054,5.6,746834,542194,683737,663538,670623,621020,664023,691718,641355,54.86,,,,,,,,41,2,Sinker,0,2,2,0,2,0,2,0,Infield shade,Standard,213,0.0,0.029,,,,-0.029,,-2,2,0.269,0.731,34,29,35,29,3,2,6.0,1.0,6.0,1.0,2.24,1.01,-1.01,42.6,,,,,
SI,2024-09-03,87.6,-2.62,5.99,"Hendricks, Kyle",668804,543294,,foul,,,,,8,Bryan Reynolds called out on strikes.,R,L,R,CHC,PIT,S,,,0,0,2024,-1.12,0.39,-0.04,1.69,,,,2,5,Top,,,,,,,8.405822048533519,-127.31677281733236,-5.03959626614794,-13.806039059535408,23.89233303542549,-27.0836286796193,3.07,1.5,4.0,72.5,-21.0,86.9,2112,5.7,746834,542194,683737,663538,670623,621020,664023,691718,641355,54.8,,,,,,,,41,1,Sinker,0,2,2,0,2,0,2,0,Infield shade,Standard,213,0.0,-0.041,75.6,7.2,,0.041,88.0,-2,2,0.269,0.731,34,29,35,29,3,2,6.0,1.0,6.0,1.0,2.56,1.12,-1.12,44.3,19.385596906086317,-7.136792157888064,40.30003437903665,36.65761025026407,31.867260536756177
CU,2024-09-03,75.1,-2.64,6.01,"Hendricks, Kyle",643396,543294,field_out,hit_into_play,,,,,8,"Isiah Kiner-Falefa grounds out softly, pitcher Kyle Hendricks to first baseman Michael Busch.",R,R,R,CHC,PIT,X,1.0,ground_ball,1,0,2024,1.34,-0.82,0.13,1.78,,,,1,5,Top,132.95,179.51,,,,,3.3243864810667856,-109.30590253397553,-0.092433286482342,9.962461273101718,21.45516044128981,-38.90238115699314,3.25,1.45,2.0,50.0,-52.0,73.7,3037,5.5,746834,542194,683737,663538,670623,621020,664023,691718,641355,55.03,0.234,0.242,0.0,1.0,0.0,0.0,1.0,40,2,Curveball,0,2,2,0,2,0,2,0,Standard,Standard,47,0.013,-0.295,59.5,7.8,0.237,0.295,88.0,-2,2,0.256,0.744,34,29,35,29,3,2,6.0,1.0,6.0,1.0,4.9,-1.34,-1.34,43.2,27.64994382670602,-30.662128813840155,28.320542109405874,37.28658619026312,55.64483562343538
CU,2024-09-03,75.7,-2.56,6.05,"Hendricks, Kyle",643396,543294,,ball,,,,,14,"Isiah Kiner-Falefa grounds out softly, pitcher Kyle Hendricks to first baseman Michael Busch.",R,R,R,CHC,PIT,B,,,0,0,2024,1.36,-0.63,1.49,1.4,,,,1,5,Top,,,,,,,5.948866276625041,-110.1106335200588,-1.3958334067731597,9.757553116230214,21.83606905215604,-37.20684978083682,3.12,1.4,,,,74.3,2993,5.5,746834,542194,683737,663538,670623,621020,664023,691718,641355,54.98,,,,,,,,40,1,Curveball,0,2,2,0,2,0,2,0,Standard,Standard,42,0.0,0.039,,,,-0.039,,-2,2,0.256,0.744,34,29,35,29,3,2,6.0,1.0,6.0,1.0,4.65,-1.36,-1.36,45.4,,,,,
SI,2024-09-03,87.9,-2.66,5.96,"Hendricks, Kyle",669707,543294,strikeout,swinging_strike,,,,,8,Jared Triolo strikes out swinging.,R,R,R,CHC,PIT,S,2.0,,2,2,2024,-1.17,0.45,0.01,2.06,,,,0,5,Top,,,,,,,8.777372950689555,-127.74737327259906,-4.247511383682886,-14.579828667627698,24.485680879071147,-26.6164675917535,3.55,1.65,,,,87.0,2006,5.6,746834,542194,683737,663538,670623,621020,664023,691718,641355,54.9,,0.0,0.0,1.0,0.0,0.0,,39,5,Sinker,0,2,2,0,2,0,2,0,Standard,Standard,207,0.017,-0.227,74.2,8.1,,0.227,,-2,2,0.239,0.761,34,26,35,26,2,1,6.0,1.0,6.0,1.0,2.5,1.17,1.17,42.5,22.85100238187612,-11.91339383284953,42.24408299801914,35.575805247751205,32.62704317972845
CH,2024-09-03,82.0,-2.51,5.99,"Hendricks, Kyle",669707,543294,,ball,,,,,14,Jared Triolo strikes out swinging.,R,R,R,CHC,PIT,B,,,1,2,2024,-0.23,0.95,1.54,0.28,,,,0,5,Top,,,,,,,9.434252409614192,-118.99897526745782,-8.14195992728845,-3.7459758208548495,19.546082034082367,-21.76258349521892,3.55,1.64,,,,81.2,2260,5.5,746834,542194,683737,663538,670623,621020,664023,691718,641355,54.95,,,,,,,,39,4,Changeup,0,2,2,0,2,0,2,0,Standard,Standard,236,0.0,0.04,,,,-0.04,,-2,2,0.239,0.761,34,26,35,26,2,1,6.0,1.0,6.0,1.0,2.42,0.23,0.23,43.6,,,,,
SI,2024-09-03,88.1,-2.61,5.96,"Hendricks, Kyle",669707,543294,,ball,,,,,13,Jared Triolo strikes out swinging.,R,R,R,CHC,PIT,B,,,0,2,2024,-1.07,0.45,-0.95,2.16,,,,0,5,Top,,,,,,,6.176502268488248,-128.19733285505094,-4.078439324954999,-13.054470391618944,23.995016069933644,-26.60540436328256,3.55,1.74,,,,87.4,2025,5.6,746834,542194,683737,663538,670623,621020,664023,691718,641355,54.89,,,,,,,,39,3,Sinker,0,2,2,0,2,0,2,0,Standard,Standard,214,0.0,0.023,,,,-0.023,,-2,2,0.239,0.761,34,26,35,26,2,1,6.0,1.0,6.0,1.0,2.47,1.07,1.07,43.2,,,,,
SI,2024-09-03,87.0,-2.51,5.95,"Hendricks, Kyle",669707,543294,,called_strike,,,,,14,Jared Triolo strikes out swinging.,R,R,R,CHC,PIT,S,,,0,1,2024,-0.98,0.38,0.83,2.37,,,,0,5,Top,,,,,,,9.884817945842268,-126.3691642890454,-3.2098264992495693,-12.353990517338037,22.404049725116312,-27.63746394999903,3.53,1.71,,,,86.3,2027,5.7,746834,542194,683737,663538,670623,621020,664023,691718,641355,54.85,,,,,,,,39,2,Sinker,0,2,2,0,2,0,2,0,Standard,Standard,215,0.0,-0.054,,,,0.054,,-2,2,0.239,0.761,34,26,35,26,2,1,6.0,1.0,6.0,1.0,2.61,0.98,0.98,43.0,,,,,
CH,2024-09-03,83.9,-2.7,5.87,"Hendricks, Kyle",669707,543294,,called_strike,,,,,9,Jared Triolo strikes out swinging.,R,R,R,CHC,PIT,S,,,0,0,2024,-0.29,1.18,0.54,1.88,,,,0,5,Top,,,,,,,7.956785224128603,-121.95079269917356,-5.137629314255914,-4.355354875919939,21.875126648991195,-19.577458777057103,3.55,1.61,,,,83.1,1935,5.6,746834,542194,683737,663538,670623,621020,664023,691718,641355,54.86,,,,,,,,39,1,Changeup,0,2,2,0,2,0,2,0,Standard,Standard,216,0.0,-0.037,,,,0.037,,-2,2,0.239,0.761,34,26,35,26,2,1,6.0,1.0,6.0,1.0,2.04,0.29,0.29,44.3,,,,,
CH,2024-09-03,83.1,-2.6,6.07,"Hendricks, Kyle",518735,543294,field_out,hit_into_play,,,,,13,Yasmani Grandal grounds out softly to first baseman Michael Busch.,R,L,R,CHC,PIT,X,3.0,ground_ball,1,2,2024,-0.97,0.44,-0.84,1.7,,,,2,4,Top,151.88,172.22,,,,,5.818001491134808,-120.92468573074976,-4.426464459902351,-10.626644303061015,21.49210238826746,-27.21481378529135,3.19,1.49,2.0,55.6,-36.0,82.1,2209,5.4,746834,542194,683737,663538,670623,621020,664023,691718,641355,55.11,0.143,0.094,0.0,1.0,0.0,0.0,1.0,35,4,Changeup,0,2,2,0,2,0,2,0,Infield shade,Standard,229,0.009,-0.18,58.7,8.0,0.16,0.18,88.0,-2,2,0.291,0.709,34,35,35,36,2,1,6.0,4.0,6.0,2.0,2.84,0.97,-0.97,44.2,18.52398053707307,-11.518331540252872,25.36354667650152,43.55667228848928,48.86059634002507
FF,2024-09-03,88.8,-2.76,5.96,"Hendricks, Kyle",518735,543294,,ball,,,,,13,Yasmani Grandal grounds out softly to first baseman Michael Busch.,R,L,R,CHC,PIT,B,,,0,2,2024,-0.39,1.22,-1.81,2.52,,,,2,4,Top,,,,,,,3.106038392599989,-129.34801166103108,-4.905207369509214,-4.997659906730173,25.217637814249905,-17.69111110205134,3.4,1.65,,,,87.9,2077,5.5,746834,542194,683737,663538,670623,621020,664023,691718,641355,54.96,,,,,,,,35,3,4-Seam Fastball,0,2,2,0,2,0,2,0,Infield shade,Standard,217,0.0,0.023,,,,-0.023,,-2,2,0.291,0.709,34,35,35,36,2,1,6.0,4.0,6.0,2.0,1.65,0.39,-0.39,40.1,,,,,
SI,2024-09-03,87.7,-2.71,5.94,"Hendricks, Kyle",518735,543294,,swinging_strike,,,,,1,Yasmani Grandal grounds out softly to first baseman Michael Busch.,R,L,R,CHC,PIT,S,,,0,1,2024,-1.06,0.57,-0.55,3.29,,,,2,4,Top,,,,,,,7.306100812599448,-127.64597292779251,-1.4902788151076058,-13.023919996172596,24.08683000581247,-25.83440702431788,3.19,1.49,,,,86.9,2007,5.6,746834,542194,683737,663538,670623,621020,664023,691718,641355,54.89,,,,,,,,35,2,Sinker,0,2,2,0,2,0,2,0,Infield shade,Standard,214,0.0,-0.058,44.8,6.2,,0.058,,-2,2,0.291,0.709,34,35,35,36,2,1,6.0,4.0,6.0,2.0,2.37,1.06,-1.06,40.5,8.37886936608539,32.3946597280846,19.96574709548512,40.09162488671328,15.923132900544012
CU,2024-09-03,74.2,-2.71,6.05,"Hendricks, Kyle",518735,543294,,called_strike,,,,,1,Yasmani Grandal grounds out softly to first baseman Michael Busch.,R,L,R,CHC,PIT,S,,,0,0,2024,1.3,-0.89,-0.58,2.92,,,,2,4,Top,,,,,,,2.045237575002052,-107.95238772565028,2.370468062594571,9.750201162026976,20.34211942291485,-39.74272406171388,3.19,1.46,,,,72.7,2974,5.3,746834,542194,683737,663538,670623,621020,664023,691718,641355,55.18,,,,,,,,35,1,Curveball,0,2,2,0,2,0,2,0,Strategic,Standard,43,0.0,-0.041,,,,0.041,,-2,2,0.291,0.709,34,35,35,36,2,1,6.0,4.0,6.0,2.0,5.06,-1.3,1.3,44.2,,,,,
SI,2024-09-03,87.9,-2.57,6.03,"Hendricks, Kyle",656582,543294,strikeout,called_strike,,,,,4,Connor Joe called out on strikes.,R,R,R,CHC,PIT,S,2.0,,2,2,2024,-1.04,0.57,-0.55,2.14,,,,1,4,Top,,,,,,,6.948383053177938,-127.93094187154551,-4.505056505306612,-12.791822156831358,23.369399475030388,-25.19080784684193,3.28,1.62,,,,87.1,2046,5.5,746834,542194,683737,663538,670623,621020,664023,691718,641355,54.97,,0.0,0.0,1.0,0.0,0.0,,34,5,Sinker,0,2,2,0,2,0,2,0,Standard,Standard,212,0.012,-0.225,,,,0.225,,-2,2,0.279,0.721,34,31,35,32,2,1,6.0,3.0,6.0,1.0,2.35,1.04,1.04,45.3,,,,,
CH,2024-09-03,81.7,-2.54,6.09,"Hendricks, Kyle",656582,543294,,ball,,,,,14,Connor Joe called out on strikes.,R,R,R,CHC,PIT,B,,,1,2,2024,-0.27,0.88,1.06,1.45,,,,1,4,Top,,,,,,,8.475735363030044,-118.6893538024676,-5.562259638327284,-3.959296915207048,19.284918785206496,-22.963594963267436,3.26,1.63,,,,80.9,2237,5.5,746834,542194,683737,663538,670623,621020,664023,691718,641355,55.02,,,,,,,,34,4,Changeup,0,2,2,0,2,0,2,0,Standard,Standard,234,0.0,0.043,,,,-0.043,,-2,2,0.279,0.721,34,31,35,32,2,1,6.0,3.0,6.0,1.0,2.5,0.27,0.27,44.2,,,,,
CU,2024-09-03,74.8,-2.6,6.04,"Hendricks, Kyle",656582,543294,,called_strike,,,,,6,Connor Joe called out on strikes.,R,R,R,CHC,PIT,S,,,1,1,2024,1.42,-0.76,0.72,2.16,,,,1,4,Top,,,,,,,4.282949990173689,-108.79708399946612,0.5524817956926218,10.38452493964723,21.083460666614783,-38.4910836959167,3.31,1.59,,,,73.3,2981,5.4,746834,542194,683737,663538,670623,621020,664023,691718,641355,55.07,,,,,,,,34,3,Curveball,0,2,2,0,2,0,2,0,Standard,Standard,44,0.0,-0.061,,,,0.061,,-2,2,0.279,0.721,34,31,35,32,2,1,6.0,3.0,6.0,1.0,4.87,-1.42,-1.42,44.2,,,,,
SI,2024-09-03,88.0,-2.57,5.97,"Hendricks, Kyle",656582,543294,,called_strike,,,,,8,Connor Joe called out on strikes.,R,R,R,CHC,PIT,S,,,1,0,2024,-1.14,0.64,0.22,1.96,,,,1,4,Top,,,,,,,9.002441033368772,-127.8878896749049,-4.9324871188625465,-14.25087719129928,24.33183622828035,-24.37007969558285,3.28,1.65,,,,87.1,2062,5.6,746834,542194,683737,663538,670623,621020,664023,691718,641355,54.86,,,,,,,,34,2,Sinker,0,2,2,0,2,0,2,0,Standard,Standard,212,0.0,-0.051,,,,0.051,,-2,2,0.279,0.721,34,31,35,32,2,1,6.0,3.0,6.0,1.0,2.3,1.14,1.14,41.5,,,,,
CH,2024-09-03,80.9,-2.55,6.08,"Hendricks, Kyle",656582,543294,,ball,,,,,14,Connor Joe called out on strikes.,R,R,R,CHC,PIT,B,,,0,0,2024,-0.24,1.05,0.97,2.22,,,,1,4,Top,,,,,,,8.181979819739691,-117.65188307454424,-3.9924135132621537,-3.6212511620661,19.779819796228576,-21.79975534844164,3.19,1.53,,,,80.1,2227,5.5,746834,542194,683737,663538,670623,621020,664023,691718,641355,54.98,,,,,,,,34,1,Changeup,0,2,2,0,2,0,2,0,Standard,Standard,230,0.0,0.039,,,,-0.039,,-2,2,0.279,0.721,34,31,35,32,2,1,6.0,3.0,6.0,1.0,2.4,0.24,0.24,44.3,,,,,
FF,2024-09-03,87.9,-2.66,5.94,"Hendricks, Kyle",693304,543294,strikeout,swinging_strike,,,,,12,Nick Gonzales strikes out swinging.,R,R,R,CHC,PIT,S,2.0,,0,2,2024,-0.47,1.25,0.28,3.59,,,,0,4,Top,,,,,,,7.971569829073696,-127.86290355321309,-2.1820672235153906,-6.689833394252723,24.91798524893221,-18.11251181377984,3.37,1.52,,,,87.0,2085,5.6,746834,542194,683737,663538,670623,621020,664023,691718,641355,54.87,,0.0,0.0,1.0,0.0,0.0,,33,3,4-Seam Fastball,0,2,2,0,2,0,2,0,Standard,Standard,219,0.017,-0.163,63.7,5.4,,0.163,,-2,2,0.262,0.738,34,25,35,25,2,1,6.0,1.0,6.0,1.0,1.68,0.47,0.47,41.0,-9.753213165090182,45.69012285667738,25.556171131509767,42.96108445204016,5.37375545924052
CH,2024-09-03,80.9,-2.52,6.11,"Hendricks, Kyle",693304,543294,,foul,,,,,14,Nick Gonzales strikes out swinging.,R,R,R,CHC,PIT,S,,,0,1,2024,-0.34,0.94,1.03,1.58,,,,0,4,Top,,,,,,,8.408412996390759,-117.51784574140494,-5.177341409619555,-4.690852824787936,21.420413893397377,-22.65589914483022,3.37,1.52,3.0,45.0,-26.0,79.6,2217,5.4,746834,542194,683737,663538,670623,621020,664023,691718,641355,55.08,,,,,,,,33,2,Changeup,0,2,2,0,2,0,2,0,Standard,Standard,226,0.0,-0.054,64.8,8.3,,0.054,88.0,-2,2,0.262,0.738,34,25,35,25,2,1,6.0,1.0,6.0,1.0,2.54,0.34,0.34,45.1,18.156942517762293,-4.591789381351247,35.802828737746474,50.22205291550681,40.463003166258304
SI,2024-09-03,86.2,-2.52,6.01,"Hendricks, Kyle",693304,543294,,called_strike,,,,,9,Nick Gonzales strikes out swinging.,R,R,R,CHC,PIT,S,,,0,0,2024,-1.34,0.58,0.47,1.91,,,,0,4,Top,,,,,,,9.693983078093796,-125.084145128999,-4.598851155635158,-16.06090235539361,24.79982981954325,-25.34734867902661,3.37,1.61,,,,85.1,1984,5.7,746834,542194,683737,663538,670623,621020,664023,691718,641355,54.8,,,,,,,,33,1,Sinker,0,2,2,0,2,0,2,0,Standard,Standard,210,0.0,-0.037,,,,0.037,,-2,2,0.262,0.738,34,25,35,25,2,1,6.0,1.0,6.0,1.0,2.5,1.34,1.34,44.1,,,,,
CH,2024-09-03,80.0,-2.37,6.12,"Hendricks, Kyle",693304,543294,truncated_pa,blocked_ball,,,,,14,Catcher Christian Bethancourt picks off Rowdy Tellez at on throw to first baseman Michael Busch.,R,R,R,CHC,PIT,B,2.0,,1,2,2024,-0.25,0.85,1.25,0.57,,,642133.0,2,3,Top,,,,,,,8.321970579441832,-116.24210236368754,-7.112016480546911,-3.605551278524568,18.8442501184184,-23.36365610084157,3.37,1.69,,,,79.3,2157,5.6,746834,542194,683737,663538,670623,621020,664023,691718,641355,54.93,,,0.0,0.0,0.0,0.0,,27,4,Changeup,0,2,2,0,2,0,2,0,Standard,Standard,231,0.018,-0.197,,,,0.197,,-2,2,0.299,0.701,34,25,35,25,2,1,6.0,1.0,6.0,1.0,2.68,0.25,0.25,45.2,,,,,
FF,2024-09-03,87.9,-2.46,5.93,"Hendricks, Kyle",693304,543294,,ball,,,,,14,Catcher Christian Bethancourt picks off Rowdy Tellez at on throw to first baseman Michael Busch.,R,R,R,CHC,PIT,B,,,0,2,2024,-0.29,0.9,1.81,2.42,,,642133.0,2,3,Top,,,,,,,10.803360883758556,-127.6578051578356,-4.225845164913276,-5.227720824269836,24.251153868729286,-21.590391955973875,3.37,1.5,,,,87.0,2207,5.7,746834,542194,683737,663538,670623,621020,664023,691718,641355,54.83,,,,,,,,27,3,4-Seam Fastball,0,2,2,0,2,0,2,0,Standard,Standard,214,0.0,0.027,,,,-0.027,,-2,2,0.299,0.701,34,25,35,25,2,1,6.0,1.0,6.0,1.0,2.04,0.29,0.29,42.4,,,,,
CH,2024-09-03,80.0,-2.55,6.12,"Hendricks, Kyle",693304,543294,,foul,,,,,5,Catcher Christian Bethancourt picks off Rowdy Tellez at on throw to first baseman Michael Busch.,R,R,R,CHC,PIT,S,,,0,1,2024,-0.11,0.91,-0.16,2.5,,,642133.0,2,3,Top,,,,,,,5.393322782509114,-116.51706241997265,-3.0124293664884223,-1.9724149008728475,20.19221054706169,-23.46712114887188,3.37,1.52,185.0,67.2,55.0,79.0,2129,5.4,746834,542194,683737,663538,670623,621020,664023,691718,641355,55.12,,,,,,,,27,2,Changeup,0,2,2,0,2,0,2,0,Standard,Standard,233,0.0,-0.054,70.5,7.4,,0.054,88.0,-2,2,0.299,0.701,34,25,35,25,2,1,6.0,1.0,6.0,1.0,2.62,0.11,0.11,44.1,12.52316872651499,-1.3442209389959867,37.02109228639288,35.801865200959384,35.967688682417325
CU,2024-09-03,73.0,-2.53,6.13,"Hendricks, Kyle",693304,543294,,called_strike,,,,,1,Catcher Christian Bethancourt picks off Rowdy Tellez at on throw to first baseman Michael Busch.,R,R,R,CHC,PIT,S,,,0,0,2024,0.99,-0.91,-0.57,3.13,,,642133.0,2,3,Top,,,,,,,2.19521499891983,-106.11061988726858,2.890422661994992,7.026072557603783,20.130255090366035,-39.75541866611649,3.18,1.6,,,,71.4,2892,5.3,746834,542194,683737,663538,670623,621020,664023,691718,641355,55.16,,,,,,,,27,1,Curveball,0,2,2,0,2,0,2,0,Standard,Standard,45,0.0,-0.047,,,,0.047,,-2,2,0.299,0.701,34,25,35,25,2,1,6.0,1.0,6.0,1.0,5.23,-0.99,-0.99,45.4,,,,,
SI,2024-09-03,88.8,-2.5,5.96,"Hendricks, Kyle",642133,543294,single,hit_into_play,,,,,9,"Rowdy Tellez singles on a sharp line drive to right fielder Cody Bellinger, deflected by first baseman Michael Busch. Oneil Cruz scores.",R,L,R,CHC,PIT,X,3.0,line_drive,2,2,2024,-1.35,0.56,0.79,2.08,665833.0,,,2,3,Top,174.87,120.78,,,,,10.70475052750546,-128.88290595548818,-4.578622308849567,-17.26817587678513,25.554953733071702,-25.103942150256643,3.58,1.66,167.0,101.9,9.0,87.6,2081,5.6,746834,542194,683737,663538,670623,621020,664023,691718,641355,54.91,0.697,0.628,0.9,1.0,1.0,0.0,4.0,26,5,Sinker,0,1,1,0,2,0,2,0,Infield shade,Standard,214,-0.094,0.796,80.2,7.7,0.786,-0.796,101.9,-1,1,0.393,0.607,34,29,35,29,2,1,6.0,1.0,6.0,2.0,2.33,1.35,-1.35,42.8,6.007896775904922,-15.745850029377747,34.723047779787784,26.86132530528526,36.44274862531633
CH,2024-09-03,82.2,-2.51,6.1,"Hendricks, Kyle",642133,543294,,blocked_ball,,,,,13,"Rowdy Tellez singles on a sharp line drive to right fielder Cody Bellinger, deflected by first baseman Michael Busch. Oneil Cruz scores.",R,L,R,CHC,PIT,B,,,1,2,2024,-1.25,0.4,-0.25,0.03,665833.0,,,2,3,Top,,,,,,,7.414557881389948,-119.34086445179852,-7.905050352012304,-13.318378238315663,20.955569966998716,-27.104137061492917,3.62,1.69,,,,81.2,2171,5.6,746834,542194,683737,663538,670623,621020,664023,691718,641355,54.94,,,,,,,,26,4,Changeup,0,1,1,0,1,0,1,0,Infield shade,Standard,230,0.0,0.017,,,,-0.017,,-1,1,0.393,0.607,34,29,35,29,2,1,6.0,1.0,6.0,2.0,2.97,1.25,-1.25,45.1,,,,,
FF,2024-09-03,87.2,-2.57,5.97,"Hendricks, Kyle",642133,543294,,foul,,,,,12,"Rowdy Tellez singles on a sharp line drive to right fielder Cody Bellinger, deflected by first baseman Michael Busch. Oneil Cruz scores.",R,L,R,CHC,PIT,S,,,1,1,2024,-0.42,1.27,0.88,3.52,665833.0,,,2,3,Top,,,,,,,9.004114329538968,-126.71721654949997,-2.330950883947792,-6.301276457817445,24.662507403129144,-18.221015486911284,3.58,1.66,146.0,72.3,14.0,86.0,2199,5.5,746834,542194,683737,663538,670623,621020,664023,691718,641355,55.02,,,,,,,,26,3,4-Seam Fastball,0,1,1,0,1,0,1,0,Infield shade,Standard,211,0.0,-0.073,76.9,7.3,,0.073,88.0,-1,1,0.393,0.607,34,29,35,29,2,1,6.0,1.0,6.0,2.0,1.73,0.42,-0.42,40.9,10.09259424009629,-5.573418121331346,25.142115936902908,24.837888657894897,27.07400822796341
FF,2024-09-03,87.4,-2.58,5.99,"Hendricks, Kyle",642133,543294,,ball,,,,,12,"Rowdy Tellez singles on a sharp line drive to right fielder Cody Bellinger, deflected by first baseman Michael Busch. Oneil Cruz scores.",R,L,R,CHC,PIT,B,,,0,1,2024,-0.41,1.25,0.04,4.11,665833.0,,,2,3,Top,,,,,,,7.043326055422996,-127.19187808180985,-1.003344233243618,-5.812405467291435,24.056439725290687,-18.56082838020802,3.58,1.75,,,,86.4,2092,5.5,746834,542194,683737,663538,670623,621020,664023,691718,641355,55.01,,,,,,,,26,2,4-Seam Fastball,0,1,1,0,1,0,1,0,Infield shade,Standard,215,0.0,0.032,,,,-0.032,,-1,1,0.393,0.607,34,29,35,29,2,1,6.0,1.0,6.0,2.0,1.72,0.41,-0.41,41.2,,,,,
CH,2024-09-03,81.8,-2.57,6.09,"Hendricks, Kyle",642133,543294,,called_strike,,,,,7,"Rowdy Tellez singles on a sharp line drive to right fielder Cody Bellinger, deflected by first baseman Michael Busch. Oneil Cruz scores.",R,L,R,CHC,PIT,S,,,0,0,2024,-1.3,0.38,-0.73,1.64,665833.0,,,2,3,Top,,,,,,,6.5392910056615685,-118.91957796634642,-4.129754007740058,-13.63214159410699,23.26427649359716,-28.00633435301934,3.58,1.63,,,,80.4,2296,5.4,746834,542194,683737,663538,670623,621020,664023,691718,641355,55.07,,,,,,,,26,1,Changeup,0,1,1,0,1,0,1,0,Infield shade,Standard,227,0.0,-0.039,,,,0.039,,-1,1,0.393,0.607,34,29,35,29,2,1,6.0,1.0,6.0,2.0,3.04,1.3,-1.3,45.1,,,,,
SI,2024-09-03,88.6,-2.51,6.0,"Hendricks, Kyle",457705,543294,sac_fly,hit_into_play,,,,,5,Andrew McCutchen out on a sacrifice fly to center fielder Pete Crow-Armstrong. Isiah Kiner-Falefa scores. Oneil Cruz to 3rd.,R,R,R,CHC,PIT,X,8.0,fly_ball,3,2,2024,-1.04,0.46,0.05,2.56,643396.0,665833.0,,1,3,Top,128.88,88.11,,,,,8.291203477529443,-128.78792167156126,-3.314521517214892,-13.235363619755177,24.70690906089653,-26.56742956862721,3.47,1.6,358.0,95.4,30.0,87.7,2134,5.6,746834,542194,683737,663538,670623,621020,664023,691718,641355,54.91,0.163,0.272,0.0,1.0,0.0,0.0,5.0,25,7,Sinker,0,0,0,0,1,0,1,0,Standard,Standard,211,-0.009,-0.151,74.0,7.6,0.51,0.151,95.4,0,0,0.402,0.598,34,37,35,38,2,1,6.0,1.0,6.0,4.0,2.43,1.04,1.04,44.1,7.335110318992889,-0.6155136340523174,32.51237135472325,38.90724877990462,25.91864040651322
CU,2024-09-03,75.0,-2.55,6.02,"Hendricks, Kyle",457705,543294,,blocked_ball,,,,,14,Andrew McCutchen out on a sacrifice fly to center fielder Pete Crow-Armstrong. Isiah Kiner-Falefa scores. Oneil Cruz to 3rd.,R,R,R,CHC,PIT,B,,,2,2,2024,1.23,-0.75,1.41,1.19,643396.0,,665833.0,1,3,Top,,,,,,,5.918379046193969,-109.0494917855753,-1.378804618625691,8.541165752541664,21.843665464199336,-38.069443606324896,3.47,1.66,,,,73.4,2961,5.5,746834,542194,683737,663538,670623,621020,664023,691718,641355,55.02,,,,,,,,25,6,Curveball,0,0,0,0,0,0,0,0,Standard,Standard,41,-0.025,0.078,,,,-0.078,,0,0,0.427,0.573,34,37,35,38,2,1,6.0,1.0,6.0,4.0,4.86,-1.23,-1.23,43.4,,,,,
SI,2024-09-03,88.3,-2.33,6.1,"Hendricks, Kyle",457705,543294,,foul,,,,,2,Andrew McCutchen out on a sacrifice fly to center fielder Pete Crow-Armstrong. Isiah Kiner-Falefa scores. Oneil Cruz to 3rd.,R,R,R,CHC,PIT,S,,,2,2,2024,-1.12,0.75,-0.18,3.27,643396.0,,665833.0,1,3,Top,,,,,,,7.440251261316258,-128.50336359764324,-2.3893559386135066,-13.893105151317483,25.47106976226844,-23.57030886752671,3.47,1.6,231.0,70.1,44.0,87.3,2059,5.5,746834,542194,683737,663538,670623,621020,664023,691718,641355,54.96,,,,,,,,25,5,Sinker,0,0,0,0,0,0,0,0,Standard,Standard,207,0.0,0.0,72.8,6.9,,0.0,88.0,0,0,0.427,0.573,34,37,35,38,2,1,6.0,1.0,6.0,4.0,2.16,1.12,1.12,44.9,12.047270803902205,10.593311728603926,28.68415991073209,36.85380007866936,26.716248365887644
CH,2024-09-03,80.5,-2.47,6.08,"Hendricks, Kyle",457705,543294,,ball,,,,,14,Andrew McCutchen out on a sacrifice fly to center fielder Pete Crow-Armstrong. Isiah Kiner-Falefa scores. Oneil Cruz to 3rd.,R,R,R,CHC,PIT,B,,,1,2,2024,-0.26,0.67,1.11,1.71,643396.0,,665833.0,1,3,Top,,,,,,,8.31373951279195,-117.02422646116466,-4.343187956345729,-3.7509910477497455,18.88921638474911,-25.3664321443552,3.39,1.71,,,,79.8,2176,5.6,746834,542194,683737,663538,670623,621020,664023,691718,641355,54.94,,,,,,,,25,4,Changeup,0,0,0,0,0,0,0,0,Standard,Standard,231,0.0,0.022,,,,-0.022,,0,0,0.427,0.573,34,37,35,38,2,1,6.0,1.0,6.0,4.0,2.81,0.26,0.26,44.4,,,,,
FF,2024-09-03,86.6,-2.58,6.03,"Hendricks, Kyle",457705,543294,,ball,,,,,12,Andrew McCutchen out on a sacrifice fly to center fielder Pete Crow-Armstrong. Isiah Kiner-Falefa scores. Oneil Cruz to 3rd.,R,R,R,CHC,PIT,B,,,0,2,2024,-0.37,1.25,0.33,4.86,643396.0,,665833.0,1,3,Top,,,,,,,7.591548426072759,-125.95506505084862,0.8055707750166813,-5.345541625891501,23.67824032197624,-19.127950640881306,3.47,1.71,,,,85.8,2108,5.6,746834,542194,683737,663538,670623,621020,664023,691718,641355,54.89,,,,,,,,25,3,4-Seam Fastball,0,0,0,0,0,0,0,0,Standard,Standard,211,0.0,0.002,,,,-0.002,,0,0,0.427,0.573,34,37,35,38,2,1,6.0,1.0,6.0,4.0,1.77,0.37,0.37,41.9,,,,,
SI,2024-09-03,87.9,-2.56,6.1,"Hendricks, Kyle",457705,543294,,foul,,,,,11,Andrew McCutchen out on a sacrifice fly to center fielder Pete Crow-Armstrong. Isiah Kiner-Falefa scores. Oneil Cruz to 3rd.,R,R,R,CHC,PIT,S,,,0,1,2024,-1.08,0.66,-1.23,3.25,643396.0,,665833.0,1,3,Top,,,,,,,5.358428426677054,-127.93625036137789,-2.1696039546992507,-12.912428437388844,24.97766228426732,-24.71355388402409,3.47,1.6,3.0,59.4,-46.0,86.8,2032,5.5,746834,542194,683737,663538,670623,621020,664023,691718,641355,55.04,,,,,,,,25,2,Sinker,0,0,0,0,0,0,0,0,Standard,Standard,208,0.0,-0.066,26.2,4.5,,0.066,88.0,0,0,0.427,0.573,34,37,35,38,2,1,6.0,1.0,6.0,4.0,2.28,1.08,1.08,44.5,-22.718196756907627,59.11942499960264,39.84535054969981,25.18787432938469,4.017037490501459
CH,2024-09-03,80.5,-2.52,6.08,"Hendricks, Kyle",457705,543294,,called_strike,,,,,8,Andrew McCutchen out on a sacrifice fly to center fielder Pete Crow-Armstrong. Isiah Kiner-Falefa scores. Oneil Cruz to 3rd.,R,R,R,CHC,PIT,S,,,0,0,2024,-0.23,0.78,0.12,1.85,643396.0,,665833.0,1,3,Top,,,,,,,6.209326045836162,-117.06361268163398,-4.178564156515548,-3.2336511459430137,20.44407700961072,-24.42270301562965,3.51,1.75,,,,79.7,2114,5.6,746834,542194,683737,663538,670623,621020,664023,691718,641355,54.91,,,,,,,,25,1,Changeup,0,0,0,0,0,0,0,0,Standard,Standard,229,0.0,-0.045,,,,0.045,,0,0,0.427,0.573,34,37,35,38,2,1,6.0,1.0,6.0,4.0,2.72,0.23,0.23,45.2,,,,,
CU,2024-09-03,74.8,-2.57,6.07,"Hendricks, Kyle",665833,543294,force_out,hit_into_play,,,,,8,"Oneil Cruz grounds into a force out, second baseman Nico Hoerner to shortstop Dansby Swanson. Isiah Kiner-Falefa to 3rd. Bryan Reynolds out at 2nd. Oneil Cruz to 1st.",R,L,R,CHC,PIT,X,4.0,ground_ball,2,2,2024,1.45,-0.61,0.24,1.78,,643396.0,668804.0,0,3,Top,148.85,152.85,,,,,3.1929546985455786,-108.90491893186852,-0.5372667196665437,10.822839676131563,21.512795598023967,-37.1402663145922,3.93,1.82,28.0,98.4,-3.0,73.1,3013,5.3,746834,542194,683737,663538,670623,621020,664023,691718,641355,55.21,0.323,0.328,0.0,1.0,0.0,0.0,2.0,24,5,Curveball,0,0,0,0,0,0,0,0,Standard,Standard,43,0.026,-0.264,73.8,7.1,0.326,0.264,98.4,0,0,0.401,0.599,34,25,35,26,2,1,6.0,1.0,6.0,1.0,4.72,-1.45,1.45,43.9,-7.059535288657387,-16.250859223828222,41.667187689084656,34.205770773217225,38.29703808913645
FF,2024-09-03,88.1,-2.7,5.92,"Hendricks, Kyle",665833,543294,,ball,,,,,13,"Oneil Cruz grounds into a force out, second baseman Nico Hoerner to shortstop Dansby Swanson. Isiah Kiner-Falefa to 3rd. Bryan Reynolds out at 2nd. Oneil Cruz to 1st.",R,L,R,CHC,PIT,B,,,1,2,2024,-0.41,1.19,-1.4,1.86,,643396.0,668804.0,0,3,Top,,,,,,,3.951574191980316,-128.18597575401603,-6.173501477960151,-5.353611078937571,26.130476117698613,-17.986366234723832,3.68,1.73,,,,87.0,2108,5.6,746834,542194,683737,663538,670623,621020,664023,691718,641355,54.95,,,,,,,,24,4,4-Seam Fastball,0,0,0,0,0,0,0,0,Strategic,Standard,216,0.0,0.026,,,,-0.026,,0,0,0.401,0.599,34,25,35,26,2,1,6.0,1.0,6.0,1.0,1.74,0.41,-0.41,40.3,,,,,
CH,2024-09-03,81.5,-2.56,6.13,"Hendricks, Kyle",665833,543294,,swinging_strike,,,,,13,"Oneil Cruz grounds into a force out, second baseman Nico Hoerner to shortstop Dansby Swanson. Isiah Kiner-Falefa to 3rd. Bryan Reynolds out at 2nd. Oneil Cruz to 1st.",R,L,R,CHC,PIT,S,,,1,1,2024,-0.86,1.0,-0.95,1.78,,643396.0,668804.0,0,3,Top,,,,,,,5.179809673283901,-118.52615906773704,-5.013886758918482,-9.128815830090304,22.41961020247921,-21.99774541777702,3.93,1.82,,,,80.1,2182,5.3,746834,542194,683737,663538,670623,621020,664023,691718,641355,55.17,,,,,,,,24,3,Changeup,0,0,0,0,0,0,0,0,Standard,Standard,232,0.0,-0.069,,,,0.069,,0,0,0.401,0.599,34,25,35,26,2,1,6.0,1.0,6.0,1.0,2.43,0.86,-0.86,43.6,,,,,
SI,2024-09-03,87.4,-2.5,6.13,"Hendricks, Kyle",665833,543294,,ball,,,,,13,"Oneil Cruz grounds into a force out, second baseman Nico Hoerner to shortstop Dansby Swanson. Isiah Kiner-Falefa to 3rd. Bryan Reynolds out at 2nd. Oneil Cruz to 1st.",R,L,R,CHC,PIT,B,,,0,1,2024,-1.13,0.81,-1.63,2.03,,643396.0,668804.0,0,3,Top,,,,,,,4.353601875919176,-127.26015226841406,-5.371617732161726,-13.197703158943732,24.649635085573323,-22.461919530852008,3.92,1.83,,,,86.4,1994,5.5,746834,542194,683737,663538,670623,621020,664023,691718,641355,55.03,,,,,,,,24,2,Sinker,0,0,0,0,0,0,0,0,Standard,Standard,209,0.0,0.034,,,,-0.034,,0,0,0.401,0.599,34,25,35,26,2,1,6.0,1.0,6.0,1.0,2.15,1.13,-1.13,47.1,,,,,
SI,2024-09-03,87.4,-2.45,6.11,"Hendricks, Kyle",665833,543294,,called_strike,,,,,7,"Oneil Cruz grounds into a force out, second baseman Nico Hoerner to shortstop Dansby Swanson. Isiah Kiner-Falefa to 3rd. Bryan Reynolds out at 2nd. Oneil Cruz to 1st.",R,L,R,CHC,PIT,S,,,0,0,2024,-1.04,0.63,-0.56,2.13,,643396.0,668804.0,0,3,Top,,,,,,,6.577377107941342,-127.09826268451242,-4.71756511437252,-12.555511298336649,24.009296389577877,-24.636212174819647,3.94,1.9,,,,86.4,2003,5.5,746834,542194,683737,663538,670623,621020,664023,691718,641355,54.99,,,,,,,,24,1,Sinker,0,0,0,0,0,0,0,0,Standard,Standard,209,0.0,-0.044,,,,0.044,,0,0,0.401,0.599,34,25,35,26,2,1,6.0,1.0,6.0,1.0,2.34,1.04,-1.04,45.5,,,,,
CH,2024-09-03,81.8,-2.52,6.15,"Hendricks, Kyle",668804,543294,single,hit_into_play,,,,,4,Bryan Reynolds singles on a line drive to center fielder Pete Crow-Armstrong. Isiah Kiner-Falefa to 2nd.,R,L,R,CHC,PIT,X,8.0,line_drive,1,2,2024,-1.27,0.63,-0.83,2.23,,,643396.0,0,3,Top,133.91,92.68,,,,,6.148931192638579,-118.98723158694344,-3.494034382017561,-13.206709680800651,21.263616223382485,-25.69486147525526,3.07,1.5,193.0,91.6,13.0,80.6,2238,5.3,746834,542194,683737,663538,670623,621020,664023,691718,641355,55.15,0.94,0.902,0.9,1.0,1.0,0.0,4.0,23,5,Changeup,0,0,0,0,0,0,0,0,Infield shade,Standard,224,-0.059,0.507,,,1.102,-0.507,91.6,0,0,0.46,0.54,34,29,35,29,2,1,6.0,1.0,6.0,1.0,2.76,1.27,-1.27,45.6,,,,,
FF,2024-09-03,88.2,-2.51,6.09,"Hendricks, Kyle",668804,543294,,foul,,,,,4,Bryan Reynolds singles on a line drive to center fielder Pete Crow-Armstrong. Isiah Kiner-Falefa to 2nd.,R,L,R,CHC,PIT,S,,,1,2,2024,-0.52,1.25,-0.65,2.45,,,643396.0,0,3,Top,,,,,,,5.487531335710614,-128.2424366837311,-5.261269053641544,-6.851474164665235,26.96317896220851,-17.511238090788062,3.07,1.5,200.0,71.5,45.0,86.7,2199,5.4,746834,542194,683737,663538,670623,621020,664023,691718,641355,55.07,,,,,,,,23,4,4-Seam Fastball,0,0,0,0,0,0,0,0,Infield shade,Standard,215,0.0,0.0,66.2,6.3,,0.0,88.0,0,0,0.46,0.54,34,29,35,29,2,1,6.0,1.0,6.0,1.0,1.69,0.52,-0.52,44.3,4.578385325883822,14.516890246503216,36.04049913477535,44.63297796454093,21.886555692713397
FF,2024-09-03,87.1,-2.6,6.04,"Hendricks, Kyle",668804,543294,,ball,,,,,11,Bryan Reynolds singles on a line drive to center fielder Pete Crow-Armstrong. Isiah Kiner-Falefa to 2nd.,R,L,R,CHC,PIT,B,,,0,2,2024,-0.48,1.15,-0.04,4.02,,,643396.0,0,3,Top,,,,,,,7.017435249404817,-126.68852735147264,-1.009186061449472,-6.648624801370049,27.312535128374805,-19.825307813327715,3.01,1.42,,,,85.6,2216,5.5,746834,542194,683737,663538,670623,621020,664023,691718,641355,55.04,,,,,,,,23,3,4-Seam Fastball,0,0,0,0,0,0,0,0,Infield shade,Standard,210,0.0,0.033,,,,-0.033,,0,0,0.46,0.54,34,29,35,29,2,1,6.0,1.0,6.0,1.0,1.87,0.48,-0.48,41.3,,,,,
SI,2024-09-03,87.5,-2.53,6.07,"Hendricks, Kyle",668804,543294,,foul,,,,,14,Bryan Reynolds singles on a line drive to center fielder Pete Crow-Armstrong. Isiah Kiner-Falefa to 2nd.,R,L,R,CHC,PIT,S,,,0,1,2024,-1.17,0.6,0.41,1.22,,,643396.0,0,3,Top,,,,,,,9.347116008910756,-127.05606645582708,-6.740019233773839,-14.487346943983056,23.20999517079441,-24.541521337957576,3.07,1.5,4.0,78.7,-17.0,86.7,2002,5.6,746834,542194,683737,663538,670623,621020,664023,691718,641355,54.87,,,,,,,,23,2,Sinker,0,0,0,0,0,0,0,0,Infield shade,Standard,218,0.0,-0.048,71.7,7.4,,0.048,88.0,0,0,0.46,0.54,34,29,35,29,2,1,6.0,1.0,6.0,1.0,2.37,1.17,-1.17,44.8,12.57682878267254,-6.394271405118651,43.64389999260072,31.98576087056351,28.889299250945115
CH,2024-09-03,80.7,-2.51,6.17,"Hendricks, Kyle",668804,543294,,swinging_strike,,,,,5,Bryan Reynolds singles on a line drive to center fielder Pete Crow-Armstrong. Isiah Kiner-Falefa to 2nd.,R,L,R,CHC,PIT,S,,,0,0,2024,-1.33,0.78,0.14,2.0,,,643396.0,0,3,Top,,,,,,,8.256830959416131,-117.22493605749948,-4.089556735781405,-13.72885826106943,20.166582023460165,-24.401955658649157,3.07,1.5,,,,79.7,2182,5.5,746834,542194,683737,663538,670623,621020,664023,691718,641355,55.02,,,,,,,,23,1,Changeup,0,0,0,0,0,0,0,0,Standard,Standard,226,0.0,-0.042,73.8,8.3,,0.042,,0,0,0.46,0.54,34,29,35,29,2,1,6.0,1.0,6.0,1.0,2.71,1.33,-1.33,44.8,32.5167179372538,-31.82114712890416,40.55590078160403,35.40634094226864,44.1283485586378
SI,2024-09-03,87.9,-2.51,6.16,"Hendricks, Kyle",643396,543294,single,hit_into_play,,,,,4,Isiah Kiner-Falefa singles on a sharp line drive to left fielder Ian Happ.,R,R,R,CHC,PIT,X,7.0,line_drive,3,1,2024,-1.14,0.66,-0.44,2.19,,,,0,3,Top,57.02,92.41,,,,,7.267768809030598,-127.875493999721,-4.885030104759212,-13.955260334490251,23.682504549654023,-24.10926085015693,3.25,1.45,264.0,104.9,12.0,87.1,2038,5.6,746834,542194,683737,663538,670623,621020,664023,691718,641355,54.91,0.937,0.948,0.9,1.0,1.0,0.0,4.0,22,5,Sinker,0,0,0,0,0,0,0,0,Standard,Standard,209,-0.04,0.284,,,1.238,-0.284,104.9,0,0,0.5,0.5,34,29,35,29,2,1,6.0,1.0,6.0,1.0,2.27,1.14,1.14,45.7,,,,,
SI,2024-09-03,86.7,-2.65,6.06,"Hendricks, Kyle",643396,543294,,called_strike,,,,,6,Isiah Kiner-Falefa singles on a sharp line drive to left fielder Ian Happ.,R,R,R,CHC,PIT,S,,,3,0,2024,-0.96,0.68,0.46,2.33,,,,0,3,Top,,,,,,,9.24012429263774,-125.99304471367996,-4.128145480962349,-11.92884266403838,22.24362757721551,-24.24436119794508,3.04,1.39,,,,85.9,2093,5.6,746834,542194,683737,663538,670623,621020,664023,691718,641355,54.93,,,,,,,,22,4,Sinker,0,0,0,0,0,0,0,0,Standard,Standard,212,0.0,-0.09,,,,0.09,,0,0,0.5,0.5,34,29,35,29,2,1,6.0,1.0,6.0,1.0,2.33,0.96,0.96,43.0,,,,,
SI,2024-09-03,86.9,-2.6,6.07,"Hendricks, Kyle",643396,543294,,ball,,,,,14,Isiah Kiner-Falefa singles on a sharp line drive to left fielder Ian Happ.,R,R,R,CHC,PIT,B,,,2,0,2024,-1.09,0.66,1.0,0.84,,,,0,3,Top,,,,,,,10.67190488824411,-126.02551858812063,-7.664245112823735,-13.560031295845372,22.107788843430257,-23.75054683832789,3.25,1.58,,,,86.1,2107,5.7,746834,542194,683737,663538,670623,621020,664023,691718,641355,54.83,,,,,,,,22,3,Sinker,0,0,0,0,0,0,0,0,Standard,Standard,212,0.0,0.147,,,,-0.147,,0,0,0.5,0.5,34,29,35,29,2,1,6.0,1.0,6.0,1.0,2.34,1.09,1.09,42.4,,,,,
CU,2024-09-03,73.9,-2.59,6.08,"Hendricks, Kyle",643396,543294,,ball,,,,,14,Isiah Kiner-Falefa singles on a sharp line drive to left fielder Ian Happ.,R,R,R,CHC,PIT,B,,,1,0,2024,1.25,-0.58,1.0,0.78,,,,0,3,Top,,,,,,,5.062483709030098,-107.42029601238012,-2.406915975886003,8.601813432350426,20.528254725468567,-36.436147457729554,3.25,1.46,,,,72.5,2917,5.5,746834,542194,683737,663538,670623,621020,664023,691718,641355,55.01,,,,,,,,22,2,Curveball,0,0,0,0,0,0,0,0,Standard,Standard,40,0.0,0.069,,,,-0.069,,0,0,0.5,0.5,34,29,35,29,2,1,6.0,1.0,6.0,1.0,4.8,-1.25,-1.25,42.7,,,,,
SI,2024-09-03,86.6,-2.66,6.11,"Hendricks, Kyle",643396,543294,,ball,,,,,11,Isiah Kiner-Falefa singles on a sharp line drive to left fielder Ian Happ.,R,R,R,CHC,PIT,B,,,0,0,2024,-1.02,0.69,-1.11,2.95,,,,0,3,Top,,,,,,,5.678364073355603,-126.13477297921088,-2.808083860789587,-11.976240336042997,22.696937728474225,-24.400854247863723,3.25,1.36,,,,85.9,2047,5.5,746834,542194,683737,663538,670623,621020,664023,691718,641355,54.98,,,,,,,,22,1,Sinker,0,0,0,0,0,0,0,0,Standard,Standard,209,0.0,0.038,,,,-0.038,,0,0,0.5,0.5,34,29,35,29,2,1,6.0,1.0,6.0,1.0,2.31,1.02,1.02,45.5,,,,,
SI,2024-09-03,88.9,-2.58,6.04,"Hendricks, Kyle",669707,543294,field_out,hit_into_play,,,,,8,"Jared Triolo grounds out, third baseman Isaac Paredes to first baseman Michael Busch.",R,R,R,CHC,PIT,X,5.0,ground_ball,3,2,2024,-1.04,0.56,-0.13,1.84,693304.0,656582.0,518735.0,2,2,Top,102.86,162.54,,,,,8.083555454980594,-129.27434182114987,-5.418615396799938,-13.252997683299483,24.11829124865155,-24.98058169204198,3.55,1.65,12.0,98.7,-8.0,88.1,2079,5.6,746834,542194,683737,663538,670623,621020,664023,691718,641355,54.9,0.223,0.238,0.0,1.0,0.0,0.0,2.0,15,7,Sinker,0,0,0,0,0,0,0,0,Standard,Standard,212,0.076,-0.371,72.8,7.7,0.223,0.371,98.7,0,0,0.474,0.526,34,26,35,26,1,0,6.0,1.0,6.0,1.0,2.3,1.04,1.04,45.0,10.096593455560296,2.2349023668105867,47.400665641937614,34.35036344507188,28.497356948779395
SI,2024-09-03,88.1,-2.54,6.04,"Hendricks, Kyle",669707,543294,,foul,,,,,5,"Jared Triolo grounds out, third baseman Isaac Paredes to first baseman Michael Busch.",R,R,R,CHC,PIT,S,,,3,2,2024,-0.89,0.45,-0.06,2.92,693304.0,656582.0,518735.0,2,2,Top,,,,,,,7.761841163481902,-128.1884152395372,-2.4749236740391205,-11.321177843736416,22.351239676142505,-26.928187027880927,3.55,1.65,220.0,71.6,42.0,87.5,1987,5.6,746834,542194,683737,663538,670623,621020,664023,691718,641355,54.91,,,,,,,,15,6,Sinker,0,0,0,0,0,0,0,0,Standard,Standard,207,0.0,0.0,65.5,6.7,,0.0,88.0,0,0,0.474,0.526,34,26,35,26,1,0,6.0,1.0,6.0,1.0,2.45,0.89,0.89,44.2,-0.0280214775398064,19.213112205533008,39.28570328013991,35.452977097790296,17.983796130703823
CH,2024-09-03,82.6,-2.51,6.12,"Hendricks, Kyle",669707,543294,,blocked_ball,,,,,14,"Jared Triolo grounds out, third baseman Isaac Paredes to first baseman Michael Busch.",R,R,R,CHC,PIT,B,,,2,2,2024,-0.11,0.71,1.68,0.63,693304.0,656582.0,518735.0,2,2,Top,,,,,,,9.581480806583793,-119.83244868731116,-7.321698915140875,-2.725601506687934,20.49566871068477,-24.083696703091125,3.55,1.57,,,,81.6,2177,5.5,746834,542194,683737,663538,670623,621020,664023,691718,641355,54.99,,,,,,,,15,5,Changeup,0,0,0,0,0,0,0,0,Standard,Standard,232,0.0,0.103,,,,-0.103,,0,0,0.474,0.526,34,26,35,26,1,0,6.0,1.0,6.0,1.0,2.62,0.11,0.11,46.3,,,,,
FF,2024-09-03,89.0,-2.6,5.96,"Hendricks, Kyle",669707,543294,,ball,,,,,12,"Jared Triolo grounds out, third baseman Isaac Paredes to first baseman Michael Busch.",R,R,R,CHC,PIT,B,,,1,2,2024,-0.31,1.2,1.33,4.85,693304.0,656582.0,518735.0,2,2,Top,,,,,,,10.153092189103168,-129.3229384264318,0.7534547218575108,-5.398882952189711,24.840332318615683,-19.01417788652381,3.55,1.69,,,,88.1,2129,5.7,746834,542194,683737,663538,670623,621020,664023,691718,641355,54.85,,,,,,,,15,4,4-Seam Fastball,0,0,0,0,0,0,0,0,Standard,Standard,216,0.0,0.052,,,,-0.052,,0,0,0.474,0.526,34,26,35,26,1,0,6.0,1.0,6.0,1.0,1.67,0.31,0.31,37.5,,,,,
CH,2024-09-03,81.1,-2.5,6.18,"Hendricks, Kyle",669707,543294,,foul,,,,,9,"Jared Triolo grounds out, third baseman Isaac Paredes to first baseman Michael Busch.",R,R,R,CHC,PIT,S,,,1,1,2024,-0.17,0.87,0.44,2.05,693304.0,656582.0,518735.0,2,2,Top,,,,,,,6.794964392398517,-117.9200265186787,-4.243434681446325,-2.7787915789925197,20.973469484319367,-23.440546988484336,3.55,1.65,2.0,66.7,-40.0,80.1,2160,5.5,746834,542194,683737,663538,670623,621020,664023,691718,641355,55.0,,,,,,,,15,3,Changeup,0,0,0,0,0,0,0,0,Standard,Standard,232,0.0,-0.05,68.5,8.5,,0.05,88.0,0,0,0.474,0.526,34,26,35,26,1,0,6.0,1.0,6.0,1.0,2.58,0.17,0.17,47.1,27.34858339516268,-17.347855975055772,40.23793667116495,40.7918227904201,42.723364746949
CH,2024-09-03,81.3,-2.55,6.15,"Hendricks, Kyle",669707,543294,,swinging_strike,,,,,14,"Jared Triolo grounds out, third baseman Isaac Paredes to first baseman Michael Busch.",R,R,R,CHC,PIT,S,,,1,0,2024,-0.17,0.97,0.65,1.45,693304.0,656582.0,518735.0,2,2,Top,,,,,,,7.380414042595081,-118.09707331770645,-5.724543283643729,-2.9675151064412515,21.447036051531924,-22.146655625434164,3.55,1.65,,,,80.3,2218,5.6,746834,542194,683737,663538,670623,621020,664023,691718,641355,54.89,,,,,,,,15,2,Changeup,0,0,0,0,0,0,0,0,Standard,Standard,230,0.0,-0.044,65.9,9.1,,0.044,,0,0,0.474,0.526,34,26,35,26,1,0,6.0,1.0,6.0,1.0,2.47,0.17,0.17,44.2,39.175071165658565,-39.95524161162109,43.10063485194639,41.7935991546941,61.6565989533743
SI,2024-09-03,87.3,-2.53,6.12,"Hendricks, Kyle",669707,543294,,ball,,,,,11,"Jared Triolo grounds out, third baseman Isaac Paredes to first baseman Michael Busch.",R,R,R,CHC,PIT,B,,,0,0,2024,-1.18,0.58,-0.94,4.07,693304.0,656582.0,518735.0,2,2,Top,,,,,,,6.177362606851899,-127.12890386945212,-0.0445722466408178,-14.060354569167494,23.325746088997047,-26.00318330000992,3.55,1.64,,,,86.7,1925,5.6,746834,542194,683737,663538,670623,621020,664023,691718,641355,54.88,,,,,,,,15,1,Sinker,0,0,0,0,0,0,0,0,Standard,Standard,208,0.0,0.031,,,,-0.031,,0,0,0.474,0.526,34,26,35,26,1,0,6.0,1.0,6.0,1.0,2.38,1.18,1.18,44.1,,,,,
CH,2024-09-03,81.1,-2.62,6.12,"Hendricks, Kyle",518735,543294,walk,ball,,,,,11,Yasmani Grandal walks. Nick Gonzales to 3rd. Connor Joe to 2nd.,R,L,R,CHC,PIT,B,,,3,0,2024,-1.02,0.46,-1.19,2.63,,693304.0,656582.0,2,2,Top,,,,,,,5.064134813465618,-118.1678303062208,-2.1062689232022755,-10.502333872366906,20.632469903575597,-27.642828747062023,3.2,1.39,,,,80.3,2190,5.4,746834,542194,683737,663538,670623,621020,664023,691718,641355,55.05,,0.689131,0.7,1.0,0.0,0.0,,14,4,Changeup,0,0,0,0,0,0,0,0,Strategic,Standard,228,-0.031,0.085,,,,-0.085,,0,0,0.505,0.495,34,35,35,36,1,0,6.0,4.0,6.0,2.0,2.97,1.02,-1.02,44.0,,,,,
CU,2024-09-03,72.9,-2.67,6.13,"Hendricks, Kyle",518735,543294,,ball,,,,,11,Yasmani Grandal walks. Nick Gonzales to 3rd. Connor Joe to 2nd.,R,L,R,CHC,PIT,B,,,2,0,2024,1.09,-1.0,-2.41,3.44,,693304.0,656582.0,2,2,Top,,,,,,,-1.3182315073593336,-106.03827324626462,3.600962456524201,8.42788738636017,18.479916668489057,-40.542676146273685,3.04,1.43,,,,71.6,2852,5.3,746834,542194,683737,663538,670623,621020,664023,691718,641355,55.17,,,,,,,,14,3,Curveball,0,0,0,0,0,0,0,0,Strategic,Standard,44,0.0,0.08,,,,-0.08,,0,0,0.505,0.495,34,35,35,36,1,0,6.0,4.0,6.0,2.0,5.3,-1.09,1.09,41.5,,,,,
FF,2024-09-03,86.5,-2.55,6.01,"Hendricks, Kyle",518735,543294,,ball,,,,,12,Yasmani Grandal walks. Nick Gonzales to 3rd. Connor Joe to 2nd.,R,L,R,CHC,PIT,B,,,1,0,2024,-0.17,1.06,0.15,4.14,,693304.0,656582.0,2,2,Top,,,,,,,6.695776325512354,-125.90476806263588,-0.459200147201897,-3.1306094184356184,24.19735280055386,-20.96947498696745,3.19,1.42,,,,85.5,2016,5.5,746834,542194,683737,663538,670623,621020,664023,691718,641355,55.01,,,,,,,,14,2,4-Seam Fastball,0,0,0,0,0,0,0,0,Standard,Standard,211,0.0,0.044,,,,-0.044,,0,0,0.505,0.495,34,35,35,36,1,0,6.0,4.0,6.0,2.0,1.97,0.17,-0.17,43.5,,,,,
FF,2024-09-03,86.6,-2.56,6.02,"Hendricks, Kyle",518735,543294,,ball,,,,,12,Yasmani Grandal walks. Nick Gonzales to 3rd. Connor Joe to 2nd.,R,L,R,CHC,PIT,B,,,0,0,2024,-0.17,1.16,0.52,4.23,,693304.0,656582.0,2,2,Top,,,,,,,7.573686276117248,-125.94265356620666,-0.4738121274968012,-3.235292186130505,24.157184390803245,-19.8734192752204,3.23,1.45,,,,85.6,2054,5.5,746834,542194,683737,663538,670623,621020,664023,691718,641355,54.97,,,,,,,,14,1,4-Seam Fastball,0,0,0,0,0,0,0,0,Standard,Standard,209,0.0,0.026,,,,-0.026,,0,0,0.505,0.495,34,35,35,36,1,0,6.0,4.0,6.0,2.0,1.87,0.17,-0.17,42.5,,,,,
SI,2024-09-03,87.5,-2.46,6.1,"Hendricks, Kyle",656582,543294,single,hit_into_play,,,,,1,Connor Joe singles on a ground ball to first baseman Michael Busch. Nick Gonzales to 2nd.,R,R,R,CHC,PIT,X,3.0,ground_ball,0,1,2024,-1.11,0.54,-0.6,2.75,,,693304.0,2,2,Top,148.85,163.14,,,,,6.696101197983385,-127.32517873904123,-3.0878136684027147,-13.419651637227243,23.557391094190542,-25.86575489086181,3.24,1.51,29.0,74.6,-3.0,86.8,1938,5.6,746834,542194,683737,663538,670623,621020,664023,691718,641355,54.88,0.094,0.079,0.9,1.0,1.0,0.0,2.0,13,2,Sinker,0,0,0,0,0,0,0,0,Standard,Standard,211,-0.021,0.404,63.8,6.1,0.098,-0.404,88.0,0,0,0.526,0.474,34,31,35,32,1,0,6.0,3.0,6.0,1.0,2.41,1.11,1.11,45.8,-12.41325244948102,26.42141569362008,35.0138360155354,33.512378268100065,17.659627147782974
CH,2024-09-03,80.0,-2.52,6.18,"Hendricks, Kyle",656582,543294,,called_strike,,,,,5,Connor Joe singles on a ground ball to first baseman Michael Busch. Nick Gonzales to 2nd.,R,R,R,CHC,PIT,S,,,0,0,2024,-0.45,0.94,0.21,2.48,,,693304.0,2,2,Top,,,,,,,6.781859422142884,-116.31993067494476,-3.166057623387412,-5.375837045219598,21.50519495023816,-23.267692210255515,3.11,1.5,,,,78.9,2151,5.5,746834,542194,683737,663538,670623,621020,664023,691718,641355,54.95,,,,,,,,13,1,Changeup,0,0,0,0,0,0,0,0,Standard,Standard,228,0.0,-0.047,,,,0.047,,0,0,0.526,0.474,34,31,35,32,1,0,6.0,3.0,6.0,1.0,2.63,0.45,0.45,44.0,,,,,
CH,2024-09-03,81.4,-2.63,6.15,"Hendricks, Kyle",693304,543294,single,hit_into_play,,,,,6,Nick Gonzales singles on a line drive to left fielder Ian Happ.,R,R,R,CHC,PIT,X,7.0,line_drive,1,1,2024,-0.11,0.86,0.49,2.62,,,,2,2,Top,73.68,114.26,,,,,7.114446679096155,-118.4412820131581,-2.997257679289655,-2.2718088486957546,20.59727854458956,-23.700407730294977,3.37,1.52,183.0,74.9,18.0,80.7,2089,5.6,746834,542194,683737,663538,670623,621020,664023,691718,641355,54.9,0.94,0.878,0.9,1.0,1.0,0.0,4.0,12,3,Changeup,0,0,0,0,0,0,0,0,Standard,Standard,231,-0.014,0.344,66.2,7.9,1.039,-0.344,88.0,0,0,0.54,0.46,34,25,35,25,1,0,6.0,1.0,6.0,1.0,2.56,0.11,0.11,46.0,23.69279611143063,-8.340199159827117,29.260661815016228,43.80421224087824,45.4964170376582
SI,2024-09-03,87.0,-2.52,6.11,"Hendricks, Kyle",693304,543294,,foul,,,,,2,Nick Gonzales singles on a line drive to left fielder Ian Happ.,R,R,R,CHC,PIT,S,,,1,0,2024,-1.05,0.62,-0.03,2.81,,,,2,2,Top,,,,,,,8.015389190930419,-126.5256671204059,-3.048605265202677,-12.839795986074094,22.448686475566824,-25.12126706657166,3.37,1.52,204.0,71.5,25.0,86.4,2022,5.6,746834,542194,683737,663538,670623,621020,664023,691718,641355,54.88,,,,,,,,12,2,Sinker,0,0,0,0,0,0,0,0,Standard,Standard,210,0.0,-0.051,71.7,6.7,,0.051,88.0,0,0,0.54,0.46,34,25,35,25,1,0,6.0,1.0,6.0,1.0,2.37,1.05,1.05,44.4,4.543877828606702,14.0926354776778,31.92747852801821,38.63976973804794,27.13531366556101
FF,2024-09-03,87.8,-2.65,6.01,"Hendricks, Kyle",693304,543294,,ball,,,,,11,Nick Gonzales singles on a line drive to left fielder Ian Happ.,R,R,R,CHC,PIT,B,,,0,0,2024,-0.4,1.25,-0.17,3.63,,,,2,2,Top,,,,,,,6.74593647869928,-127.77906874164265,-2.252360743121693,-5.677535022624722,23.70828374098317,-18.18437657623268,3.37,1.56,,,,87.2,2151,5.7,746834,542194,683737,663538,670623,621020,664023,691718,641355,54.83,,,,,,,,12,1,4-Seam Fastball,0,0,0,0,0,0,0,0,Standard,Standard,209,0.0,0.04,,,,-0.04,,0,0,0.54,0.46,34,25,35,25,1,0,6.0,1.0,6.0,1.0,1.69,0.4,0.4,42.5,,,,,
FF,2024-09-03,87.9,-2.68,6.01,"Hendricks, Kyle",642133,543294,field_out,hit_into_play,,,,,3,Rowdy Tellez flies out to center fielder Pete Crow-Armstrong.,R,L,R,CHC,PIT,X,8.0,fly_ball,2,2,2024,-0.19,1.27,0.53,3.57,,,,1,2,Top,123.43,78.68,,,,,8.068750649802684,-127.79689570047296,-2.4031154324825263,-3.701830292169689,25.838499104287667,-17.914775860745117,3.58,1.66,300.0,90.8,41.0,86.8,2118,5.6,746834,542194,683737,663538,670623,621020,664023,691718,641355,54.93,0.011,0.016,0.0,1.0,0.0,0.0,3.0,11,5,4-Seam Fastball,0,0,0,0,0,0,0,0,Infield shade,Standard,217,0.017,-0.225,67.6,7.0,0.026,0.225,90.8,0,0,0.523,0.477,34,29,35,29,1,0,6.0,1.0,6.0,2.0,1.68,0.19,-0.19,42.4,7.748190870840341,-5.47658033499896,25.62141049969568,29.87637086512278,26.201102986656142
CH,2024-09-03,81.5,-2.6,6.09,"Hendricks, Kyle",642133,543294,,swinging_strike,,,,,14,Rowdy Tellez flies out to center fielder Pete Crow-Armstrong.,R,L,R,CHC,PIT,S,,,2,1,2024,-1.09,0.47,0.2,1.0,,,,1,2,Top,,,,,,,8.256499169411084,-118.29822280089547,-5.689601408810726,-11.798581598126326,21.69945347979414,-26.814580008130736,3.58,1.66,,,,80.5,2194,5.7,746834,542194,683737,663538,670623,621020,664023,691718,641355,54.83,,,,,,,,11,4,Changeup,0,0,0,0,0,0,0,0,Infield shade,Standard,227,0.0,-0.078,74.2,9.1,,0.078,,0,0,0.523,0.477,34,29,35,29,1,0,6.0,1.0,6.0,2.0,2.96,1.09,-1.09,43.7,22.3135778711678,-40.9229918748246,37.25829460749482,35.78009002787189,52.247549092300055
CU,2024-09-03,74.8,-2.64,6.15,"Hendricks, Kyle",642133,543294,,called_strike,,,,,5,Rowdy Tellez flies out to center fielder Pete Crow-Armstrong.,R,L,R,CHC,PIT,S,,,2,0,2024,1.41,-0.48,0.14,2.48,,,,1,2,Top,,,,,,,3.200476381337412,-108.86550944908667,0.5073271356696514,10.5033906958643,21.04887248332507,-36.3293157941464,3.24,1.51,,,,73.3,2993,5.3,746834,542194,683737,663538,670623,621020,664023,691718,641355,55.15,,,,,,,,11,3,Curveball,0,0,0,0,0,0,0,0,Infield shade,Standard,41,0.0,-0.065,,,,0.065,,0,0,0.523,0.477,34,29,35,29,1,0,6.0,1.0,6.0,2.0,4.59,-1.41,1.41,45.6,,,,,
SI,2024-09-03,87.1,-2.51,6.06,"Hendricks, Kyle",642133,543294,,ball,,,,,12,Rowdy Tellez flies out to center fielder Pete Crow-Armstrong.,R,L,R,CHC,PIT,B,,,1,0,2024,-1.07,0.6,1.0,2.64,,,,1,2,Top,,,,,,,10.471509841724949,-126.49868614294604,-3.304341612786596,-13.49490589417125,22.383509618689736,-25.189929598889417,3.52,1.64,,,,86.3,2011,5.6,746834,542194,683737,663538,670623,621020,664023,691718,641355,54.89,,,,,,,,11,2,Sinker,0,0,0,0,0,0,0,0,Infield shade,Standard,210,0.0,0.072,,,,-0.072,,0,0,0.523,0.477,34,29,35,29,1,0,6.0,1.0,6.0,2.0,2.38,1.07,-1.07,44.9,,,,,
FF,2024-09-03,87.5,-2.64,6.03,"Hendricks, Kyle",642133,543294,,ball,,,,,12,Rowdy Tellez flies out to center fielder Pete Crow-Armstrong.,R,L,R,CHC,PIT,B,,,0,0,2024,-0.13,1.23,1.07,3.06,,,,1,2,Top,,,,,,,9.097972552427937,-127.14464829181188,-3.4980224460212685,-3.22322434766113,25.120287571885168,-18.31803340923357,3.58,1.64,,,,86.4,2048,5.6,746834,542194,683737,663538,670623,621020,664023,691718,641355,54.93,,,,,,,,11,1,4-Seam Fastball,0,0,0,0,0,0,0,0,Infield shade,Standard,217,0.0,0.039,,,,-0.039,,0,0,0.523,0.477,34,29,35,29,1,0,6.0,1.0,6.0,2.0,1.75,0.13,-0.13,40.8,,,,,
FF,2024-09-03,86.9,-2.79,6.0,"Hendricks, Kyle",457705,543294,strikeout,swinging_strike,,,,,11,Andrew McCutchen strikes out swinging.,R,R,R,CHC,PIT,S,2.0,,0,2,2024,-0.34,1.25,-0.68,3.81,,,,0,2,Top,,,,,,,5.669516142178359,-126.45906153870304,-1.6363915278785357,-4.741869464332352,25.202253073526297,-18.56475753257229,3.47,1.6,,,,85.9,2084,5.6,746834,542194,683737,663538,670623,621020,664023,691718,641355,54.94,,0.0,0.0,1.0,0.0,0.0,,10,3,4-Seam Fastball,0,0,0,0,0,0,0,0,Standard,Standard,215,0.023,-0.163,68.2,6.1,,0.163,,0,0,0.5,0.5,34,37,35,38,1,0,6.0,1.0,6.0,4.0,1.76,0.34,0.34,42.3,10.480206711258802,11.715147769885156,26.880884140872084,30.544457183821255,20.236867656630736
CU,2024-09-03,73.8,-2.53,6.16,"Hendricks, Kyle",457705,543294,,called_strike,,,,,3,Andrew McCutchen strikes out swinging.,R,R,R,CHC,PIT,S,,,0,1,2024,1.43,-0.51,0.66,2.97,,,,0,2,Top,,,,,,,3.947254840149681,-107.4017625585874,1.700604760062084,10.215253641789964,20.46279627204811,-36.671354728654094,3.47,1.65,,,,72.3,2998,5.4,746834,542194,683737,663538,670623,621020,664023,691718,641355,55.1,,,,,,,,10,2,Curveball,0,0,0,0,0,0,0,0,Standard,Standard,39,0.0,-0.054,,,,0.054,,0,0,0.5,0.5,34,37,35,38,1,0,6.0,1.0,6.0,4.0,4.73,-1.43,-1.43,44.2,,,,,
CH,2024-09-03,80.0,-2.53,6.2,"Hendricks, Kyle",457705,543294,,called_strike,,,,,12,Andrew McCutchen strikes out swinging.,R,R,R,CHC,PIT,S,,,0,0,2024,-0.25,1.04,0.61,3.53,,,,0,2,Top,,,,,,,7.31466499396925,-116.36353276219036,-1.1736238408033168,-3.581574649854298,20.00182037996189,-22.653822574391143,3.36,1.63,,,,79.4,2121,5.7,746834,542194,683737,663538,670623,621020,664023,691718,641355,54.82,,,,,,,,10,1,Changeup,0,0,0,0,0,0,0,0,Standard,Standard,230,0.0,-0.037,,,,0.037,,0,0,0.5,0.5,34,37,35,38,1,0,6.0,1.0,6.0,4.0,2.5,0.25,0.25,45.0,,,,,
FF,2024-09-03,88.2,-2.68,6.06,"Hendricks, Kyle",665833,543294,field_out,hit_into_play,,,,,12,"Oneil Cruz grounds out, third baseman Isaac Paredes to first baseman Michael Busch.",R,L,R,CHC,PIT,X,5.0,ground_ball,0,2,2024,-0.2,1.25,0.1,4.23,,,,2,1,Top,103.47,160.72,,,,,7.08249162175499,-128.38532271594576,-1.0287797314228146,-3.4940683164770663,22.72145344098305,-18.15831996164849,3.93,1.82,6.0,79.2,-34.0,87.6,2206,5.6,746834,542194,683737,663538,670623,621020,664023,691718,641355,54.95,0.054,0.069,0.0,1.0,0.0,0.0,2.0,3,3,4-Seam Fastball,0,0,0,0,0,0,0,0,Infield shade,Standard,212,0.01,-0.157,60.5,4.9,0.06,0.157,88.0,0,0,0.537,0.463,34,25,35,26,1,0,6.0,1.0,6.0,1.0,1.64,0.2,-0.2,41.0,-7.467208596182759,34.43492721531568,22.59626095801403,36.89170285098996,17.726935889894097
CU,2024-09-03,73.9,-2.7,6.13,"Hendricks, Kyle",665833,543294,,called_strike,,,,,7,"Oneil Cruz grounds out, third baseman Isaac Paredes to first baseman Michael Busch.",R,L,R,CHC,PIT,S,,,0,1,2024,1.37,-1.01,-0.69,1.62,,,,2,1,Top,,,,,,,1.6662860693412398,-107.55691586424231,-0.0873143051757108,10.24307195091783,20.92244207354891,-40.204426113120064,3.78,1.74,,,,72.4,3003,5.4,746834,542194,683737,663538,670623,621020,664023,691718,641355,55.12,,,,,,,,3,2,Curveball,0,0,0,0,0,0,0,0,Infield shade,Standard,42,0.0,-0.058,,,,0.058,,0,0,0.537,0.463,34,25,35,26,1,0,6.0,1.0,6.0,1.0,5.23,-1.37,1.37,44.0,,,,,
CU,2024-09-03,75.0,-2.73,6.15,"Hendricks, Kyle",665833,543294,,called_strike,,,,,8,"Oneil Cruz grounds out, third baseman Isaac Paredes to first baseman Michael Busch.",R,L,R,CHC,PIT,S,,,0,0,2024,1.41,-0.67,0.15,2.04,,,,2,1,Top,,,,,,,3.4089118473242106,-109.19611248962124,-0.1316084748897104,10.633088938255256,20.232389110322984,-37.69836990082388,3.61,1.66,,,,73.8,2997,5.5,746834,542194,683737,663538,670623,621020,664023,691718,641355,55.03,,,,,,,,3,1,Curveball,0,0,0,0,0,0,0,0,Infield shade,Standard,46,0.0,-0.041,,,,0.041,,0,0,0.537,0.463,34,25,35,26,1,0,6.0,1.0,6.0,1.0,4.73,-1.41,1.41,43.2,,,,,
FF,2024-09-03,87.9,-2.68,6.01,"Hendricks, Kyle",668804,543294,field_out,hit_into_play,,,,,12,Bryan Reynolds pops out to third baseman Isaac Paredes in foul territory.,R,L,R,CHC,PIT,X,5.0,popup,0,1,2024,-0.1,1.39,0.75,3.45,,,,1,1,Top,77.45,162.54,,,,,8.387646167390235,-127.84207700539434,-2.98715332202228,-2.7377056822096097,25.111200258032547,-16.42644195997523,3.07,1.5,141.0,70.1,67.0,86.9,2123,5.6,746834,542194,683737,663538,670623,621020,664023,691718,641355,54.92,0.003,0.003,0.0,1.0,0.0,0.0,3.0,2,2,4-Seam Fastball,0,0,0,0,0,0,0,0,Infield shade,Standard,212,0.015,-0.219,68.9,5.9,0.004,0.219,88.0,0,0,0.522,0.478,34,29,35,29,1,0,6.0,1.0,6.0,1.0,1.55,0.1,-0.1,42.8,15.532643545708698,-0.0260127397237011,35.77943045570842,27.45239091043949,24.890602056184044
SI,2024-09-03,88.0,-2.66,6.09,"Hendricks, Kyle",668804,543294,,called_strike,,,,,13,Bryan Reynolds pops out to third baseman Isaac Paredes in foul territory.,R,L,R,CHC,PIT,S,,,0,0,2024,-1.0,0.64,-0.85,1.41,,,,1,1,Top,,,,,,,6.376601764652237,-127.98392976278748,-6.579808430521815,-12.233692663035228,22.79696072888472,-24.085573539184452,3.01,1.55,,,,87.4,1984,5.6,746834,542194,683737,663538,670623,621020,664023,691718,641355,54.89,,,,,,,,2,1,Sinker,0,0,0,0,0,0,0,0,Infield shade,Standard,215,0.0,-0.037,,,,0.037,,0,0,0.522,0.478,34,29,35,29,1,0,6.0,1.0,6.0,1.0,2.28,1.0,-1.0,45.5,,,,,
SI,2024-09-03,88.1,-2.65,6.08,"Hendricks, Kyle",643396,543294,field_out,hit_into_play,,,,,1,Isiah Kiner-Falefa lines out to shortstop Dansby Swanson.,R,R,R,CHC,PIT,X,6.0,line_drive,2,2,2024,-1.03,0.48,-0.55,2.69,,,,0,1,Top,97.0,144.0,,,,,7.130645128280659,-128.29027628150132,-3.166980935342126,-12.733598452860422,23.47511786267309,-26.42726291736916,3.25,1.45,181.0,93.0,11.0,87.4,2028,5.5,746834,542194,683737,663538,670623,621020,664023,691718,641355,54.95,0.809,0.751,0.0,1.0,0.0,0.0,4.0,1,6,Sinker,0,0,0,0,0,0,0,0,Standard,Standard,212,0.022,-0.227,71.1,6.5,0.907,0.227,93.0,0,0,0.5,0.5,34,29,35,29,1,0,6.0,1.0,6.0,1.0,2.43,1.03,1.03,42.4,9.265655098172298,-4.807184553881734,28.5258178264053,28.969663156146847,36.05773551350137
SI,2024-09-03,87.8,-2.67,6.08,"Hendricks, Kyle",643396,543294,,foul,,,,,4,Isiah Kiner-Falefa lines out to shortstop Dansby Swanson.,R,R,R,CHC,PIT,S,,,2,2,2024,-1.19,0.6,-0.78,2.08,,,,0,1,Top,,,,,,,6.933970043567864,-127.70176105847922,-4.806579288630179,-14.446999929915572,24.31055288387274,-24.785035730869826,3.25,1.45,2.0,43.8,-53.0,87.0,2005,5.6,746834,542194,683737,663538,670623,621020,664023,691718,641355,54.88,,,,,,,,1,5,Sinker,0,0,0,0,0,0,0,0,Standard,Standard,210,0.0,0.0,60.9,6.0,,0.0,88.0,0,0,0.5,0.5,34,29,35,29,1,0,6.0,1.0,6.0,1.0,2.34,1.19,1.19,44.0,2.922229613818081,6.132003727611313,38.18015116513693,27.13415304457077,29.481422494851955
SI,2024-09-03,88.9,-2.5,6.04,"Hendricks, Kyle",643396,543294,,ball,,,,,14,Isiah Kiner-Falefa lines out to shortstop Dansby Swanson.,R,R,R,CHC,PIT,B,,,1,2,2024,-1.2,0.66,0.82,0.97,,,,0,1,Top,,,,,,,10.49834030676768,-128.992727373423,-7.716410177692744,-15.386447959248878,23.212104046765663,-23.3996750994325,3.31,1.52,,,,88.2,2039,5.7,746834,542194,683737,663538,670623,621020,664023,691718,641355,54.82,,,,,,,,1,4,Sinker,0,0,0,0,0,0,0,0,Standard,Standard,213,0.0,0.04,,,,-0.04,,0,0,0.5,0.5,34,29,35,29,1,0,6.0,1.0,6.0,1.0,2.21,1.2,1.2,43.8,,,,,
CU,2024-09-03,75.5,-2.69,6.14,"Hendricks, Kyle",643396,543294,,foul,,,,,2,Isiah Kiner-Falefa lines out to shortstop Dansby Swanson.,R,R,R,CHC,PIT,S,,,1,1,2024,1.05,-0.78,0.01,2.78,,,,0,1,Top,,,,,,,3.7057888041554072,-109.8802132858492,1.4485593867169193,7.873161052841544,19.09910616046632,-38.99603403697418,3.25,1.45,89.0,59.2,72.0,74.3,3016,5.4,746834,542194,683737,663538,670623,621020,664023,691718,641355,55.12,,,,,,,,1,3,Curveball,0,0,0,0,0,0,0,0,Standard,Standard,46,0.0,-0.056,65.0,6.7,,0.056,88.0,0,0,0.5,0.5,34,29,35,29,1,0,6.0,1.0,6.0,1.0,4.77,-1.05,-1.05,44.4,4.549977803495231,4.257332183487416,24.769453134352027,37.01920899453013,34.0778654066722
SI,2024-09-03,86.8,-2.61,6.14,"Hendricks, Kyle",643396,543294,,called_strike,,,,,5,Isiah Kiner-Falefa lines out to shortstop Dansby Swanson.,R,R,R,CHC,PIT,S,,,1,0,2024,-1.03,0.7,-0.16,2.16,,,,0,1,Top,,,,,,,7.868703421064286,-126.3009333106243,-4.791883757958384,-12.514158853543224,22.826335831571043,-23.92604875601281,3.06,1.45,,,,86.2,2040,5.6,746834,542194,683737,663538,670623,621020,664023,691718,641355,54.85,,,,,,,,1,2,Sinker,0,0,0,0,0,0,0,0,Standard,Standard,210,0.0,-0.049,,,,0.049,,0,0,0.5,0.5,34,29,35,29,1,0,6.0,1.0,6.0,1.0,2.3,1.03,1.03,44.5,,,,,
SI,2024-09-03,87.1,-2.63,6.07,"Hendricks, Kyle",643396,543294,,ball,,,,,14,Isiah Kiner-Falefa lines out to shortstop Dansby Swanson.,R,R,R,CHC,PIT,B,,,0,0,2024,-1.04,0.64,1.38,2.26,,,,0,1,Top,,,,,,,11.583829141066408,-126.36223909781144,-4.271158924390694,-13.419387064117856,23.44142359593542,-24.595051392820107,3.14,1.44,,,,86.2,2110,5.7,746834,542194,683737,663538,670623,621020,664023,691718,641355,54.79,,,,,,,,1,1,Sinker,0,0,0,0,0,0,0,0,Standard,Standard,212,0.0,0.038,,,,-0.038,,0,0,0.5,0.5,34,29,35,29,1,0,6.0,1.0,6.0,1.0,2.36,1.04,1.04,42.6,,,,,
SI,2024-08-28,87.8,-2.44,5.94,"Hendricks, Kyle",518735,543294,walk,ball,,,,,11,Yasmani Grandal walks.,R,L,R,PIT,CHC,B,,,3,1,2024,-1.04,0.62,-1.15,2.69,656582.0,641856.0,,2,2,Bot,,,,,,,5.231938487677722,-127.7637215748036,-3.025764965255083,-12.409580485882556,24.934994482955805,-24.999590043645917,3.26,1.46,,,,87.4,2126,5.9,745452,542194,683737,663538,670623,621020,664023,691718,641355,54.6,,0.689131,0.7,1.0,0.0,0.0,,26,5,Sinker,6,3,6,3,3,6,6,3,Standard,Standard,214,0.006,0.078,,,,-0.078,,3,3,0.834,0.834,34,35,35,36,2,1,5.0,2.0,6.0,2.0,2.33,1.04,-1.04,44.6,,,,,
CH,2024-08-28,81.3,-2.55,5.99,"Hendricks, Kyle",518735,543294,,ball,,,,,13,Yasmani Grandal walks.,R,L,R,PIT,CHC,B,,,2,1,2024,-1.27,0.75,-0.71,1.42,656582.0,641856.0,,2,2,Bot,,,,,,,6.464513532749035,-118.21106162759274,-5.00918168595058,-13.106443161642794,22.286229934578703,-24.351607775036708,3.29,1.59,,,,80.2,2136,5.5,745452,542194,683737,663538,670623,621020,664023,691718,641355,54.98,,,,,,,,26,4,Changeup,6,3,6,3,3,6,6,3,Standard,Standard,228,0.0,0.047,,,,-0.047,,3,3,0.834,0.834,34,35,35,36,2,1,5.0,2.0,6.0,2.0,2.7,1.27,-1.27,43.3,,,,,
CH,2024-08-28,80.8,-2.49,5.97,"Hendricks, Kyle",518735,543294,,foul,,,,,7,Yasmani Grandal walks.,R,L,R,PIT,CHC,S,,,2,0,2024,-1.26,0.56,-0.81,1.89,656582.0,641856.0,,2,2,Bot,,,,,,,6.026299752802582,-117.52970731652876,-3.497070139233073,-12.780112854894265,21.07400752771904,-26.49763527803455,3.16,1.48,171.0,62.7,51.0,79.6,2111,5.4,745452,542194,683737,663538,670623,621020,664023,691718,641355,55.12,,,,,,,,26,3,Changeup,6,3,6,3,3,6,6,3,Standard,Standard,231,0.0,-0.028,61.9,8.0,,0.028,88.0,3,3,0.834,0.834,34,35,35,36,2,1,5.0,2.0,6.0,2.0,2.92,1.26,-1.26,42.0,9.30313363406854,-17.140524375216238,27.62926122391813,39.07916787321694,44.79555978324756
CU,2024-08-28,74.6,-2.4,5.96,"Hendricks, Kyle",518735,543294,,blocked_ball,,,,,13,Yasmani Grandal walks.,R,L,R,PIT,CHC,B,,,1,0,2024,0.89,-1.18,-0.14,0.52,656582.0,641856.0,,2,2,Bot,,,,,,,3.0216460906928013,-108.59677578714728,-1.8625427646069768,6.447946752895993,20.560809898215545,-41.31239566540288,3.2,1.4,,,,73.2,3056,5.4,745452,542194,683737,663538,670623,621020,664023,691718,641355,55.1,,,,,,,,26,2,Curveball,6,3,6,3,3,6,6,3,Standard,Standard,36,0.0,0.014,,,,-0.014,,3,3,0.834,0.834,34,35,35,36,2,1,5.0,2.0,6.0,2.0,5.3,-0.89,0.89,44.3,,,,,
SI,2024-08-28,88.2,-2.38,5.98,"Hendricks, Kyle",518735,543294,,ball,,,,,13,Yasmani Grandal walks.,R,L,R,PIT,CHC,B,,,0,0,2024,-1.12,0.71,-0.62,1.18,656582.0,641856.0,,2,2,Bot,,,,,,,6.4986183607643735,-128.32434173185231,-7.05091800148025,-13.68571456275219,23.76110173480817,-23.100821912341555,3.3,1.54,,,,87.4,2156,5.6,745452,542194,683737,663538,670623,621020,664023,691718,641355,54.93,,,,,,,,26,1,Sinker,6,3,6,3,3,6,6,3,Strategic,Standard,215,0.0,0.021,,,,-0.021,,3,3,0.834,0.834,34,35,35,36,2,1,5.0,2.0,6.0,2.0,2.19,1.12,-1.12,44.7,,,,,
FF,2024-08-28,88.3,-2.44,5.87,"Hendricks, Kyle",641856,543294,double,hit_into_play,,,,,4,Billy McKinney hits a ground-rule double (1) on a line drive to left-center field. Rowdy Tellez scores. Connor Joe to 3rd.,R,L,R,PIT,CHC,X,,line_drive,1,1,2024,-0.53,1.16,-0.46,2.34,,642133.0,656582.0,2,2,Bot,74.43,35.48,,,,,5.875448902838965,-128.50488985401267,-4.943417782793532,-7.06971707085273,24.254143334077643,-18.4669124116086,3.1,1.39,383.0,102.7,22.0,87.8,2218,5.7,745452,542194,683737,663538,670623,621020,664023,691718,641355,54.75,0.611,0.903,1.25,1.0,1.0,1.0,6.0,25,3,4-Seam Fastball,5,3,5,3,3,6,6,3,Infield shade,Standard,215,0.084,0.992,74.2,6.8,1.592,-0.992,102.7,2,2,0.75,0.75,34,29,35,30,2,1,5.0,1.0,6.0,2.0,1.74,0.53,-0.53,42.5,7.330429082281936,10.535191438738806,33.40793283295587,43.22273211299179,28.296451649070946
CH,2024-08-28,80.8,-2.52,5.98,"Hendricks, Kyle",641856,543294,,swinging_strike,,,,,7,Billy McKinney hits a ground-rule double (1) on a line drive to left-center field. Rowdy Tellez scores. Connor Joe to 3rd.,R,L,R,PIT,CHC,S,,,1,0,2024,-1.33,0.7,-0.81,1.84,,642133.0,656582.0,2,2,Bot,,,,,,,6.221056660401323,-117.52028296062826,-3.930196206458932,-13.479023292128288,19.89073749135564,-25.123381509487583,3.1,1.39,,,,80.0,2267,5.5,745452,542194,683737,663538,670623,621020,664023,691718,641355,55.0,,,,,,,,25,2,Changeup,5,3,5,3,3,5,5,3,Infield shade,Standard,231,0.0,-0.042,71.8,7.9,,0.042,,2,2,0.75,0.75,34,29,35,30,2,1,5.0,1.0,6.0,2.0,2.76,1.33,-1.33,43.7,27.012560677174232,-23.976926132864723,34.79530199813004,47.84730159815327,45.61547051169519
CH,2024-08-28,81.2,-2.55,6.03,"Hendricks, Kyle",641856,543294,,ball,,,,,11,Billy McKinney hits a ground-rule double (1) on a line drive to left-center field. Rowdy Tellez scores. Connor Joe to 3rd.,R,L,R,PIT,CHC,B,,,0,0,2024,-1.32,0.53,-1.26,2.65,,642133.0,656582.0,2,2,Bot,,,,,,,5.316938690315509,-118.24954434917784,-1.9812941838013955,-13.349959958612176,21.088180076688094,-27.05229213714417,3.14,1.46,,,,80.3,2133,5.5,745452,542194,683737,663538,670623,621020,664023,691718,641355,54.99,,,,,,,,25,1,Changeup,5,3,5,3,3,5,5,3,Infield shade,Standard,222,0.0,0.026,,,,-0.026,,2,2,0.75,0.75,34,29,35,30,2,1,5.0,1.0,6.0,2.0,2.91,1.32,-1.32,44.1,,,,,
CU,2024-08-28,73.8,-2.4,6.03,"Hendricks, Kyle",656582,543294,single,hit_into_play,,,,,11,Connor Joe singles on a line drive to center fielder Pete Crow-Armstrong. Rowdy Tellez to 2nd.,R,R,R,PIT,CHC,X,8.0,line_drive,1,2,2024,1.26,-0.87,-0.11,3.65,,,642133.0,2,2,Bot,130.85,93.29,,,,,2.425959734562104,-107.26226762766592,3.9025721189672815,9.218177141576009,19.74791661635576,-39.81880531114867,3.19,1.46,222.0,94.5,13.0,72.2,3004,5.3,745452,542194,683737,663538,670623,621020,664023,691718,641355,55.23,0.943,0.915,0.9,1.0,1.0,0.0,4.0,24,4,Curveball,5,3,5,3,3,5,5,3,Standard,Standard,43,0.013,0.431,,,1.15,-0.431,94.5,2,2,0.737,0.737,34,31,35,32,2,1,5.0,1.0,6.0,2.0,5.09,-1.26,-1.26,44.2,,,,,
CH,2024-08-28,80.8,-2.35,6.03,"Hendricks, Kyle",656582,543294,,foul,,,,,4,Connor Joe singles on a line drive to center fielder Pete Crow-Armstrong. Rowdy Tellez to 2nd.,R,R,R,PIT,CHC,S,,,1,1,2024,-0.48,1.24,-0.35,2.53,,,642133.0,2,2,Bot,,,,,,,5.273853014179381,-117.66276031373386,-3.512963733844778,-5.402047005532728,21.09637458582206,-20.12822307532178,3.19,1.46,165.0,70.9,67.0,79.7,2114,5.4,745452,542194,683737,663538,670623,621020,664023,691718,641355,55.14,,,,,,,,24,3,Changeup,5,3,5,3,3,5,5,3,Standard,Standard,228,0.0,-0.06,69.1,8.1,,0.06,88.0,2,2,0.737,0.737,34,31,35,32,2,1,5.0,1.0,6.0,2.0,2.23,0.48,0.48,40.8,17.34310360409434,-34.52510541134652,30.51944125148336,31.49178256825406,46.74130316120522
SI,2024-08-28,88.3,-2.38,6.0,"Hendricks, Kyle",656582,543294,,ball,,,,,11,Connor Joe singles on a line drive to center fielder Pete Crow-Armstrong. Rowdy Tellez to 2nd.,R,R,R,PIT,CHC,B,,,0,1,2024,-1.04,0.78,-1.12,2.69,,,642133.0,2,2,Bot,,,,,,,5.1434128944912585,-128.53562871495936,-3.6524780197397617,-12.535337278248504,23.492026112766187,-22.906421442948314,3.33,1.52,,,,87.6,2139,5.6,745452,542194,683737,663538,670623,621020,664023,691718,641355,54.95,,,,,,,,24,2,Sinker,5,3,5,3,3,5,5,3,Standard,Standard,209,0.0,0.032,,,,-0.032,,2,2,0.737,0.737,34,31,35,32,2,1,5.0,1.0,6.0,2.0,2.11,1.04,1.04,46.6,,,,,
SI,2024-08-28,88.7,-2.42,6.0,"Hendricks, Kyle",656582,543294,,swinging_strike,,,,,11,Connor Joe singles on a line drive to center fielder Pete Crow-Armstrong. Rowdy Tellez to 2nd.,R,R,R,PIT,CHC,S,,,0,0,2024,-0.99,0.8,-0.68,3.4,,,642133.0,2,2,Bot,,,,,,,6.250048718649944,-129.141907778018,-2.041405713123356,-12.312627317042086,23.707355109784693,-22.925692583567148,3.19,1.46,,,,88.3,2174,5.7,745452,542194,683737,663538,670623,621020,664023,691718,641355,54.78,,,,,,,,24,1,Sinker,5,3,5,3,3,5,5,3,Standard,Standard,214,0.0,-0.047,73.2,6.3,,0.047,,2,2,0.737,0.737,34,31,35,32,2,1,5.0,1.0,6.0,2.0,2.06,0.99,0.99,43.7,-0.8375858152961081,2.078916728180091,28.228513621042143,26.669580953889817,27.11397339978274
CH,2024-08-28,82.1,-2.5,6.0,"Hendricks, Kyle",642133,543294,single,hit_into_play,,,,,8,Rowdy Tellez singles on a pop up to shortstop Dansby Swanson. Bryan Reynolds scores. Oneil Cruz scores.,R,L,R,PIT,CHC,X,6.0,popup,3,2,2024,-1.13,0.86,-0.25,1.59,668804.0,665833.0,,2,2,Bot,92.67,133.89,,,,,7.190834157854005,-119.40697888322924,-5.112586160543411,-12.116717816758923,20.746866422278828,-23.156473682604418,3.56,1.63,166.0,66.2,58.0,81.5,2267,5.7,745452,542194,683737,663538,670623,621020,664023,691718,641355,54.8,0.017,0.015,0.9,1.0,1.0,0.0,3.0,23,6,Changeup,3,3,3,3,3,5,5,3,Infield shade,Standard,228,0.177,0.735,77.9,8.9,0.017,-0.735,88.0,0,0,0.56,0.56,34,29,35,29,2,1,5.0,1.0,6.0,2.0,2.5,1.13,-1.13,43.2,17.68054768050038,-25.45247223522298,37.85962701069069,36.405190851584734,43.3913761589542
SI,2024-08-28,88.0,-2.37,5.94,"Hendricks, Kyle",642133,543294,,ball,,,,,3,Rowdy Tellez singles on a pop up to shortstop Dansby Swanson. Bryan Reynolds scores. Oneil Cruz scores.,R,L,R,PIT,CHC,B,,,2,2,2024,-0.91,0.74,0.79,3.04,668804.0,665833.0,,2,2,Bot,,,,,,,9.437056739821756,-127.9864239689368,-2.4951932980326808,-11.803140526078302,22.89568735734941,-23.70828238531723,3.54,1.62,,,,87.5,2174,5.7,745452,542194,683737,663538,670623,621020,664023,691718,641355,54.82,,,,,,,,23,5,Sinker,3,3,3,3,3,3,3,3,Infield shade,Standard,217,0.0,0.046,,,,-0.046,,0,0,0.56,0.56,34,29,35,29,2,1,5.0,1.0,6.0,2.0,2.18,0.91,-0.91,43.1,,,,,
CH,2024-08-28,81.9,-2.58,6.07,"Hendricks, Kyle",642133,543294,,ball,,,,,11,Rowdy Tellez singles on a pop up to shortstop Dansby Swanson. Bryan Reynolds scores. Oneil Cruz scores.,R,L,R,PIT,CHC,B,,,1,2,2024,-1.13,0.74,-2.22,2.69,668804.0,665833.0,,2,2,Bot,,,,,,,2.927186250723925,-119.33770691122464,-2.56141095366954,-11.401224855125207,21.064876948368983,-24.79705492995768,3.48,1.63,,,,80.9,2083,5.4,745452,542194,683737,663538,670623,621020,664023,691718,641355,55.15,,,,,,,,23,4,Changeup,3,3,3,3,3,3,3,3,Infield shade,Standard,224,0.0,0.028,,,,-0.028,,0,0,0.56,0.56,34,29,35,29,2,1,5.0,1.0,6.0,2.0,2.63,1.13,-1.13,44.7,,,,,
CH,2024-08-28,81.7,-2.53,6.01,"Hendricks, Kyle",642133,543294,,swinging_strike,,,,,13,Rowdy Tellez singles on a pop up to shortstop Dansby Swanson. Bryan Reynolds scores. Oneil Cruz scores.,R,L,R,PIT,CHC,S,,,1,1,2024,-1.14,0.72,-0.92,1.94,668804.0,665833.0,,2,2,Bot,,,,,,,5.7212805372926825,-118.8960081280352,-3.974930406712176,-11.900252666458838,21.230178490889784,-24.747228829683035,3.56,1.63,,,,80.7,2236,5.4,745452,542194,683737,663538,670623,621020,664023,691718,641355,55.06,,,,,,,,23,3,Changeup,3,3,3,3,3,3,3,3,Infield shade,Standard,225,0.0,-0.072,75.7,8.8,,0.072,,0,0,0.56,0.56,34,29,35,29,2,1,5.0,1.0,6.0,2.0,2.67,1.14,-1.14,44.3,16.044726662259528,-21.859040548634727,29.747318059680516,43.95823266621424,42.47811783401236
SI,2024-08-28,87.9,-2.52,6.0,"Hendricks, Kyle",642133,543294,,ball,,,,,13,Rowdy Tellez singles on a pop up to shortstop Dansby Swanson. Bryan Reynolds scores. Oneil Cruz scores.,R,L,R,PIT,CHC,B,,,0,1,2024,-1.13,0.45,-1.7,2.14,668804.0,665833.0,,2,2,Bot,,,,,,,4.271746247315083,-127.95800011188096,-4.15417144959346,-13.305280751762549,25.08967959116288,-26.609325754851547,3.71,1.74,,,,87.2,2102,5.7,745452,542194,683737,663538,670623,621020,664023,691718,641355,54.78,,,,,,,,23,2,Sinker,3,3,3,3,3,3,3,3,Infield shade,Standard,213,0.0,0.037,,,,-0.037,,0,0,0.56,0.56,34,29,35,29,2,1,5.0,1.0,6.0,2.0,2.49,1.13,-1.13,42.7,,,,,
CH,2024-08-28,81.2,-2.48,5.97,"Hendricks, Kyle",642133,543294,,called_strike,,,,,6,Rowdy Tellez singles on a pop up to shortstop Dansby Swanson. Bryan Reynolds scores. Oneil Cruz scores.,R,L,R,PIT,CHC,S,,,0,0,2024,-1.11,0.81,0.38,2.18,668804.0,665833.0,,2,2,Bot,,,,,,,8.362724474405162,-117.96978088755952,-3.381736688718316,-11.922262285974432,21.690920716562424,-24.163297578770933,3.45,1.53,,,,80.0,2030,5.4,745452,542194,683737,663538,670623,621020,664023,691718,641355,55.05,,,,,,,,23,1,Changeup,3,3,3,3,3,3,3,3,Standard,Standard,230,0.0,-0.046,,,,0.046,,0,0,0.56,0.56,34,29,35,29,2,1,5.0,1.0,6.0,2.0,2.65,1.11,-1.11,44.6,,,,,
SI,2024-08-28,87.7,-2.41,5.96,"Hendricks, Kyle",665833,543294,double,hit_into_play,,,,,1,Oneil Cruz doubles (31) on a sharp line drive to left fielder Ian Happ. Bryan Reynolds to 3rd.,R,L,R,PIT,CHC,X,7.0,line_drive,0,0,2024,-0.93,0.63,-0.4,3.4,,,668804.0,2,2,Bot,53.16,78.48,,,,,6.780519073770238,-127.68681686651472,-1.4611814522869482,-11.515063484881765,21.7261509513158,-25.08396054398381,3.87,1.78,348.0,112.7,15.0,88.2,2115,6.2,745452,542194,683737,663538,670623,621020,664023,691718,641355,54.32,0.703,0.807,1.25,1.0,1.0,1.0,6.0,22,1,Sinker,3,3,3,3,3,3,3,3,Infield shade,Standard,210,0.036,0.865,83.8,6.5,1.242,-0.865,112.7,0,0,0.524,0.524,34,25,35,26,2,1,5.0,1.0,6.0,2.0,2.29,0.93,-0.93,45.4,-2.3932039682333004,16.125618917419402,25.94137363446129,41.02718042698331,19.449358252772043
CH,2024-08-28,82.3,-2.48,6.04,"Hendricks, Kyle",668804,543294,single,hit_into_play,,,,,13,Bryan Reynolds singles on a ground ball to center fielder Pete Crow-Armstrong. Jared Triolo scores.,R,L,R,PIT,CHC,X,8.0,ground_ball,2,2,2024,-1.13,0.5,-0.87,1.57,669707.0,,,2,2,Bot,126.0,97.53,,,,,5.736787495430283,-119.86437640281476,-4.657623121671346,-11.97123591965728,18.943880785762413,-26.67089886474644,3.04,1.47,162.0,89.7,11.0,81.6,2153,5.4,745452,542194,683737,663538,670623,621020,664023,691718,641355,55.11,0.646,0.583,0.9,1.0,1.0,0.0,4.0,21,5,Changeup,2,3,2,3,3,3,3,3,Standard,Standard,228,0.1,0.796,68.9,7.1,0.697,-0.796,89.7,-1,-1,0.424,0.424,34,29,35,29,2,1,5.0,1.0,6.0,2.0,2.81,1.13,-1.13,44.4,12.837000843471255,6.53970797168936,40.351468137983616,44.744727229324745,27.25547760947982
CH,2024-08-28,82.1,-2.47,6.0,"Hendricks, Kyle",668804,543294,,blocked_ball,,,,,13,Bryan Reynolds singles on a ground ball to center fielder Pete Crow-Armstrong. Jared Triolo scores.,R,L,R,PIT,CHC,B,,,1,2,2024,-1.17,0.34,-0.03,0.75,669707.0,,,2,2,Bot,,,,,,,7.631675264927295,-119.30969749185002,-5.989605396940764,-12.52430053708595,19.72628469343142,-28.03519757396404,3.01,1.47,,,,81.2,2139,5.4,745452,542194,683737,663538,670623,621020,664023,691718,641355,55.08,,,,,,,,21,4,Changeup,2,3,2,3,3,2,2,3,Strategic,Standard,232,0.0,0.017,,,,-0.017,,-1,-1,0.424,0.424,34,29,35,29,2,1,5.0,1.0,6.0,2.0,3.01,1.17,-1.17,43.2,,,,,
CU,2024-08-28,74.9,-2.5,5.95,"Hendricks, Kyle",668804,543294,,foul,,,,,8,Bryan Reynolds singles on a ground ball to center fielder Pete Crow-Armstrong. Jared Triolo scores.,R,L,R,PIT,CHC,S,,,1,1,2024,1.04,-1.04,-0.04,1.46,669707.0,,,2,2,Bot,,,,,,,3.1973175989206157,-109.09347890071837,-0.2367155083422456,7.626401323699819,20.76747800749481,-40.63078781074253,3.04,1.47,,,,73.6,3013,5.4,745452,542194,683737,663538,670623,621020,664023,691718,641355,55.05,,,,,,,,21,3,Curveball,2,3,2,3,3,2,2,3,Standard,Standard,43,0.0,-0.073,80.6,7.2,,0.073,,-1,-1,0.424,0.424,34,29,35,29,2,1,5.0,1.0,6.0,2.0,5.12,-1.04,1.04,44.6,14.967357356652425,-7.7410677122091,41.67982297879277,35.525580927243354,35.946821579987585
CH,2024-08-28,81.8,-2.52,6.03,"Hendricks, Kyle",668804,543294,,ball,,,,,11,Bryan Reynolds singles on a ground ball to center fielder Pete Crow-Armstrong. Jared Triolo scores.,R,L,R,PIT,CHC,B,,,0,1,2024,-1.03,0.68,-2.0,2.3,669707.0,,,2,2,Bot,,,,,,,3.1264830939002524,-119.17228095270156,-3.205379900399585,-10.46251290859219,20.724127743526136,-25.290625748076756,3.09,1.5,,,,81.2,2086,5.6,745452,542194,683737,663538,670623,621020,664023,691718,641355,54.92,,,,,,,,21,2,Changeup,2,3,2,3,3,2,2,3,Standard,Standard,224,0.0,0.032,,,,-0.032,,-1,-1,0.424,0.424,34,29,35,29,2,1,5.0,1.0,6.0,2.0,2.69,1.03,-1.03,44.0,,,,,
CH,2024-08-28,81.5,-2.52,5.97,"Hendricks, Kyle",668804,543294,,called_strike,,,,,4,Bryan Reynolds singles on a ground ball to center fielder Pete Crow-Armstrong. Jared Triolo scores.,R,L,R,PIT,CHC,S,,,0,0,2024,-1.31,0.44,-0.81,2.13,669707.0,,,2,2,Bot,,,,,,,6.265106796657591,-118.5650301335241,-2.9214540747139077,-13.49834652375404,20.174017874023463,-27.670660026118785,3.14,1.47,,,,80.9,2013,5.7,745452,542194,683737,663538,670623,621020,664023,691718,641355,54.85,,,,,,,,21,1,Changeup,2,3,2,3,3,2,2,3,Standard,Standard,229,0.0,-0.039,,,,0.039,,-1,-1,0.424,0.424,34,29,35,29,2,1,5.0,1.0,6.0,2.0,2.96,1.31,-1.31,42.6,,,,,
SI,2024-08-28,88.7,-2.55,5.91,"Hendricks, Kyle",643396,543294,field_out,hit_into_play,,,,,11,"Isiah Kiner-Falefa grounds out, first baseman Michael Busch to pitcher Kyle Hendricks. Yasmani Grandal scores. Jared Triolo to 3rd.",R,R,R,PIT,CHC,X,3.0,ground_ball,0,1,2024,-1.16,0.63,-1.34,3.09,518735.0,669707.0,,1,2,Bot,141.37,168.47,,,,,5.336287901147357,-129.13394949473636,-2.195114600444685,-14.081400116895889,24.40724908344701,-24.887128453220644,3.2,1.45,5.0,64.2,-29.0,88.5,2090,5.9,745452,542194,683737,663538,670623,621020,664023,691718,641355,54.59,0.08,0.072,0.0,1.0,0.0,0.0,2.0,20,2,Sinker,1,3,1,3,3,2,2,3,Standard,Standard,216,-0.004,-0.133,55.1,4.6,0.094,0.133,88.0,-2,-2,0.428,0.428,34,29,35,29,2,1,5.0,1.0,6.0,2.0,2.25,1.16,1.16,42.9,-20.70495450778484,25.97108645271769,41.99516614987114,17.327598795281716,23.675117050976745
CU,2024-08-28,74.9,-2.5,5.96,"Hendricks, Kyle",643396,543294,,foul,,,,,14,"Isiah Kiner-Falefa grounds out, first baseman Michael Busch to pitcher Kyle Hendricks. Yasmani Grandal scores. Jared Triolo to 3rd.",R,R,R,PIT,CHC,S,,,0,0,2024,1.38,-0.8,0.97,1.5,518735.0,669707.0,,1,2,Bot,,,,,,,4.6421358107939925,-109.0041748839904,-0.5709275557173165,10.043775595443822,21.02112409774829,-38.609269665104506,3.2,1.45,185.0,70.8,53.0,73.5,2999,5.4,745452,542194,683737,663538,670623,621020,664023,691718,641355,55.06,,,,,,,,20,1,Curveball,1,3,1,3,3,1,1,3,Standard,Standard,41,0.0,-0.054,67.9,7.8,,0.054,88.0,-2,-2,0.428,0.428,34,29,35,29,2,1,5.0,1.0,6.0,2.0,4.89,-1.38,-1.38,43.5,11.770254928287212,0.7357140455703522,33.79135275492845,46.73903957197449,32.88729376372403
CH,2024-08-28,81.1,-2.57,6.03,"Hendricks, Kyle",675961,543294,strikeout,swinging_strike,,,,,8,Alika Williams strikes out swinging.,R,R,R,PIT,CHC,S,2.0,,3,2,2024,-0.2,0.92,0.03,1.92,518735.0,669707.0,,0,2,Bot,,,,,,,6.081887760979559,-117.93145302611482,-4.294820588226735,-2.9839063620739106,20.869118913985723,-22.99942962495302,3.45,1.56,,,,79.9,2061,5.3,745452,542194,683737,663538,670623,621020,664023,691718,641355,55.18,,0.0,0.0,1.0,0.0,0.0,,19,6,Changeup,1,3,1,3,3,1,1,3,Standard,Standard,234,-0.063,-0.358,70.2,8.0,,0.358,,-2,-2,0.491,0.491,34,25,35,25,1,0,5.0,2.0,6.0,5.0,2.53,0.2,0.2,44.7,30.26945471179604,-31.624596690776432,35.00919583464433,33.2849773075539,47.80406549003182
CU,2024-08-28,75.4,-2.42,5.99,"Hendricks, Kyle",675961,543294,,ball,,,,,14,Alika Williams strikes out swinging.,R,R,R,PIT,CHC,B,,,2,2,2024,1.44,-0.67,2.0,1.76,518735.0,669707.0,,0,2,Bot,,,,,,,6.504928497883035,-109.54846982801492,-0.3901049023718979,10.214401963667344,21.676230347259427,-37.701357552320935,3.55,1.68,,,,73.7,3036,5.4,745452,542194,683737,663538,670623,621020,664023,691718,641355,55.11,,,,,,,,19,5,Curveball,1,3,1,3,3,1,1,3,Standard,Standard,40,0.0,0.086,,,,-0.086,,-2,-2,0.491,0.491,34,25,35,25,1,0,5.0,2.0,6.0,5.0,4.73,-1.44,-1.44,44.7,,,,,
CH,2024-08-28,81.1,-2.46,6.02,"Hendricks, Kyle",675961,543294,,ball,,,,,14,Alika Williams strikes out swinging.,R,R,R,PIT,CHC,B,,,1,2,2024,-0.24,0.81,1.47,0.32,518735.0,669707.0,,0,2,Bot,,,,,,,9.115079791134644,-117.72814452855096,-7.66560172228549,-3.703965825526282,18.32515908743989,-23.421571754911,3.6,1.65,,,,80.5,2215,5.6,745452,542194,683737,663538,670623,621020,664023,691718,641355,54.91,,,,,,,,19,4,Changeup,1,3,1,3,3,1,1,3,Standard,Standard,227,0.0,0.034,,,,-0.034,,-2,-2,0.491,0.491,34,25,35,25,1,0,5.0,2.0,6.0,5.0,2.62,0.24,0.24,44.2,,,,,
CU,2024-08-28,74.0,-2.52,6.01,"Hendricks, Kyle",675961,543294,,swinging_strike,,,,,9,Alika Williams strikes out swinging.,R,R,R,PIT,CHC,S,,,1,1,2024,1.39,-0.8,0.51,1.85,518735.0,669707.0,,0,2,Bot,,,,,,,3.7088627787038777,-107.64690564641292,0.2227572175952297,10.060064224641422,20.41660466131065,-38.66625668242103,3.45,1.56,,,,72.7,2981,5.5,745452,542194,683737,663538,670623,621020,664023,691718,641355,54.97,,,,,,,,19,3,Curveball,1,3,1,3,3,1,1,3,Standard,Standard,39,0.0,-0.05,68.1,8.1,,0.05,,-2,-2,0.491,0.491,34,25,35,25,1,0,5.0,2.0,6.0,5.0,5.0,-1.39,-1.39,43.6,27.34250348664878,-26.471353685511115,33.139065007803545,38.915318059161415,49.80623470548598
CH,2024-08-28,80.0,-2.42,6.06,"Hendricks, Kyle",675961,543294,,ball,,,,,14,Alika Williams strikes out swinging.,R,R,R,PIT,CHC,B,,,0,1,2024,-0.2,0.79,1.39,0.87,518735.0,669707.0,,0,2,Bot,,,,,,,8.646841778773743,-116.30452555587183,-6.24196734785392,-3.2135568761811486,18.03102343228996,-24.08123142247793,3.55,1.59,,,,79.3,2147,5.5,745452,542194,683737,663538,670623,621020,664023,691718,641355,55.05,,,,,,,,19,2,Changeup,1,3,1,3,3,1,1,3,Standard,Standard,229,0.0,-0.016,,,,0.016,,-2,-2,0.491,0.491,34,25,35,25,1,0,5.0,2.0,6.0,5.0,2.73,0.2,0.2,45.6,,,,,
CH,2024-08-28,80.0,-2.44,6.05,"Hendricks, Kyle",675961,543294,,called_strike,,,,,14,Alika Williams strikes out swinging.,R,R,R,PIT,CHC,S,,,0,0,2024,-0.35,1.0,0.9,2.05,518735.0,669707.0,,0,2,Bot,,,,,,,7.872954347352663,-116.3643458788183,-4.046857124352857,-4.3916318470251445,17.881146192805037,-22.49539286137184,3.49,1.54,,,,79.4,2132,5.5,745452,542194,683737,663538,670623,621020,664023,691718,641355,55.03,,,,,,,,19,1,Changeup,1,3,1,3,3,1,1,3,Standard,Standard,227,0.0,-0.04,,,,0.04,,-2,-2,0.491,0.491,34,25,35,25,1,0,5.0,2.0,6.0,5.0,2.51,0.35,0.35,44.5,,,,,
SI,2024-08-28,87.1,-2.38,6.01,"Hendricks, Kyle",669707,543294,double,hit_into_play,,,,,8,Jared Triolo doubles (9) on a fly ball to right fielder Cody Bellinger. Yasmani Grandal to 3rd.,R,R,R,PIT,CHC,X,9.0,fly_ball,2,0,2024,-0.91,0.76,0.1,2.22,,,518735.0,0,2,Bot,172.06,69.05,,,,,7.707932113587245,-126.76784858724496,-4.545088812031264,-11.24135066404376,21.89352275624432,-23.276387660600108,3.54,1.65,369.0,102.6,24.0,86.5,2121,5.6,745452,542194,683737,663538,670623,621020,664023,691718,641355,54.93,0.771,1.327,1.25,1.0,1.0,1.0,6.0,18,3,Sinker,1,3,1,3,3,1,1,3,Standard,Standard,214,0.119,0.624,71.8,7.4,2.432,-0.624,102.6,-2,-2,0.372,0.372,34,26,35,26,1,0,5.0,1.0,6.0,2.0,2.21,0.91,0.91,43.1,3.291337403282542,4.102768666516186,44.03509348293407,33.89885898803638,27.13145795377972
CH,2024-08-28,79.7,-2.51,6.01,"Hendricks, Kyle",669707,543294,,ball,,,,,14,Jared Triolo doubles (9) on a fly ball to right fielder Cody Bellinger. Yasmani Grandal to 3rd.,R,R,R,PIT,CHC,B,,,1,0,2024,-0.28,0.85,1.25,2.36,,,518735.0,0,2,Bot,,,,,,,8.679936660257772,-115.8178389095736,-2.904344332606276,-3.9596394068827614,18.75990967100241,-24.162124699417504,3.65,1.68,,,,79.0,2081,5.6,745452,542194,683737,663538,670623,621020,664023,691718,641355,54.9,,,,,,,,18,2,Changeup,1,3,1,3,3,1,1,3,Standard,Standard,224,0.0,0.068,,,,-0.068,,-2,-2,0.372,0.372,34,26,35,26,1,0,5.0,1.0,6.0,2.0,2.71,0.28,0.28,44.4,,,,,
FF,2024-08-28,87.9,-2.42,5.91,"Hendricks, Kyle",669707,543294,,ball,,,,,14,Jared Triolo doubles (9) on a fly ball to right fielder Cody Bellinger. Yasmani Grandal to 3rd.,R,R,R,PIT,CHC,B,,,0,0,2024,-0.32,1.27,1.24,2.52,,,518735.0,0,2,Bot,,,,,,,9.454828194340571,-127.70517789687376,-4.750453143720181,-5.330838639982034,23.679840257133076,-17.37838023390673,3.65,1.75,,,,87.7,2164,6.0,745452,542194,683737,663538,670623,621020,664023,691718,641355,54.48,,,,,,,,18,1,4-Seam Fastball,1,3,1,3,3,1,1,3,Standard,Standard,216,0.0,0.042,,,,-0.042,,-2,-2,0.372,0.372,34,26,35,26,1,0,5.0,1.0,6.0,2.0,1.66,0.32,0.32,42.7,,,,,
SI,2024-08-28,87.6,-2.74,5.98,"Hendricks, Kyle",518735,543294,walk,ball,,,,,11,Yasmani Grandal walks.,R,L,R,PIT,CHC,B,,,3,2,2024,-0.85,0.52,-1.07,3.28,,,,0,2,Bot,,,,,,,5.700880370536573,-127.65204869963095,-1.576136355767694,-10.37528620151138,21.594450695416345,-26.298477142574622,3.25,1.54,,,,87.1,2024,5.5,745452,542194,683737,663538,670623,621020,664023,691718,641355,54.99,,0.689131,0.7,1.0,0.0,0.0,,17,6,Sinker,1,3,1,3,3,1,1,3,Infield shade,Standard,211,0.041,0.371,,,,-0.371,,-2,-2,0.331,0.331,34,35,35,36,1,0,5.0,2.0,6.0,2.0,2.4,0.85,-0.85,44.9,,,,,
SI,2024-08-28,87.4,-2.63,5.92,"Hendricks, Kyle",518735,543294,,called_strike,,,,,8,Yasmani Grandal walks.,R,L,R,PIT,CHC,S,,,3,1,2024,-0.97,0.61,-0.07,1.99,,,,0,2,Bot,,,,,,,8.07721977069677,-127.11428226558124,-4.611224554812829,-12.068563243697662,22.701806649855037,-24.77357722245574,3.2,1.52,,,,87.0,2078,5.8,745452,542194,683737,663538,670623,621020,664023,691718,641355,54.74,,,,,,,,17,5,Sinker,1,3,1,3,3,1,1,3,Infield shade,Standard,213,0.0,-0.085,,,,0.085,,-2,-2,0.331,0.331,34,35,35,36,1,0,5.0,2.0,6.0,2.0,2.34,0.97,-0.97,44.1,,,,,
CU,2024-08-28,74.0,-2.77,5.99,"Hendricks, Kyle",518735,543294,,ball,,,,,11,Yasmani Grandal walks.,R,L,R,PIT,CHC,B,,,2,1,2024,1.32,-0.85,-1.51,2.84,,,,0,2,Bot,,,,,,,0.2657882540178465,-107.66735921967012,2.26364155743626,10.171530685024225,19.017280630760247,-39.41377709042732,3.16,1.45,,,,72.6,2970,5.3,745452,542194,683737,663538,670623,621020,664023,691718,641355,55.24,,,,,,,,17,4,Curveball,1,3,1,3,3,1,1,3,Infield shade,Standard,42,0.0,0.122,,,,-0.122,,-2,-2,0.331,0.331,34,35,35,36,1,0,5.0,2.0,6.0,2.0,5.02,-1.32,1.32,43.4,,,,,
CH,2024-08-28,81.2,-2.69,6.03,"Hendricks, Kyle",518735,543294,,called_strike,,,,,5,Yasmani Grandal walks.,R,L,R,PIT,CHC,S,,,2,0,2024,-0.98,0.61,-0.17,2.22,,,,0,2,Bot,,,,,,,7.402491310071255,-118.06825604945584,-3.0637103483026724,-10.492463734673878,20.82945074000607,-26.117533016685314,3.13,1.5,,,,80.3,2222,5.5,745452,542194,683737,663538,670623,621020,664023,691718,641355,54.95,,,,,,,,17,3,Changeup,1,3,1,3,3,1,1,3,Infield shade,Standard,228,0.0,-0.065,,,,0.065,,-2,-2,0.331,0.331,34,35,35,36,1,0,5.0,2.0,6.0,2.0,2.84,0.98,-0.98,43.9,,,,,
SI,2024-08-28,86.1,-2.67,6.03,"Hendricks, Kyle",518735,543294,,ball,,,,,11,Yasmani Grandal walks.,R,L,R,PIT,CHC,B,,,1,0,2024,-0.87,0.73,-1.04,2.43,,,,0,2,Bot,,,,,,,5.5682567885204906,-125.38936368090336,-3.8290832292138393,-10.28555203213334,22.5323172792402,-23.9095277166988,3.29,1.45,,,,85.5,2060,5.6,745452,542194,683737,663538,670623,621020,664023,691718,641355,54.89,,,,,,,,17,2,Sinker,1,3,1,3,3,1,1,3,Strategic,Standard,210,0.0,0.069,,,,-0.069,,-2,-2,0.331,0.331,34,35,35,36,1,0,5.0,2.0,6.0,2.0,2.31,0.87,-0.87,45.8,,,,,
CU,2024-08-28,73.0,-2.82,5.96,"Hendricks, Kyle",518735,543294,,ball,,,,,13,Yasmani Grandal walks.,R,L,R,PIT,CHC,B,,,0,0,2024,0.96,-1.03,-1.09,1.53,,,,0,2,Bot,,,,,,,1.821773555639831,-106.23966186603772,0.2094783572718339,6.927345193262702,19.03277474703203,-40.18664282592746,3.22,1.42,,,,72.0,2905,5.6,745452,542194,683737,663538,670623,621020,664023,691718,641355,54.9,,,,,,,,17,1,Curveball,1,3,1,3,3,1,1,3,Standard,Standard,39,0.0,0.038,,,,-0.038,,-2,-2,0.331,0.331,34,35,35,36,1,0,5.0,2.0,6.0,2.0,5.32,-0.96,0.96,42.0,,,,,
CH,2024-08-28,82.7,-2.51,6.01,"Hendricks, Kyle",641856,543294,strikeout,swinging_strike,,,,,7,Billy McKinney strikes out swinging.,R,L,R,PIT,CHC,S,2.0,,3,2,2024,-1.26,0.74,-0.58,1.63,,642133.0,656582.0,2,1,Bot,,,,,,,6.712096135061458,-120.2635171915586,-4.930717558028097,-13.468350960145528,20.02044036616144,-24.205266084321064,3.1,1.39,,,,81.8,2255,5.4,745452,542194,683737,663538,670623,621020,664023,691718,641355,55.11,,0.0,0.0,1.0,0.0,0.0,,11,6,Changeup,1,1,1,1,1,1,1,1,Infield shade,Standard,228,-0.042,-0.298,68.5,7.9,,0.298,,0,0,0.542,0.542,34,29,35,30,1,0,5.0,1.0,6.0,2.0,2.55,1.26,-1.26,43.9,29.654811615519066,-23.687785515877405,36.3356820084424,45.073714818394826,46.06255103166835
FF,2024-08-28,88.4,-2.53,5.88,"Hendricks, Kyle",641856,543294,,called_strike,,,,,4,Billy McKinney strikes out swinging.,R,L,R,PIT,CHC,S,,,3,1,2024,-0.48,1.21,-0.29,1.96,,642133.0,656582.0,2,1,Bot,,,,,,,6.357495455857783,-128.5993186425148,-5.974164034966868,-6.570837910845396,24.161471089473743,-17.691979020664494,3.09,1.45,,,,87.5,2299,5.5,745452,542194,683737,663538,670623,621020,664023,691718,641355,54.98,,,,,,,,11,5,4-Seam Fastball,1,1,1,1,1,1,1,1,Infield shade,Standard,208,0.0,-0.074,,,,0.074,,0,0,0.542,0.542,34,29,35,30,1,0,5.0,1.0,6.0,2.0,1.69,0.48,-0.48,43.1,,,,,
CU,2024-08-28,74.7,-2.53,5.97,"Hendricks, Kyle",641856,543294,,ball,,,,,11,Billy McKinney strikes out swinging.,R,L,R,PIT,CHC,B,,,2,1,2024,1.2,-0.85,-0.92,2.67,,642133.0,656582.0,2,1,Bot,,,,,,,1.1883953773294402,-108.7064769723367,1.861921523309352,9.281013353618608,19.901079652240647,-39.441175404731446,3.09,1.39,,,,73.2,2965,5.2,745452,542194,683737,663538,670623,621020,664023,691718,641355,55.26,,,,,,,,11,4,Curveball,1,1,1,1,1,1,1,1,Infield shade,Standard,45,0.0,0.065,,,,-0.065,,0,0,0.542,0.542,34,29,35,30,1,0,5.0,1.0,6.0,2.0,4.95,-1.2,1.2,41.9,,,,,
FF,2024-08-28,88.1,-2.51,5.95,"Hendricks, Kyle",641856,543294,,ball,,,,,11,Billy McKinney strikes out swinging.,R,L,R,PIT,CHC,B,,,1,1,2024,-0.35,1.39,-1.13,3.71,,642133.0,656582.0,2,1,Bot,,,,,,,4.0237020131961,-128.37694549371028,-2.235115286028833,-4.673257699456093,25.02675791911561,-16.54448046606128,3.1,1.39,,,,87.1,2201,5.4,745452,542194,683737,663538,670623,621020,664023,691718,641355,55.06,,,,,,,,11,3,4-Seam Fastball,1,1,1,1,1,1,1,1,Infield shade,Standard,209,0.0,0.042,,,,-0.042,,0,0,0.542,0.542,34,29,35,30,1,0,5.0,1.0,6.0,2.0,1.53,0.35,-0.35,42.9,,,,,
CH,2024-08-28,81.5,-2.59,5.97,"Hendricks, Kyle",641856,543294,,ball,,,,,13,Billy McKinney strikes out swinging.,R,L,R,PIT,CHC,B,,,0,1,2024,-1.38,0.64,-0.88,0.74,,642133.0,656582.0,2,1,Bot,,,,,,,6.369314732824716,-118.51616101456035,-6.313457727061669,-14.17004360328671,21.757019836727306,-25.12003550170361,3.11,1.45,,,,80.3,2153,5.4,745452,542194,683737,663538,670623,621020,664023,691718,641355,55.07,,,,,,,,11,2,Changeup,1,1,1,1,1,1,1,1,Infield shade,Standard,225,0.0,0.033,,,,-0.033,,0,0,0.542,0.542,34,29,35,30,1,0,5.0,1.0,6.0,2.0,2.78,1.38,-1.38,43.2,,,,,
CH,2024-08-28,81.0,-2.6,6.05,"Hendricks, Kyle",641856,543294,,swinging_strike,,,,,8,Billy McKinney strikes out swinging.,R,L,R,PIT,CHC,S,,,0,0,2024,-1.12,0.86,-0.23,1.55,,642133.0,656582.0,2,1,Bot,,,,,,,7.294190583573536,-117.74718161478766,-4.99506870449974,-11.83092668784878,22.37229012474353,-23.355371216577517,3.1,1.39,,,,79.7,2083,5.4,745452,542194,683737,663538,670623,621020,664023,691718,641355,55.09,,,,,,,,11,1,Changeup,1,1,1,1,1,1,1,1,Infield shade,Standard,224,0.0,-0.048,65.4,8.5,,0.048,,0,0,0.542,0.542,34,29,35,30,1,0,5.0,1.0,6.0,2.0,2.62,1.12,-1.12,46.0,36.6698695893775,-49.72395392920087,39.86493608424173,42.27102542267348,57.936026418628174
SI,2024-08-28,87.5,-2.48,5.97,"Hendricks, Kyle",656582,543294,walk,ball,,,,,12,Connor Joe walks. Rowdy Tellez to 2nd.,R,R,R,PIT,CHC,B,,,3,0,2024,-0.93,0.57,0.54,3.79,,,642133.0,2,1,Bot,,,,,,,9.034267230271592,-127.28280097194865,-0.3599327253913472,-11.79841167096364,23.285635855634187,-26.063161189706868,3.38,1.62,,,,86.5,2123,5.4,745452,542194,683737,663538,670623,621020,664023,691718,641355,55.09,,0.689131,0.7,1.0,0.0,0.0,,10,4,Sinker,1,1,1,1,1,1,1,1,Standard,Standard,213,0.02,0.107,,,,-0.107,,0,0,0.522,0.522,34,31,35,32,1,0,5.0,1.0,6.0,2.0,2.38,0.93,0.93,44.0,,,,,
CH,2024-08-28,81.4,-2.38,6.15,"Hendricks, Kyle",656582,543294,,ball,,,,,8,Connor Joe walks. Rowdy Tellez to 2nd.,R,R,R,PIT,CHC,B,,,2,0,2024,-1.25,0.67,0.03,1.56,,,642133.0,2,1,Bot,,,,,,,7.677510255121613,-118.31417434744256,-4.94756788605827,-13.185088646783628,21.93211331451941,-25.078596846652253,3.25,1.49,,,,80.4,2059,5.6,745452,542194,683737,663538,670623,621020,664023,691718,641355,54.89,,,,,,,,10,3,Changeup,1,1,1,1,1,1,1,1,Standard,Standard,225,0.0,0.076,,,,-0.076,,0,0,0.522,0.522,34,31,35,32,1,0,5.0,1.0,6.0,2.0,2.77,1.25,1.25,47.7,,,,,
CH,2024-08-28,80.2,-2.48,6.08,"Hendricks, Kyle",656582,543294,,ball,,,,,14,Connor Joe walks. Rowdy Tellez to 2nd.,R,R,R,PIT,CHC,B,,,1,0,2024,-0.33,0.87,1.41,1.82,,,642133.0,2,1,Bot,,,,,,,9.045941166203493,-116.47064770295977,-4.340219931740412,-4.516929289150608,19.60101567161517,-23.587370638919584,3.32,1.55,,,,79.2,1964,5.4,745452,542194,683737,663538,670623,621020,664023,691718,641355,55.06,,,,,,,,10,2,Changeup,1,1,1,1,1,1,1,1,Standard,Standard,225,0.0,0.05,,,,-0.05,,0,0,0.522,0.522,34,31,35,32,1,0,5.0,1.0,6.0,2.0,2.66,0.33,0.33,45.1,,,,,
CU,2024-08-28,73.8,-2.4,6.07,"Hendricks, Kyle",656582,543294,,ball,,,,,14,Connor Joe walks. Rowdy Tellez to 2nd.,R,R,R,PIT,CHC,B,,,0,0,2024,1.51,-0.88,1.16,2.25,,,642133.0,2,1,Bot,,,,,,,4.531863904782891,-107.23611354241456,1.1369734653230077,10.557634477770293,22.04406210426553,-39.329508193552925,3.35,1.59,,,,71.9,2919,5.4,745452,542194,683737,663538,670623,621020,664023,691718,641355,55.12,,,,,,,,10,1,Curveball,1,1,1,1,1,1,1,1,Standard,Standard,36,0.0,0.034,,,,-0.034,,0,0,0.522,0.522,34,31,35,32,1,0,5.0,1.0,6.0,2.0,5.14,-1.51,-1.51,44.9,,,,,
CU,2024-08-28,75.6,-2.83,6.01,"Hendricks, Kyle",642133,543294,single,hit_into_play,,,,,7,Rowdy Tellez singles on a line drive to right fielder Cody Bellinger.,R,L,R,PIT,CHC,X,9.0,line_drive,1,2,2024,1.24,-0.96,-0.59,1.59,,,,2,1,Bot,182.98,122.76,,,,,2.4245467827732137,-110.02782412324166,-0.3475671751826659,9.552072047904767,21.139527262339385,-40.10206386640623,3.56,1.63,159.0,81.0,12.0,74.1,3063,5.4,745452,542194,683737,663538,670623,621020,664023,691718,641355,55.11,0.574,0.52,0.9,1.0,1.0,0.0,4.0,9,5,Curveball,1,1,1,1,1,1,1,1,Infield shade,Standard,36,0.012,0.408,69.5,8.7,0.626,-0.408,88.0,0,0,0.51,0.51,34,29,35,29,1,0,5.0,1.0,6.0,2.0,4.98,-1.24,1.24,45.7,11.331981771731646,-19.352299586311368,35.05172664810155,40.75969206518536,39.83254768762412
CH,2024-08-28,82.8,-2.6,6.05,"Hendricks, Kyle",642133,543294,,foul,,,,,7,Rowdy Tellez singles on a line drive to right fielder Cody Bellinger.,R,L,R,PIT,CHC,S,,,1,2,2024,-1.18,0.5,-0.29,1.74,,,,2,1,Bot,,,,,,,7.45461736821537,-120.36471505113282,-4.276552797376641,-12.875872614180652,23.03877483177381,-26.642370048205507,3.56,1.63,2.0,44.7,-48.0,81.7,2280,5.6,745452,542194,683737,663538,670623,621020,664023,691718,641355,54.92,,,,,,,,9,4,Changeup,1,1,1,1,1,1,1,1,Infield shade,Standard,225,0.0,0.0,78.1,8.3,,0.0,88.0,0,0,0.51,0.51,34,29,35,29,1,0,5.0,1.0,6.0,2.0,2.82,1.18,-1.18,45.2,14.41752429748241,-18.174273201261943,35.484502408719244,36.56734927794352,43.86902638115892
CH,2024-08-28,81.7,-2.61,6.04,"Hendricks, Kyle",642133,543294,,swinging_strike,,,,,13,Rowdy Tellez singles on a line drive to right fielder Cody Bellinger.,R,L,R,PIT,CHC,S,,,1,1,2024,-1.17,0.59,-1.19,1.95,,,,2,1,Bot,,,,,,,5.367445699437155,-118.7890355673233,-3.701939616208336,-12.0836532788691,23.09031176785545,-26.122753404096784,3.56,1.63,,,,80.4,2186,5.5,745452,542194,683737,663538,670623,621020,664023,691718,641355,55.02,,,,,,,,9,3,Changeup,1,1,1,1,1,1,1,1,Infield shade,Standard,224,0.0,-0.064,69.5,8.9,,0.064,,0,0,0.51,0.51,34,29,35,29,1,0,5.0,1.0,6.0,2.0,2.84,1.17,-1.17,45.0,16.87106119414422,-23.933312251240466,30.11259175654676,46.53654823725658,42.07640527458639
SI,2024-08-28,87.9,-2.72,6.0,"Hendricks, Kyle",642133,543294,,called_strike,,,,,7,Rowdy Tellez singles on a line drive to right fielder Cody Bellinger.,R,L,R,PIT,CHC,S,,,1,0,2024,-1.0,0.5,-0.82,1.98,,,,2,1,Bot,,,,,,,6.596215359574504,-127.81011059452786,-4.64150712948019,-12.32193944418714,25.3296438366053,-25.914476928166707,3.7,1.73,,,,87.1,2069,5.7,745452,542194,683737,663538,670623,621020,664023,691718,641355,54.76,,,,,,,,9,2,Sinker,1,1,1,1,1,1,1,1,Infield shade,Standard,218,0.0,-0.051,,,,0.051,,0,0,0.51,0.51,34,29,35,29,1,0,5.0,1.0,6.0,2.0,2.44,1.0,-1.0,44.5,,,,,
SI,2024-08-28,88.0,-2.72,5.96,"Hendricks, Kyle",642133,543294,,ball,,,,,13,Rowdy Tellez singles on a line drive to right fielder Cody Bellinger.,R,L,R,PIT,CHC,B,,,0,0,2024,-1.02,0.47,0.0,1.66,,,,2,1,Bot,,,,,,,8.63698111005489,-127.86349511538889,-5.298516196823439,-12.884943760190104,24.41804589112072,-26.126180617698488,3.67,1.79,,,,87.6,2146,6.0,745452,542194,683737,663538,670623,621020,664023,691718,641355,54.55,,,,,,,,9,1,Sinker,1,1,1,1,1,1,1,1,Infield shade,Standard,215,0.0,0.04,,,,-0.04,,0,0,0.51,0.51,34,29,35,29,1,0,5.0,1.0,6.0,2.0,2.46,1.02,-1.02,46.3,,,,,
CU,2024-08-28,75.0,-2.76,5.98,"Hendricks, Kyle",665833,543294,field_out,hit_into_play,,,,,7,Oneil Cruz pops out to catcher Christian Bethancourt in foul territory.,R,L,R,PIT,CHC,X,2.0,popup,2,2,2024,1.54,-0.8,-0.55,2.15,,,,1,1,Bot,137.51,232.68,,,,,1.815354195260048,-109.14606709391258,0.6506445212813718,11.92075719863044,20.4952650237692,-38.90698426822165,3.87,1.78,47.0,72.9,85.0,73.5,3035,5.3,745452,542194,683737,663538,670623,621020,664023,691718,641355,55.2,0.001,0.0,0.0,1.0,0.0,0.0,3.0,8,5,Curveball,1,1,1,1,1,1,1,1,Infield shade,Standard,43,-0.016,-0.225,74.7,8.6,0.001,0.225,88.0,0,0,0.526,0.526,34,25,35,26,1,0,5.0,1.0,6.0,2.0,4.88,-1.54,1.54,44.2,26.82149637090557,-21.4738357864132,31.265444054358785,42.64091290159848,43.781111393870574
SI,2024-08-28,87.7,-2.66,5.99,"Hendricks, Kyle",665833,543294,,foul,,,,,13,Oneil Cruz pops out to catcher Christian Bethancourt in foul territory.,R,L,R,PIT,CHC,S,,,2,1,2024,-1.23,0.49,-0.16,1.65,,,,1,1,Bot,,,,,,,8.490974413258128,-127.47052668892826,-5.324101979600213,-15.122818704139664,25.575841259801408,-25.90780207800128,3.87,1.78,5.0,91.9,-18.0,86.9,2065,5.8,745452,542194,683737,663538,670623,621020,664023,691718,641355,54.73,,,,,,,,8,4,Sinker,1,1,1,1,1,1,1,1,Infield shade,Standard,215,0.0,-0.078,85.9,8.0,,0.078,91.9,0,0,0.526,0.526,34,25,35,26,1,0,5.0,1.0,6.0,2.0,2.47,1.23,-1.23,43.9,7.611576705589094,2.22737678222037,38.99121579755704,37.56556281656219,36.544036613819216
CH,2024-08-28,81.8,-2.69,6.12,"Hendricks, Kyle",665833,543294,,ball,,,,,13,Oneil Cruz pops out to catcher Christian Bethancourt in foul territory.,R,L,R,PIT,CHC,B,,,1,1,2024,-1.27,0.54,-1.22,2.02,,,,1,1,Bot,,,,,,,5.666695902731758,-119.00245141020108,-3.671156201974114,-13.19364842307357,23.12663144611524,-26.5805757533309,3.98,1.82,,,,80.5,2148,5.4,745452,542194,683737,663538,670623,621020,664023,691718,641355,55.07,,,,,,,,8,3,Changeup,1,1,1,1,1,1,1,1,Infield shade,Standard,227,0.0,0.059,,,,-0.059,,0,0,0.526,0.526,34,25,35,26,1,0,5.0,1.0,6.0,2.0,2.88,1.27,-1.27,44.9,,,,,
CH,2024-08-28,81.0,-2.73,6.02,"Hendricks, Kyle",665833,543294,,swinging_strike,,,,,7,Oneil Cruz pops out to catcher Christian Bethancourt in foul territory.,R,L,R,PIT,CHC,S,,,1,0,2024,-1.16,0.54,-0.63,2.22,,,,1,1,Bot,,,,,,,6.796259997477199,-117.6654238209236,-2.790500112199948,-12.078639467675762,23.77016680622028,-26.851433598705544,3.87,1.78,,,,79.6,2023,5.6,745452,542194,683737,663538,670623,621020,664023,691718,641355,54.91,,,,,,,,8,2,Changeup,1,1,1,1,1,1,1,1,Infield shade,Standard,225,0.0,-0.051,80.5,9.5,,0.051,,0,0,0.526,0.526,34,25,35,26,1,0,5.0,1.0,6.0,2.0,2.97,1.16,-1.16,44.1,28.08154480630128,-52.2223808357761,29.52197200629858,44.22550616634974,60.53260709084827
CU,2024-08-28,74.6,-2.75,6.03,"Hendricks, Kyle",665833,543294,,ball,,,,,14,Oneil Cruz pops out to catcher Christian Bethancourt in foul territory.,R,L,R,PIT,CHC,B,,,0,0,2024,1.18,-1.03,0.43,1.47,,,,1,1,Bot,,,,,,,4.390098245311036,-108.46785228162832,-0.3264851148857253,8.3801498469422,20.829935712870707,-40.38790227624627,3.99,1.82,,,,73.1,2954,5.4,745452,542194,683737,663538,670623,621020,664023,691718,641355,55.1,,,,,,,,8,1,Curveball,1,1,1,1,1,1,1,1,Infield shade,Standard,38,0.0,0.039,,,,-0.039,,0,0,0.526,0.526,34,25,35,26,1,0,5.0,1.0,6.0,2.0,5.16,-1.18,1.18,44.6,,,,,
SI,2024-08-28,88.5,-2.59,5.95,"Hendricks, Kyle",668804,543294,home_run,hit_into_play,,,,,3,Bryan Reynolds homers (21) on a fly ball to right center field.,R,L,R,PIT,CHC,X,,fly_ball,1,2,2024,-1.06,0.63,0.63,2.6,,,,1,1,Bot,202.88,42.61,,,,,9.89380752662283,-128.5178410047326,-3.372236926181924,-13.745771829827577,25.31302989798624,-24.71692919733573,3.04,1.47,429.0,105.6,36.0,87.4,1991,5.6,745452,542194,683737,663538,670623,621020,664023,691718,641355,54.93,0.7,1.437,2.0,1.0,0.0,3.0,6.0,7,5,Sinker,0,1,0,1,1,1,1,1,Infield shade,Standard,220,0.107,1.657,74.0,6.8,2.779,-1.657,105.6,-1,-1,0.419,0.419,34,29,35,29,1,0,5.0,1.0,6.0,2.0,2.28,1.06,-1.06,42.1,14.690786634563173,-13.806859464139723,40.25594733518395,28.022601622133063,32.68342654866812
CH,2024-08-28,81.9,-2.7,6.08,"Hendricks, Kyle",668804,543294,,foul,,,,,13,Bryan Reynolds homers (21) on a fly ball to right center field.,R,L,R,PIT,CHC,S,,,1,2,2024,-1.38,0.35,-0.85,2.03,,,,1,1,Bot,,,,,,,6.715244821331703,-119.04709271710529,-3.228674101874926,-14.380327257416912,22.79562848989814,-28.39189318709651,3.04,1.47,211.0,75.1,55.0,80.7,2219,5.5,745452,542194,683737,663538,670623,621020,664023,691718,641355,54.98,,,,,,,,7,4,Changeup,0,1,0,1,1,0,0,1,Infield shade,Standard,225,0.0,0.0,58.6,7.2,,0.0,88.0,-1,-1,0.419,0.419,34,29,35,29,1,0,5.0,1.0,6.0,2.0,3.05,1.38,-1.38,44.9,15.009720454625272,-5.563087381145776,41.20258961854695,44.43775156642832,30.59517543847732
CU,2024-08-28,74.8,-2.71,6.0,"Hendricks, Kyle",668804,543294,,foul,,,,,7,Bryan Reynolds homers (21) on a fly ball to right center field.,R,L,R,PIT,CHC,S,,,1,1,2024,1.07,-0.9,-0.69,1.81,,,,1,1,Bot,,,,,,,2.237701474165898,-108.8636164291482,0.1481796248345335,8.087249942490166,20.17653530063737,-39.57699152425256,3.04,1.47,3.0,69.5,-34.0,73.5,2952,5.4,745452,542194,683737,663538,670623,621020,664023,691718,641355,55.08,,,,,,,,7,3,Curveball,0,1,0,1,1,0,0,1,Infield shade,Standard,45,0.0,-0.061,73.3,7.3,,0.061,88.0,-1,-1,0.419,0.419,34,29,35,29,1,0,5.0,1.0,6.0,2.0,4.99,-1.07,1.07,44.7,16.84724837529701,-2.127846046578284,37.91104660185158,45.05842964711548,37.056444952588166
SI,2024-08-28,87.8,-2.75,5.99,"Hendricks, Kyle",668804,543294,,ball,,,,,13,Bryan Reynolds homers (21) on a fly ball to right center field.,R,L,R,PIT,CHC,B,,,0,1,2024,-1.23,0.65,-1.09,1.76,,,,1,1,Bot,,,,,,,6.454830535907626,-127.83263737153736,-5.522059179647281,-14.750425822163752,21.59516201951443,-24.19808702684752,3.17,1.58,,,,87.5,2049,5.7,745452,542194,683737,663538,670623,621020,664023,691718,641355,54.85,,,,,,,,7,2,Sinker,0,1,0,1,1,0,0,1,Infield shade,Standard,211,0.0,0.024,,,,-0.024,,-1,-1,0.419,0.419,34,29,35,29,1,0,5.0,1.0,6.0,2.0,2.26,1.23,-1.23,44.2,,,,,
SI,2024-08-28,87.4,-2.62,5.97,"Hendricks, Kyle",668804,543294,,foul,,,,,7,Bryan Reynolds homers (21) on a fly ball to right center field.,R,L,R,PIT,CHC,S,,,0,0,2024,-1.33,0.67,-0.75,1.95,,,,1,1,Bot,,,,,,,7.20132241027241,-127.14309835271813,-4.962346558378189,-15.862223865899429,23.115829677845632,-24.14987251393426,3.04,1.47,140.0,71.0,14.0,87.4,2124,6.0,745452,542194,683737,663538,670623,621020,664023,691718,641355,54.48,,,,,,,,7,1,Sinker,0,1,0,1,1,0,0,1,Infield shade,Standard,212,0.0,-0.037,69.2,6.5,,0.037,88.0,-1,-1,0.419,0.419,34,29,35,29,1,0,5.0,1.0,6.0,2.0,2.29,1.33,-1.33,43.9,-2.0441973767963195,18.207379503821315,43.5314621806022,44.78208729134556,15.707012110179376
CU,2024-08-28,73.6,-2.6,6.06,"Hendricks, Kyle",643396,543294,field_out,hit_into_play,,,,,14,"Isiah Kiner-Falefa grounds out, third baseman Isaac Paredes to first baseman Michael Busch.",R,R,R,PIT,CHC,X,5.0,ground_ball,1,2,2024,1.18,-0.79,0.99,1.89,,,,0,1,Bot,99.94,163.59,,,,,5.132698975497874,-106.95388798707997,0.3285948904647953,7.903076110878465,21.551075989057274,-38.496621634877606,3.2,1.45,13.0,77.7,-9.0,71.8,2951,5.4,745452,542194,683737,663538,670623,621020,664023,691718,641355,55.12,0.063,0.073,0.0,1.0,0.0,0.0,2.0,6,4,Curveball,0,1,0,1,1,0,0,1,Standard,Standard,41,-0.023,-0.186,68.4,7.5,0.063,0.186,88.0,-1,-1,0.442,0.442,34,29,35,29,1,0,5.0,1.0,6.0,2.0,5.07,-1.18,-1.18,45.2,12.202134214004989,-11.830796419873533,24.66268469699349,42.42459404336147,44.68875256011696
CU,2024-08-28,74.8,-2.68,6.02,"Hendricks, Kyle",643396,543294,,swinging_strike,,,,,9,"Isiah Kiner-Falefa grounds out, third baseman Isaac Paredes to first baseman Michael Busch.",R,R,R,PIT,CHC,S,,,1,1,2024,1.37,-0.46,0.71,1.73,,,,0,1,Bot,,,,,,,4.528992933924362,-108.82549849215005,-0.7333970394481041,9.798296254126017,22.641446802072693,-35.87243634577906,3.2,1.45,,,,73.4,2930,5.6,745452,542194,683737,663538,670623,621020,664023,691718,641355,54.86,,,,,,,,6,3,Curveball,0,1,0,1,1,0,0,1,Standard,Standard,43,0.0,-0.056,67.3,8.0,,0.056,,-1,-1,0.442,0.442,34,29,35,29,1,0,5.0,1.0,6.0,2.0,4.6,-1.37,-1.37,43.9,25.323556614975427,-34.41884847268728,28.242709884183665,38.48540244072308,57.55135519855973
CH,2024-08-28,80.1,-2.55,6.13,"Hendricks, Kyle",643396,543294,,ball,,,,,12,"Isiah Kiner-Falefa grounds out, third baseman Isaac Paredes to first baseman Michael Busch.",R,R,R,PIT,CHC,B,,,0,1,2024,-0.22,0.87,1.48,3.04,,,,0,1,Bot,,,,,,,9.15549152596839,-116.24071900905815,-1.6835165957778009,-3.8079394171015215,22.53526861060697,-24.195262292687943,3.18,1.38,,,,78.6,2188,5.5,745452,542194,683737,663538,670623,621020,664023,691718,641355,55.03,,,,,,,,6,2,Changeup,0,1,0,1,1,0,0,1,Standard,Standard,230,0.0,0.025,,,,-0.025,,-1,-1,0.442,0.442,34,29,35,29,1,0,5.0,1.0,6.0,2.0,2.71,0.22,0.22,45.5,,,,,
SI,2024-08-28,86.8,-2.58,6.03,"Hendricks, Kyle",643396,543294,,called_strike,,,,,5,"Isiah Kiner-Falefa grounds out, third baseman Isaac Paredes to first baseman Michael Busch.",R,R,R,PIT,CHC,S,,,0,0,2024,-1.44,0.47,0.24,2.23,,,,0,1,Bot,,,,,,,9.545031743229009,-125.98813157215515,-3.802325466429533,-17.247489042971676,25.488550892608192,-26.537194220362323,3.24,1.49,,,,85.7,2023,5.7,745452,542194,683737,663538,670623,621020,664023,691718,641355,54.78,,,,,,,,6,1,Sinker,0,1,0,1,1,0,0,1,Standard,Standard,213,0.0,-0.037,,,,0.037,,-1,-1,0.442,0.442,34,29,35,29,1,0,5.0,1.0,6.0,2.0,2.57,1.44,1.44,45.3,,,,,
SI,2024-08-23,88.0,-2.3,5.91,"Hendricks, Kyle",681146,543294,double,hit_into_play,,,,,11,Jonah Bride doubles (5) on a line drive to left fielder Ian Happ. Jake Burger to 3rd.,R,R,R,MIA,CHC,X,7.0,line_drive,1,2,2024,-1.17,0.66,-1.1,2.74,,,669394.0,2,5,Bot,50.12,122.68,,,,,5.28026131347919,-128.07028994631395,-2.9115260043851365,-14.015457404171954,26.986059918602763,-24.514791974392327,3.23,1.46,212.0,93.8,14.0,86.9,2057,5.6,746024,665804,683737,663538,670623,621020,664023,691718,641355,54.86,0.966,0.95,1.25,1.0,1.0,1.0,4.0,45,4,Sinker,2,3,2,3,3,2,2,3,Standard,Standard,212,0.054,0.939,70.6,7.1,1.184,-0.939,93.8,-1,-1,0.369,0.369,34,28,35,29,3,2,7.0,2.0,5.0,1.0,2.29,1.17,1.17,43.4,19.911175156871657,-11.65260915122591,32.19332476266649,29.05956259246616,39.21583122116903
CH,2024-08-23,79.7,-2.21,6.02,"Hendricks, Kyle",681146,543294,,foul,,,,,3,Jonah Bride doubles (5) on a line drive to left fielder Ian Happ. Jake Burger to 3rd.,R,R,R,MIA,CHC,S,,,1,1,2024,-0.27,0.72,0.33,2.94,,,669394.0,2,5,Bot,,,,,,,5.983722257017961,-115.90456932857616,-1.3598373817634952,-3.50429690964947,21.542845144827524,-25.661474449603823,3.23,1.46,239.0,89.5,57.0,78.6,2096,5.5,746024,665804,683737,663538,670623,621020,664023,691718,641355,54.97,,,,,,,,45,3,Changeup,2,3,2,3,3,2,2,3,Standard,Standard,228,0.0,-0.06,67.9,7.9,,0.06,89.5,-1,-1,0.369,0.369,34,28,35,29,3,2,7.0,2.0,5.0,1.0,2.87,0.27,0.27,45.7,23.774689391750726,-15.91337069575094,29.03323681964835,45.50277749809528,47.66728085819367
CU,2024-08-23,74.2,-2.29,5.94,"Hendricks, Kyle",681146,543294,,ball,,,,,9,Jonah Bride doubles (5) on a line drive to left fielder Ian Happ. Jake Burger to 3rd.,R,R,R,MIA,CHC,B,,,0,1,2024,1.2,-1.11,0.67,1.31,,,669394.0,2,5,Bot,,,,,,,3.88968160131428,-107.90957625901972,-0.1459415377912354,8.390002626900923,22.59734447165496,-40.95838789452116,3.19,1.35,,,,72.6,2963,5.5,746024,665804,683737,663538,670623,621020,664023,691718,641355,54.95,,,,,,,,45,2,Curveball,2,3,2,3,3,2,2,3,Standard,Standard,44,0.0,0.032,,,,-0.032,,-1,-1,0.369,0.369,34,28,35,29,3,2,7.0,2.0,5.0,1.0,5.33,-1.2,-1.2,44.7,,,,,
SI,2024-08-23,87.9,-2.24,5.98,"Hendricks, Kyle",681146,543294,,called_strike,,,,,11,Jonah Bride doubles (5) on a line drive to left fielder Ian Happ. Jake Burger to 3rd.,R,R,R,MIA,CHC,S,,,0,0,2024,-1.34,0.65,-1.08,2.43,,,669394.0,2,5,Bot,,,,,,,5.520944700730712,-127.79653634035812,-3.7688832943519497,-15.877419275504458,27.22645827046217,-24.45300403165263,3.28,1.46,,,,86.6,2076,5.6,746024,665804,683737,663538,670623,621020,664023,691718,641355,54.9,,,,,,,,45,1,Sinker,2,3,2,3,3,2,2,3,Standard,Standard,213,0.0,-0.047,,,,0.047,,-1,-1,0.369,0.369,34,28,35,29,3,2,7.0,2.0,5.0,1.0,2.31,1.34,1.34,42.7,,,,,
CH,2024-08-23,80.4,-2.33,5.99,"Hendricks, Kyle",660821,543294,field_out,hit_into_play,,,,,13,Jesús Sánchez flies out to center fielder Pete Crow-Armstrong.,R,L,R,MIA,CHC,X,8.0,fly_ball,1,0,2024,-1.39,0.71,-0.84,2.11,,,669394.0,1,5,Bot,150.02,78.05,,,,,5.841240992289375,-116.9336638453945,-3.1840604470799088,-13.85150402935662,23.33339444724114,-25.26969564014234,3.5,1.7,306.0,81.4,30.0,79.2,2089,5.6,746024,665804,683737,663538,670623,621020,664023,691718,641355,54.92,0.074,0.08,0.0,1.0,0.0,0.0,3.0,44,2,Changeup,2,3,2,3,3,2,2,3,Standard,Standard,226,-0.043,-0.291,78.2,8.0,0.117,0.291,88.0,-1,-1,0.412,0.412,34,26,35,27,3,2,7.0,2.0,5.0,2.0,2.84,1.39,-1.39,44.3,16.738799522629204,-9.55777093308419,29.810086232901764,48.3242486235208,43.33154452977759
SI,2024-08-23,87.1,-2.36,6.0,"Hendricks, Kyle",660821,543294,,ball,,,,,11,Jesús Sánchez flies out to center fielder Pete Crow-Armstrong.,R,L,R,MIA,CHC,B,,,0,0,2024,-1.18,0.53,-1.4,3.05,,,669394.0,1,5,Bot,,,,,,,4.63924417975046,-126.83427884573028,-1.987512523249198,-13.706315406651727,26.094003665818963,-26.293511602093,3.48,1.69,,,,85.8,2075,5.4,746024,665804,683737,663538,670623,621020,664023,691718,641355,55.05,,,,,,,,44,1,Sinker,2,3,2,3,3,2,2,3,Standard,Standard,207,0.0,0.036,,,,-0.036,,-1,-1,0.412,0.412,34,26,35,27,3,2,7.0,2.0,5.0,2.0,2.47,1.18,-1.18,43.1,,,,,
CH,2024-08-23,81.0,-2.75,5.97,"Hendricks, Kyle",669394,543294,single,hit_into_play,,,,,6,Jake Burger singles on a sharp line drive to left fielder Ian Happ.,R,R,R,MIA,CHC,X,7.0,line_drive,3,2,2024,-0.25,1.0,0.34,2.67,,,,1,5,Bot,78.3,77.26,,,,,7.29502265576168,-117.82542160086068,-2.66173334016282,-3.5955042556913983,20.600519884459207,-22.55392420744232,3.4,1.59,216.0,104.5,9.0,80.3,2082,5.6,746024,665804,683737,663538,670623,621020,664023,691718,641355,54.86,0.737,0.681,0.9,1.0,1.0,0.0,4.0,43,6,Changeup,2,3,2,3,3,2,2,3,Standard,Standard,229,0.039,0.345,76.8,7.3,0.833,-0.345,104.5,-1,-1,0.373,0.373,34,28,35,28,3,2,7.0,2.0,5.0,1.0,2.46,0.25,0.25,44.7,6.098655165480734,-3.7648526047115034,21.281538149081342,44.27820564191724,34.70415407197338
SI,2024-08-23,88.4,-2.74,5.94,"Hendricks, Kyle",669394,543294,,foul,,,,,5,Jake Burger singles on a sharp line drive to left fielder Ian Happ.,R,R,R,MIA,CHC,S,,,3,1,2024,-0.8,0.65,0.11,2.57,,,,1,5,Bot,,,,,,,8.49012269776964,-128.45678977152605,-3.4526765186772126,-10.641473080513936,26.0460093563464,-24.406013812484783,3.4,1.59,178.0,76.3,64.0,87.4,2054,5.7,746024,665804,683737,663538,670623,621020,664023,691718,641355,54.83,,,,,,,,43,5,Sinker,2,3,2,3,3,2,2,3,Standard,Standard,213,0.0,-0.092,74.9,7.4,,0.092,88.0,-1,-1,0.373,0.373,34,28,35,28,3,2,7.0,2.0,5.0,1.0,2.27,0.8,0.8,44.6,0.5435365642708472,0.95717596754397,24.22019835131198,43.03551840168113,27.384002455730705
SI,2024-08-23,86.6,-2.77,5.94,"Hendricks, Kyle",669394,543294,,called_strike,,,,,12,Jake Burger singles on a sharp line drive to left fielder Ian Happ.,R,R,R,MIA,CHC,S,,,3,0,2024,-0.67,0.68,0.84,2.65,,,,1,5,Bot,,,,,,,9.86150532609211,-125.76647999852888,-3.003729076568608,-9.034912835790148,23.89591105679052,-24.54248723606196,3.4,1.5,,,,85.7,2036,5.7,746024,665804,683737,663538,670623,621020,664023,691718,641355,54.81,,,,,,,,43,4,Sinker,2,3,2,3,3,2,2,3,Standard,Standard,211,0.0,-0.081,,,,0.081,,-1,-1,0.373,0.373,34,28,35,28,3,2,7.0,2.0,5.0,1.0,2.36,0.67,0.67,43.9,,,,,
SI,2024-08-23,87.3,-2.78,5.9,"Hendricks, Kyle",669394,543294,,ball,,,,,8,Jake Burger singles on a sharp line drive to left fielder Ian Happ.,R,R,R,MIA,CHC,B,,,2,0,2024,-0.81,0.61,0.14,1.39,,,,1,5,Bot,,,,,,,8.562999223075243,-126.83389585556748,-5.887896061654315,-10.398477351036435,24.48564716881465,-24.57064783372734,3.33,1.44,,,,86.3,2009,5.6,746024,665804,683737,663538,670623,621020,664023,691718,641355,54.86,,,,,,,,43,3,Sinker,2,3,2,3,3,2,2,3,Standard,Standard,212,0.0,0.139,,,,-0.139,,-1,-1,0.373,0.373,34,28,35,28,3,2,7.0,2.0,5.0,1.0,2.38,0.81,0.81,42.4,,,,,
CH,2024-08-23,79.6,-2.29,5.98,"Hendricks, Kyle",669394,543294,,ball,,,,,14,Jake Burger singles on a sharp line drive to left fielder Ian Happ.,R,R,R,MIA,CHC,B,,,1,0,2024,-0.25,1.1,0.86,1.9,,,660644.0,0,5,Bot,,,,,,,7.26670424757433,-115.77341497765286,-4.227201937291581,-3.5721906859382866,21.217360224684025,-21.66653277163544,3.29,1.41,,,,78.6,2045,5.5,746024,665804,683737,663538,670623,621020,664023,691718,641355,54.96,,,,,,,,43,2,Changeup,2,3,2,3,3,2,2,3,Standard,Standard,231,-0.089,0.068,,,,-0.068,,-1,-1,0.462,0.462,34,28,35,28,3,2,7.0,2.0,5.0,1.0,2.49,0.25,0.25,43.3,,,,,
SI,2024-08-23,87.8,-2.25,5.92,"Hendricks, Kyle",669394,543294,,ball,,,,,14,Jake Burger singles on a sharp line drive to left fielder Ian Happ.,R,R,R,MIA,CHC,B,,,0,0,2024,-1.06,0.41,1.15,1.76,,,660644.0,0,5,Bot,,,,,,,10.24917445626462,-127.53258305873474,-4.784983923127471,-13.532905858774717,24.29642937002108,-26.86753844570404,3.38,1.47,,,,86.9,1997,5.6,746024,665804,683737,663538,670623,621020,664023,691718,641355,54.86,,,,,,,,43,1,Sinker,2,3,2,3,3,2,2,3,Standard,Standard,210,0.0,0.042,,,,-0.042,,-1,-1,0.462,0.462,34,28,35,28,3,2,7.0,2.0,5.0,1.0,2.54,1.06,1.06,42.3,,,,,
SI,2024-08-23,87.1,-2.86,5.95,"Hendricks, Kyle",660644,543294,walk,ball,,,,,12,Vidal Bruján walks.,R,L,R,MIA,CHC,B,,,3,2,2024,-0.79,0.79,0.32,3.77,,,,0,5,Bot,,,,,,,9.10504998168298,-126.62857349066114,-0.7292792158301502,-10.228580275741168,23.685812739054064,-23.62842598331456,3.11,1.43,,,,86.2,2072,5.5,746024,665804,683737,663538,670623,621020,664023,691718,641355,54.96,,0.689131,0.7,1.0,0.0,0.0,,42,6,Sinker,2,3,2,3,3,2,2,3,Infield shade,Standard,209,0.055,0.371,,,,-0.371,,-1,-1,0.407,0.407,34,26,35,26,3,1,7.0,2.0,5.0,1.0,2.19,0.79,-0.79,44.0,,,,,
CH,2024-08-23,81.2,-2.95,6.03,"Hendricks, Kyle",660644,543294,,ball,,,,,13,Vidal Bruján walks.,R,L,R,MIA,CHC,B,,,2,2,2024,-1.23,0.86,-1.88,2.04,,,,0,5,Bot,,,,,,,4.690312299297238,-118.23159037041974,-3.93913167556751,-12.46645526396515,21.896453150703387,-23.51996269662649,3.23,1.45,,,,80.3,2115,5.5,746024,665804,683737,663538,670623,621020,664023,691718,641355,54.95,,,,,,,,42,5,Changeup,2,3,2,3,3,2,2,3,Standard,Standard,230,0.0,0.107,,,,-0.107,,-1,-1,0.407,0.407,34,26,35,26,3,1,7.0,2.0,5.0,1.0,2.58,1.23,-1.23,44.1,,,,,
CH,2024-08-23,81.0,-2.8,6.0,"Hendricks, Kyle",660644,543294,,ball,,,,,7,Vidal Bruján walks.,R,L,R,MIA,CHC,B,,,1,2,2024,-1.24,0.86,-0.72,1.4,,,,0,5,Bot,,,,,,,6.974528558166235,-117.74169975827331,-5.28138087445977,-12.854253479515998,21.488728353093627,-23.31239060506145,3.3,1.44,,,,80.7,2140,6.0,746024,665804,683737,663538,670623,621020,664023,691718,641355,54.47,,,,,,,,42,4,Changeup,2,3,2,3,3,2,2,3,Standard,Standard,233,0.0,0.04,,,,-0.04,,-1,-1,0.407,0.407,34,26,35,26,3,1,7.0,2.0,5.0,1.0,2.61,1.24,-1.24,44.7,,,,,
CH,2024-08-23,81.1,-2.82,6.04,"Hendricks, Kyle",660644,543294,,ball,,,,,13,Vidal Bruján walks.,R,L,R,MIA,CHC,B,,,0,2,2024,-1.17,0.52,-0.78,0.49,,,,0,5,Bot,,,,,,,6.698724316464373,-117.74221900425891,-6.6714084745490085,-12.14581174629694,22.59119436910487,-26.239578583500567,3.14,1.45,,,,80.0,2255,5.7,746024,665804,683737,663538,670623,621020,664023,691718,641355,54.83,,,,,,,,42,3,Changeup,2,3,2,3,3,2,2,3,Infield shade,Standard,227,0.0,0.023,,,,-0.023,,-1,-1,0.407,0.407,34,26,35,26,3,1,7.0,2.0,5.0,1.0,2.96,1.17,-1.17,45.0,,,,,
SI,2024-08-23,86.4,-2.79,5.98,"Hendricks, Kyle",660644,543294,,called_strike,,,,,11,Vidal Bruján walks.,R,L,R,MIA,CHC,S,,,0,1,2024,-1.09,0.6,-0.03,3.56,,,,0,5,Bot,,,,,,,8.65397507399351,-125.6135011256561,-0.7891997795106194,-13.27421112545549,24.007929871181062,-25.828312192486333,3.34,1.48,,,,85.4,2087,5.5,746024,665804,683737,663538,670623,621020,664023,691718,641355,54.95,,,,,,,,42,2,Sinker,2,3,2,3,3,2,2,3,Standard,Standard,208,0.0,-0.054,,,,0.054,,-1,-1,0.407,0.407,34,26,35,26,3,1,7.0,2.0,5.0,1.0,2.44,1.09,-1.09,44.0,,,,,
CH,2024-08-23,80.3,-2.76,5.97,"Hendricks, Kyle",660644,543294,,called_strike,,,,,8,Vidal Bruján walks.,R,L,R,MIA,CHC,S,,,0,0,2024,-1.23,0.52,0.01,1.45,,,,0,5,Bot,,,,,,,8.327463232481426,-116.60689744978954,-4.213813569070367,-12.840610681327284,22.515047472036805,-26.786525854560843,3.55,1.51,,,,79.2,2280,5.7,746024,665804,683737,663538,670623,621020,664023,691718,641355,54.84,,,,,,,,42,1,Changeup,2,3,2,3,3,2,2,3,Standard,Standard,226,0.0,-0.037,,,,0.037,,-1,-1,0.407,0.407,34,26,35,26,3,1,7.0,2.0,5.0,1.0,3.03,1.23,-1.23,42.3,,,,,
SI,2024-08-23,86.6,-2.32,5.96,"Hendricks, Kyle",663743,543294,field_out,hit_into_play,,,,,11,"Nick Fortes grounds out, third baseman Isaac Paredes to first baseman Michael Busch.",R,R,R,MIA,CHC,X,5.0,ground_ball,0,1,2024,-1.34,0.56,-0.99,3.09,,,672640.0,2,4,Bot,107.91,168.82,,,,,5.86158435665609,-126.0082402099994,-1.7969487508709288,-15.464380173184374,25.108039532388947,-26.00042280329198,3.26,1.56,11.0,65.0,-14.0,85.8,2098,5.8,746024,665804,683737,663538,670623,621020,664023,691718,641355,54.74,0.06,0.051,0.0,1.0,0.0,0.0,2.0,37,2,Sinker,2,3,2,3,3,2,2,3,Standard,Standard,207,-0.031,-0.224,69.8,6.3,0.075,0.224,88.0,-1,-1,0.387,0.387,34,27,35,28,2,1,7.0,3.0,5.0,2.0,2.47,1.34,1.34,43.0,1.3871121035131313,-4.374029067304958,18.25094546170434,24.896836074287435,28.377069578910973
CH,2024-08-23,79.4,-2.31,6.03,"Hendricks, Kyle",663743,543294,,foul,,,,,6,"Nick Fortes grounds out, third baseman Isaac Paredes to first baseman Michael Busch.",R,R,R,MIA,CHC,S,,,0,0,2024,-0.25,0.91,0.31,2.4,,,672640.0,2,4,Bot,,,,,,,6.135781852375366,-115.49412797358212,-2.83774287243082,-3.4715893058155,22.61549027559581,-23.68187358466749,3.26,1.56,,,,78.3,2135,5.7,746024,665804,683737,663538,670623,621020,664023,691718,641355,54.82,,,,,,,,37,1,Changeup,2,3,2,3,3,2,2,3,Standard,Standard,225,0.0,-0.047,71.3,7.1,,0.047,,-1,-1,0.387,0.387,34,27,35,28,2,1,7.0,3.0,5.0,2.0,2.72,0.25,0.25,43.4,3.146751671494026,-5.763131968364206,21.571774218593017,40.73478669186672,31.333143588398865
CU,2024-08-23,75.0,-2.85,5.95,"Hendricks, Kyle",672640,543294,single,hit_into_play,,,,,6,Otto Lopez singles on a line drive to left fielder Ian Happ.,R,R,R,MIA,CHC,X,7.0,line_drive,0,1,2024,1.5,-0.88,0.37,2.3,,,,2,4,Bot,92.82,74.59,,,,,3.931660516475141,-109.07456141802244,1.2589003836999133,11.04049316419119,22.56547234270485,-39.6382456339821,3.25,1.54,256.0,89.3,19.0,73.2,3076,5.4,746024,665804,683737,663538,670623,621020,664023,691718,641355,55.15,0.543,0.494,0.9,1.0,1.0,0.0,4.0,36,2,Curveball,2,3,2,3,3,2,2,3,Standard,Standard,44,0.018,0.373,72.3,6.6,0.625,-0.373,89.3,-1,-1,0.369,0.369,34,25,35,26,2,1,7.0,2.0,5.0,1.0,5.0,-1.5,-1.5,40.5,8.923571271805587,1.9335333286912617,28.84430190337408,39.848973132711336,40.57479634003892
SI,2024-08-23,87.3,-2.77,5.92,"Hendricks, Kyle",672640,543294,,called_strike,,,,,7,Otto Lopez singles on a line drive to left fielder Ian Happ.,R,R,R,MIA,CHC,S,,,0,0,2024,-1.12,0.54,-0.42,1.65,,,,2,4,Bot,,,,,,,7.840066445439423,-126.91328592477672,-5.184416253760273,-13.685379915956911,24.89619975404159,-25.449939068825262,3.35,1.6,,,,86.3,2078,5.6,746024,665804,683737,663538,670623,621020,664023,691718,641355,54.92,,,,,,,,36,1,Sinker,2,3,2,3,3,2,2,3,Standard,Standard,212,0.0,-0.041,,,,0.041,,-1,-1,0.369,0.369,34,25,35,26,2,1,7.0,2.0,5.0,1.0,2.44,1.12,1.12,40.1,,,,,
SI,2024-08-23,87.2,-2.85,5.91,"Hendricks, Kyle",656537,543294,field_out,hit_into_play,,,,,5,"Derek Hill bunt grounds out softly, catcher Miguel Amaya to first baseman Michael Busch.",R,R,R,MIA,CHC,X,2.0,ground_ball,0,1,2024,-0.86,0.9,-0.2,2.46,,,,1,4,Bot,126.04,203.41,,,,,8.048213286850363,-126.7448036235897,-3.9536536026856295,-10.907586107856623,25.005201546253623,-21.891985961227405,3.47,1.57,1.0,53.2,-77.0,86.3,2081,5.7,746024,665804,683737,663538,670623,621020,664023,691718,641355,54.82,0.157,0.191,0.0,1.0,0.0,0.0,1.0,35,2,Sinker,2,3,2,3,3,2,2,3,Standard,Standard,211,-0.022,0.08,,,0.157,-0.08,88.0,-1,-1,0.391,0.391,34,28,35,29,2,1,7.0,2.0,5.0,1.0,2.1,0.86,0.86,42.9,,,,,
CU,2024-08-23,73.1,-2.75,5.95,"Hendricks, Kyle",656537,543294,,swinging_strike,,,,,9,"Derek Hill bunt grounds out softly, catcher Miguel Amaya to first baseman Michael Busch.",R,R,R,MIA,CHC,S,,,0,0,2024,1.58,-0.8,0.52,2.1,,,,1,4,Bot,,,,,,,3.805948537872392,-106.2223798699486,1.1500071190591945,10.933649778092596,22.807187926211533,-38.627333682039726,3.47,1.57,,,,71.3,2960,5.6,746024,665804,683737,663538,670623,621020,664023,691718,641355,54.93,,,,,,,,35,1,Curveball,2,3,2,3,3,2,2,3,Standard,Standard,39,0.0,-0.037,76.4,7.9,,0.037,,-1,-1,0.391,0.391,34,28,35,29,2,1,7.0,2.0,5.0,1.0,5.17,-1.58,-1.58,44.5,24.60174254204791,-18.376560074284143,33.34522506935198,38.72522381167521,47.86403554064735
CH,2024-08-23,80.3,-2.76,6.01,"Hendricks, Kyle",669065,543294,field_out,hit_into_play,,,,,13,Kyle Stowers grounds out to first baseman Michael Busch.,R,L,R,MIA,CHC,X,3.0,ground_ball,0,1,2024,-1.27,0.78,-0.17,1.53,,,,0,4,Bot,158.1,167.3,,,,,8.006718582703584,-116.65936993005134,-4.632199884513021,-13.083104311329071,21.91367460574052,-24.330840709554654,3.65,1.77,19.0,77.9,-4.0,79.1,2246,5.5,746024,665804,683737,663538,670623,621020,664023,691718,641355,54.95,0.083,0.081,0.0,1.0,0.0,0.0,2.0,34,2,Changeup,2,3,2,3,3,2,2,3,Standard,Standard,227,-0.03,-0.217,75.8,7.4,0.083,0.217,88.0,-1,-1,0.421,0.421,34,26,35,26,2,1,7.0,2.0,5.0,2.0,2.76,1.27,-1.27,43.0,13.358401541864684,-5.132836971580613,41.34809292907727,38.88026252828131,41.99358034165181
CU,2024-08-23,74.4,-2.86,5.97,"Hendricks, Kyle",669065,543294,,called_strike,,,,,4,Kyle Stowers grounds out to first baseman Michael Busch.,R,L,R,MIA,CHC,S,,,0,0,2024,1.25,-0.87,-0.35,2.27,,,,0,4,Bot,,,,,,,2.9190933107896977,-108.14459865682932,1.24708890569247,9.083759994759903,22.133720122038905,-39.418686398096376,3.5,1.58,,,,72.7,3028,5.4,746024,665804,683737,663538,670623,621020,664023,691718,641355,55.07,,,,,,,,34,1,Curveball,2,3,2,3,3,2,2,3,Standard,Standard,44,0.0,-0.037,,,,0.037,,-1,-1,0.421,0.421,34,26,35,26,2,1,7.0,2.0,5.0,2.0,5.06,-1.25,1.25,42.9,,,,,
CU,2024-08-23,74.7,-2.29,5.95,"Hendricks, Kyle",681393,543294,force_out,hit_into_play,,,,,6,"Connor Norby grounds into a force out, fielded by third baseman Isaac Paredes. Jesús Sánchez out at 3rd.",R,R,R,MIA,CHC,X,5.0,ground_ball,2,2,2024,1.52,-0.68,0.68,2.29,,660821.0,681146.0,2,3,Bot,102.07,177.19,,,,,3.3921675865859866,-108.59285114792408,0.9555586696876968,11.174952011364176,22.15428574020714,-37.964720078512194,3.38,1.6,13.0,61.1,-9.0,73.0,2950,5.4,746024,665804,683737,663538,670623,621020,664023,691718,641355,55.05,0.089,0.087,0.0,1.0,0.0,0.0,2.0,28,6,Curveball,2,3,2,3,3,2,2,3,Standard,Standard,40,-0.053,-0.205,68.7,7.4,0.096,0.205,88.0,-1,-1,0.424,0.424,34,24,35,24,2,1,7.0,2.0,5.0,1.0,4.83,-1.52,-1.52,43.4,24.53086864234372,-3.062640192046999,38.98555988204144,45.8009944056879,43.81358379334118
SI,2024-08-23,88.5,-2.29,5.9,"Hendricks, Kyle",681393,543294,,foul,,,,,6,"Connor Norby grounds into a force out, fielded by third baseman Isaac Paredes. Jesús Sánchez out at 3rd.",R,R,R,MIA,CHC,S,,,2,2,2024,-1.01,0.63,0.4,2.23,,660821.0,681146.0,2,3,Bot,,,,,,,8.53319938889209,-128.56863765482643,-4.157925171659747,-12.927923367287695,25.514408223846807,-24.456628647026324,3.38,1.6,158.0,77.3,14.0,87.4,2117,5.6,746024,665804,683737,663538,670623,621020,664023,691718,641355,54.89,,,,,,,,28,5,Sinker,2,3,2,3,3,2,2,3,Standard,Standard,213,0.0,0.0,72.0,6.7,,0.0,88.0,-1,-1,0.424,0.424,34,24,35,24,2,1,7.0,2.0,5.0,1.0,2.28,1.01,1.01,43.3,1.155650563422454,25.49716439135041,44.086536846447416,43.80223691832505,18.436112020938893
SI,2024-08-23,88.3,-2.25,5.81,"Hendricks, Kyle",681393,543294,,ball,,,,,14,"Connor Norby grounds into a force out, fielded by third baseman Isaac Paredes. Jesús Sánchez out at 3rd.",R,R,R,MIA,CHC,B,,,1,2,2024,-1.2,0.5,1.13,2.03,,660821.0,681146.0,2,3,Bot,,,,,,,10.581939637073807,-128.14014127515603,-4.117599995404424,-15.43535012653649,26.012553623373297,-26.003236217420746,3.34,1.5,,,,87.2,2080,5.7,746024,665804,683737,663538,670623,621020,664023,691718,641355,54.77,,,,,,,,28,4,Sinker,2,3,2,3,3,2,2,3,Standard,Standard,215,0.0,0.016,,,,-0.016,,-1,-1,0.424,0.424,34,24,35,24,2,1,7.0,2.0,5.0,1.0,2.44,1.2,1.2,41.9,,,,,
CH,2024-08-23,80.3,-2.3,5.98,"Hendricks, Kyle",681393,543294,,ball,,,,,14,"Connor Norby grounds into a force out, fielded by third baseman Isaac Paredes. Jesús Sánchez out at 3rd.",R,R,R,MIA,CHC,B,,,0,2,2024,-0.23,1.07,0.8,1.05,,660821.0,681146.0,2,3,Bot,,,,,,,7.22136314743691,-116.69904217704212,-6.207859427711624,-3.4006135788016265,20.56209857143514,-21.430323892229765,3.31,1.47,,,,79.7,2145,5.8,746024,665804,683737,663538,670623,621020,664023,691718,641355,54.69,,,,,,,,28,3,Changeup,2,3,2,3,3,2,2,3,Standard,Standard,232,0.0,0.003,,,,-0.003,,-1,-1,0.424,0.424,34,24,35,24,2,1,7.0,2.0,5.0,1.0,2.46,0.23,0.23,43.8,,,,,
SI,2024-08-23,87.2,-2.46,5.78,"Hendricks, Kyle",681393,543294,,foul,,,,,13,"Connor Norby grounds into a force out, fielded by third baseman Isaac Paredes. Jesús Sánchez out at 3rd.",R,R,R,MIA,CHC,S,,,0,1,2024,-1.23,0.51,-1.66,2.39,,660821.0,681146.0,2,3,Bot,,,,,,,4.393336853272524,-126.91241744190542,-2.988643652791919,-14.170912803419906,26.34766794247127,-26.30369945325637,3.38,1.6,4.0,42.0,-30.0,86.0,1942,5.5,746024,665804,683737,663538,670623,621020,664023,691718,641355,54.98,,,,,,,,28,2,Sinker,2,3,2,3,3,2,2,3,Standard,Standard,211,0.0,-0.046,72.7,6.5,,0.046,88.0,-1,-1,0.424,0.424,34,24,35,24,2,1,7.0,2.0,5.0,1.0,2.49,1.23,1.23,40.9,4.596767998588892,4.825040125427696,50.6756867491529,18.92248594975025,28.18118011972388
SI,2024-08-23,86.1,-2.38,5.86,"Hendricks, Kyle",681393,543294,,called_strike,,,,,8,"Connor Norby grounds into a force out, fielded by third baseman Isaac Paredes. Jesús Sánchez out at 3rd.",R,R,R,MIA,CHC,S,,,0,0,2024,-1.19,0.42,0.14,1.84,,660821.0,681146.0,2,3,Bot,,,,,,,8.285701925035152,-125.1572825281762,-4.085887398208201,-14.225665494696406,24.98078510972927,-27.16604556816445,3.4,1.61,,,,85.0,1939,5.6,746024,665804,683737,663538,670623,621020,664023,691718,641355,54.91,,,,,,,,28,1,Sinker,2,3,2,3,3,2,2,3,Standard,Standard,213,0.0,-0.048,,,,0.048,,-1,-1,0.424,0.424,34,24,35,24,2,1,7.0,2.0,5.0,1.0,2.66,1.19,1.19,44.4,,,,,
CU,2024-08-23,75.6,-2.32,5.93,"Hendricks, Kyle",681146,543294,single,hit_into_play,,,,,5,Jonah Bride singles on a sharp line drive to left fielder Ian Happ. Vidal Bruján scores. Jesús Sánchez to 2nd.,R,R,R,MIA,CHC,X,7.0,line_drive,1,2,2024,1.51,-0.96,0.09,2.15,,660644.0,660821.0,2,3,Bot,45.77,101.21,,,,,2.294214206478622,-109.89241900965249,1.0513629921152667,11.534579696923576,23.439183904919407,-40.30720040894216,3.23,1.46,260.0,100.1,17.0,73.6,3027,5.3,746024,665804,683737,663538,670623,621020,664023,691718,641355,55.15,0.46,0.508,0.9,1.0,1.0,0.0,4.0,27,4,Curveball,1,3,1,3,3,2,2,3,Standard,Standard,42,0.112,0.655,67.8,7.6,0.751,-0.655,100.1,-2,-2,0.312,0.312,34,28,35,29,2,1,7.0,2.0,5.0,1.0,5.02,-1.51,-1.51,40.1,20.04147649122184,-11.845356003192244,31.246420728403965,41.668251268530895,45.50881023348168
CU,2024-08-23,75.3,-2.36,5.95,"Hendricks, Kyle",681146,543294,,called_strike,,,,,6,Jonah Bride singles on a sharp line drive to left fielder Ian Happ. Vidal Bruján scores. Jesús Sánchez to 2nd.,R,R,R,MIA,CHC,S,,,1,1,2024,1.38,-0.62,0.65,2.09,,660644.0,660821.0,2,3,Bot,,,,,,,3.737936421531977,-109.5341084901621,0.3155755661385295,10.2090128945488,22.11064466691316,-37.45894234243605,3.17,1.29,,,,73.7,2972,5.4,746024,665804,683737,663538,670623,621020,664023,691718,641355,55.08,,,,,,,,27,3,Curveball,1,3,1,3,3,1,1,3,Standard,Standard,44,0.0,-0.076,,,,0.076,,-2,-2,0.312,0.312,34,28,35,29,2,1,7.0,2.0,5.0,1.0,4.69,-1.38,-1.38,43.0,,,,,
SI,2024-08-23,88.5,-2.31,5.9,"Hendricks, Kyle",681146,543294,,ball,,,,,13,Jonah Bride singles on a sharp line drive to left fielder Ian Happ. Vidal Bruján scores. Jesús Sánchez to 2nd.,R,R,R,MIA,CHC,B,,,0,1,2024,-1.14,0.63,-1.58,2.1,,660644.0,660821.0,2,3,Bot,,,,,,,4.075318141001692,-128.9099582746226,-4.48610718198804,-13.53159643338584,25.994190145425936,-24.39939907482463,3.34,1.41,,,,87.5,2048,5.5,746024,665804,683737,663538,670623,621020,664023,691718,641355,54.95,,,,,,,,27,2,Sinker,1,3,1,3,3,1,1,3,Standard,Standard,211,0.0,0.033,,,,-0.033,,-2,-2,0.312,0.312,34,28,35,29,2,1,7.0,2.0,5.0,1.0,2.26,1.14,1.14,43.8,,,,,
CH,2024-08-23,79.9,-2.34,6.02,"Hendricks, Kyle",681146,543294,,called_strike,,,,,6,Jonah Bride singles on a sharp line drive to left fielder Ian Happ. Vidal Bruján scores. Jesús Sánchez to 2nd.,R,R,R,MIA,CHC,S,,,0,0,2024,-0.48,1.14,0.38,2.3,,660644.0,660821.0,2,3,Bot,,,,,,,6.794205524741039,-116.2423049141334,-3.604934247226381,-5.602071584710209,20.82590156523357,-21.33907561170623,3.15,1.4,,,,78.9,2087,5.5,746024,665804,683737,663538,670623,621020,664023,691718,641355,55.01,,,,,,,,27,1,Changeup,1,3,1,3,3,1,1,3,Standard,Standard,229,0.0,-0.048,,,,0.048,,-2,-2,0.312,0.312,34,28,35,29,2,1,7.0,2.0,5.0,1.0,2.42,0.48,0.48,44.1,,,,,
CH,2024-08-23,81.7,-2.34,5.98,"Hendricks, Kyle",660821,543294,walk,blocked_ball,,,,,14,Jesús Sánchez walks. Vidal Bruján to 2nd.,R,L,R,MIA,CHC,B,,,3,1,2024,-1.39,0.56,0.0,0.18,,,660644.0,2,3,Bot,,,,,,,7.812659565099513,-118.63071325818224,-7.436383973399414,-14.613137760409774,22.40267195771248,-25.662061147077036,3.35,1.41,,,,80.4,2220,5.5,746024,665804,683737,663538,670623,621020,664023,691718,641355,55.0,,0.689131,0.7,1.0,0.0,0.0,,26,5,Changeup,1,3,1,3,3,1,1,3,Infield shade,Standard,231,0.024,0.152,,,,-0.152,,-2,-2,0.288,0.288,34,26,35,27,2,1,7.0,2.0,5.0,2.0,2.87,1.39,-1.39,43.6,,,,,
SI,2024-08-23,87.0,-2.27,5.95,"Hendricks, Kyle",660821,543294,,called_strike,,,,,7,Jesús Sánchez walks. Vidal Bruján to 2nd.,R,L,R,MIA,CHC,S,,,3,0,2024,-1.07,0.54,-0.37,1.83,,,660644.0,2,3,Bot,,,,,,,6.624873326183371,-126.47407663888896,-4.747416537483914,-12.783138165781914,25.30168780251756,-25.639252564380453,3.52,1.54,,,,85.9,1998,5.6,746024,665804,683737,663538,670623,621020,664023,691718,641355,54.92,,,,,,,,26,4,Sinker,1,3,1,3,3,1,1,3,Infield shade,Standard,211,0.0,-0.046,,,,0.046,,-2,-2,0.288,0.288,34,26,35,27,2,1,7.0,2.0,5.0,2.0,2.48,1.07,-1.07,42.9,,,,,
CH,2024-08-23,81.6,-2.4,5.95,"Hendricks, Kyle",660821,543294,,ball,,,,,13,Jesús Sánchez walks. Vidal Bruján to 2nd.,R,L,R,MIA,CHC,B,,,2,0,2024,-1.38,0.51,-1.29,1.61,,,660644.0,2,3,Bot,,,,,,,5.055506268582988,-118.66634207672188,-4.102654510354194,-13.991005223806296,23.097031317259344,-26.745682249385503,3.49,1.67,,,,80.4,2212,5.5,746024,665804,683737,663538,670623,621020,664023,691718,641355,54.98,,,,,,,,26,3,Changeup,1,3,1,3,3,1,1,3,Standard,Standard,231,0.0,0.076,,,,-0.076,,-2,-2,0.288,0.288,34,26,35,27,2,1,7.0,2.0,5.0,2.0,2.92,1.38,-1.38,42.0,,,,,
FF,2024-08-23,87.6,-2.4,5.88,"Hendricks, Kyle",660821,543294,,ball,,,,,12,Jesús Sánchez walks. Vidal Bruján to 2nd.,R,L,R,MIA,CHC,B,,,1,0,2024,-0.2,1.46,1.43,4.6,,,660644.0,2,3,Bot,,,,,,,9.511851401167032,-127.3111431074861,0.0221878729588862,-4.08252664965542,26.077934695935262,-16.5317784324618,3.46,1.68,,,,86.4,2233,5.6,746024,665804,683737,663538,670623,621020,664023,691718,641355,54.95,,,,,,,,26,2,4-Seam Fastball,1,3,1,3,3,1,1,3,Standard,Standard,212,0.0,0.05,,,,-0.05,,-2,-2,0.288,0.288,34,26,35,27,2,1,7.0,2.0,5.0,2.0,1.52,0.2,-0.2,40.3,,,,,
CH,2024-08-23,80.4,-2.38,5.97,"Hendricks, Kyle",660821,543294,,ball,,,,,13,Jesús Sánchez walks. Vidal Bruján to 2nd.,R,L,R,MIA,CHC,B,,,0,0,2024,-1.34,0.63,-0.28,1.24,,,660644.0,2,3,Bot,,,,,,,7.093557351713185,-116.87700702869115,-4.951771102269407,-13.577865323684136,21.95147607777653,-25.64649313696,3.51,1.76,,,,79.3,2179,5.6,746024,665804,683737,663538,670623,621020,664023,691718,641355,54.91,,,,,,,,26,1,Changeup,1,3,1,3,3,1,1,3,Standard,Standard,228,0.0,0.034,,,,-0.034,,-2,-2,0.288,0.288,34,26,35,27,2,1,7.0,2.0,5.0,2.0,2.9,1.34,-1.34,44.6,,,,,
SI,2024-08-23,87.1,-2.43,5.95,"Hendricks, Kyle",669394,543294,field_out,hit_into_play,,,,,1,Jake Burger flies out sharply to center fielder Pete Crow-Armstrong.,R,R,R,MIA,CHC,X,8.0,fly_ball,0,0,2024,-1.1,0.77,-0.42,3.16,,,660644.0,1,3,Bot,99.84,59.26,,,,,7.006926864143075,-126.65602707319869,-2.076659627708957,-13.33012548181311,26.557050329149227,-23.632738673406813,3.4,1.59,351.0,102.6,40.0,85.9,1942,5.6,746024,665804,683737,663538,670623,621020,664023,691718,641355,54.87,0.286,0.57,0.0,1.0,0.0,0.0,5.0,25,1,Sinker,1,3,1,3,3,1,1,3,Standard,Standard,216,-0.033,-0.255,76.1,7.1,1.102,0.255,102.6,-2,-2,0.321,0.321,34,28,35,28,2,1,7.0,2.0,5.0,1.0,2.24,1.1,1.1,43.0,8.981660076418704,-4.548052589845311,19.44734426040957,36.59717938207655,32.00787133921122
SI,2024-08-23,86.5,-2.84,5.92,"Hendricks, Kyle",660644,543294,single,hit_into_play,,,,,4,Vidal Bruján singles on a line drive to right fielder Cody Bellinger.,R,L,R,MIA,CHC,X,9.0,line_drive,1,0,2024,-1.27,0.74,-0.6,2.63,,,,1,3,Bot,172.29,106.4,,,,,7.835403349255348,-125.79228575331015,-3.143881256797165,-15.063499258869994,23.79578186610508,-23.84160276023993,3.28,1.55,198.0,76.1,17.0,85.6,1892,5.6,746024,665804,683737,663538,670623,621020,664023,691718,641355,54.91,0.923,0.863,0.9,1.0,1.0,0.0,4.0,24,2,Sinker,1,3,1,3,3,1,1,3,Standard,Standard,212,0.03,0.383,69.7,7.4,1.026,-0.383,88.0,-2,-2,0.291,0.291,34,26,35,26,2,0,7.0,2.0,5.0,1.0,2.29,1.27,-1.27,43.6,17.509181964776683,-11.126326323274446,27.90300838674262,42.03934273772009,37.22071425513939
FF,2024-08-23,87.9,-2.99,5.8,"Hendricks, Kyle",660644,543294,,ball,,,,,11,Vidal Bruján singles on a line drive to right fielder Cody Bellinger.,R,L,R,MIA,CHC,B,,,0,0,2024,-0.54,1.31,-1.59,2.85,,,,1,3,Bot,,,,,,,4.445496685334573,-128.01251942701896,-3.776247567456669,-6.789425733577042,25.11918658223932,-17.122428995128477,3.33,1.51,,,,87.0,2048,5.6,746024,665804,683737,663538,670623,621020,664023,691718,641355,54.94,,,,,,,,24,1,4-Seam Fastball,1,3,1,3,3,1,1,3,Standard,Standard,217,0.0,0.039,,,,-0.039,,-2,-2,0.291,0.291,34,26,35,26,2,0,7.0,2.0,5.0,1.0,1.62,0.54,-0.54,38.8,,,,,
SI,2024-08-23,87.8,-2.78,5.91,"Hendricks, Kyle",663743,543294,field_out,hit_into_play,,,,,4,"Nick Fortes grounds out, second baseman Nico Hoerner to first baseman Michael Busch.",R,R,R,MIA,CHC,X,4.0,ground_ball,1,1,2024,-1.26,0.67,-0.66,2.4,,,,0,3,Bot,141.73,142.44,,,,,7.624589140814327,-127.58775213148591,-3.703622017153181,-15.283178965953873,26.26257009375564,-24.30611232314353,3.26,1.56,104.0,55.8,14.0,86.6,1995,5.6,746024,665804,683737,663538,670623,621020,664023,691718,641355,54.91,0.131,0.118,0.0,1.0,0.0,0.0,1.0,23,3,Sinker,1,3,1,3,3,1,1,3,Standard,Standard,212,-0.026,-0.243,65.9,6.0,0.131,0.243,88.0,-2,-2,0.317,0.317,34,27,35,28,1,0,7.0,3.0,5.0,2.0,2.3,1.26,1.26,43.8,-10.493681105342423,7.797809610736489,30.107060992082328,28.54795568165145,20.996521816715905
SI,2024-08-23,87.3,-2.76,5.96,"Hendricks, Kyle",663743,543294,,called_strike,,,,,6,"Nick Fortes grounds out, second baseman Nico Hoerner to first baseman Michael Busch.",R,R,R,MIA,CHC,S,,,1,0,2024,-1.22,0.62,0.38,2.17,,,,0,3,Bot,,,,,,,9.844810414364494,-126.71548256739266,-4.15298789286618,-15.16896137176314,25.22227690845062,-24.85913161232157,3.13,1.41,,,,85.7,2028,5.3,746024,665804,683737,663538,670623,621020,664023,691718,641355,55.18,,,,,,,,23,2,Sinker,1,3,1,3,3,1,1,3,Standard,Standard,211,0.0,-0.049,,,,0.049,,-2,-2,0.317,0.317,34,27,35,28,1,0,7.0,3.0,5.0,2.0,2.38,1.22,1.22,42.9,,,,,
SI,2024-08-23,86.3,-2.67,5.96,"Hendricks, Kyle",663743,543294,,ball,,,,,12,"Nick Fortes grounds out, second baseman Nico Hoerner to first baseman Michael Busch.",R,R,R,MIA,CHC,B,,,0,0,2024,-1.22,0.74,0.93,2.37,,,,0,3,Bot,,,,,,,10.883345860111966,-125.13953296624508,-3.738001697260617,-15.011198812173957,24.858023864691443,-23.81334024104572,3.21,1.46,,,,85.1,2037,5.7,746024,665804,683737,663538,670623,621020,664023,691718,641355,54.83,,,,,,,,23,1,Sinker,1,3,1,3,3,1,1,3,Standard,Standard,214,0.0,0.038,,,,-0.038,,-2,-2,0.317,0.317,34,27,35,28,1,0,7.0,3.0,5.0,2.0,2.34,1.22,1.22,42.5,,,,,
SI,2024-08-23,89.0,-2.77,5.9,"Hendricks, Kyle",672640,543294,field_out,hit_into_play,,,,,4,"Otto Lopez grounds out, third baseman Isaac Paredes to first baseman Michael Busch.",R,R,R,MIA,CHC,X,5.0,ground_ball,2,2,2024,-1.17,0.59,-0.44,2.23,,,,2,2,Bot,99.21,161.16,,,,,8.02851834343264,-129.28096369104077,-4.151131332514392,-14.799598797894076,26.93398805242526,-24.830553347064157,3.25,1.54,10.0,101.3,-12.0,87.7,2030,5.6,746024,665804,683737,663538,670623,621020,664023,691718,641355,54.92,0.211,0.243,0.0,1.0,0.0,0.0,2.0,15,6,Sinker,1,0,1,0,0,1,1,0,Standard,Standard,211,-0.009,-0.219,73.0,6.6,0.213,0.219,101.3,1,1,0.626,0.626,34,25,35,26,1,0,7.0,2.0,5.0,1.0,2.29,1.17,1.17,43.6,5.894228030709308,-7.980449499375079,33.26725299845214,30.178360271480287,32.26138484370912
SI,2024-08-23,89.5,-2.84,5.83,"Hendricks, Kyle",672640,543294,,foul,,,,,11,"Otto Lopez grounds out, third baseman Isaac Paredes to first baseman Michael Busch.",R,R,R,MIA,CHC,S,,,2,2,2024,-0.93,0.5,-1.23,3.37,,,,2,2,Bot,,,,,,,5.843125211515867,-130.2338868413878,-1.0976295468722015,-11.855908938496093,28.548035300484887,-26.478494503225157,3.25,1.54,2.0,56.0,-53.0,88.3,2018,5.6,746024,665804,683737,663538,670623,621020,664023,691718,641355,54.88,,,,,,,,15,5,Sinker,1,0,1,0,0,1,1,0,Standard,Standard,215,0.0,0.0,32.8,3.8,,0.0,88.0,1,1,0.626,0.626,34,25,35,26,1,0,7.0,2.0,5.0,1.0,2.36,0.93,0.93,41.3,-19.690265761092597,46.77946774119773,24.621614834309096,22.47384364822605,10.288593438179351
CU,2024-08-23,75.1,-2.73,5.87,"Hendricks, Kyle",672640,543294,,ball,,,,,14,"Otto Lopez grounds out, third baseman Isaac Paredes to first baseman Michael Busch.",R,R,R,MIA,CHC,B,,,1,2,2024,1.23,-1.14,1.08,0.45,,,,2,2,Bot,,,,,,,5.608216796369515,-109.17344047455516,-1.8651156026587865,8.45513188681678,23.215145165493844,-41.04503099330416,3.22,1.41,,,,73.3,3070,5.5,746024,665804,683737,663538,670623,621020,664023,691718,641355,55.03,,,,,,,,15,4,Curveball,1,0,1,0,0,1,1,0,Standard,Standard,39,0.0,0.039,,,,-0.039,,1,1,0.626,0.626,34,25,35,26,1,0,7.0,2.0,5.0,1.0,5.26,-1.23,-1.23,42.5,,,,,
CH,2024-08-23,80.6,-2.69,6.05,"Hendricks, Kyle",672640,543294,,foul,,,,,12,"Otto Lopez grounds out, third baseman Isaac Paredes to first baseman Michael Busch.",R,R,R,MIA,CHC,S,,,1,1,2024,-0.22,0.94,1.2,2.65,,,,2,2,Bot,,,,,,,8.936968162005144,-117.14876188414856,-2.659763062068356,-3.667437407092478,21.49777841612532,-23.17004017963197,3.25,1.54,,,,79.6,2145,5.6,746024,665804,683737,663538,670623,621020,664023,691718,641355,54.87,,,,,,,,15,3,Changeup,1,0,1,0,0,1,1,0,Standard,Standard,229,0.0,-0.064,67.1,6.8,,0.064,,1,1,0.626,0.626,34,25,35,26,1,0,7.0,2.0,5.0,1.0,2.57,0.22,0.22,45.0,5.912742778166144,12.161181694254724,26.25751736391822,51.0350696397908,22.80710798452157
CU,2024-08-23,74.4,-2.86,5.95,"Hendricks, Kyle",672640,543294,,ball,,,,,11,"Otto Lopez grounds out, third baseman Isaac Paredes to first baseman Michael Busch.",R,R,R,MIA,CHC,B,,,0,1,2024,1.4,-0.91,-0.97,2.65,,,,2,2,Bot,,,,,,,1.3914936728377372,-108.24321259914396,2.105521199379702,10.57538795993208,21.882026299279705,-39.89529315789521,3.28,1.53,,,,72.7,3022,5.3,746024,665804,683737,663538,670623,621020,664023,691718,641355,55.16,,,,,,,,15,2,Curveball,1,0,1,0,0,1,1,0,Standard,Standard,45,0.0,0.029,,,,-0.029,,1,1,0.626,0.626,34,25,35,26,1,0,7.0,2.0,5.0,1.0,5.08,-1.4,-1.4,42.7,,,,,
SI,2024-08-23,87.8,-2.79,5.93,"Hendricks, Kyle",672640,543294,,called_strike,,,,,11,"Otto Lopez grounds out, third baseman Isaac Paredes to first baseman Michael Busch.",R,R,R,MIA,CHC,S,,,0,0,2024,-1.29,0.83,-1.04,3.02,,,,2,2,Bot,,,,,,,6.772728773288332,-127.7169569839807,-2.6051533815335755,-15.464874940615054,26.54169934341695,-22.80781299265036,3.18,1.45,,,,86.6,2014,5.5,746024,665804,683737,663538,670623,621020,664023,691718,641355,54.96,,,,,,,,15,1,Sinker,1,0,1,0,0,1,1,0,Standard,Standard,213,0.0,-0.041,,,,0.041,,1,1,0.626,0.626,34,25,35,26,1,0,7.0,2.0,5.0,1.0,2.14,1.29,1.29,40.7,,,,,
SI,2024-08-23,87.6,-2.33,5.95,"Hendricks, Kyle",656537,543294,field_out,hit_into_play,,,,,13,"Derek Hill grounds out, third baseman Isaac Paredes to first baseman Michael Busch. Connor Norby scores.",R,R,R,MIA,CHC,X,5.0,ground_ball,0,0,2024,-1.19,0.66,-0.96,2.16,681393.0,,,1,2,Bot,111.97,169.83,,,,,5.678776216781906,-127.37503585912144,-4.316416818512041,-14.129733496127187,26.18033631526164,-24.30475599906836,3.47,1.57,3.0,88.3,-34.0,86.4,2037,5.5,746024,665804,683737,663538,670623,621020,664023,691718,641355,54.96,0.071,0.08,0.0,1.0,0.0,0.0,2.0,14,1,Sinker,0,0,0,0,0,1,1,0,Strategic,Standard,210,0.022,-0.261,62.1,6.5,0.091,0.261,88.3,0,0,0.604,0.604,34,28,35,29,1,0,7.0,2.0,5.0,1.0,2.32,1.19,1.19,41.8,5.4704396707229055,14.251092774714596,41.78774932244941,23.23048162758693,26.99926541719132
CU,2024-08-23,74.2,-2.39,5.92,"Hendricks, Kyle",669065,543294,field_out,hit_into_play,,,,,9,"Kyle Stowers grounds out, second baseman Nico Hoerner to first baseman Michael Busch. Connor Norby to 3rd.",R,L,R,MIA,CHC,X,4.0,ground_ball,2,0,2024,1.28,-1.03,0.39,1.92,,681393.0,,0,2,Bot,149.48,151.07,,,,,3.3977244102461865,-107.94284076812212,0.9759677021696852,9.102691005713687,22.769905043513965,-40.575689365354414,3.65,1.77,103.0,66.3,13.0,72.4,3008,5.4,746024,665804,683737,663538,670623,621020,664023,691718,641355,55.1,0.254,0.229,0.0,1.0,0.0,0.0,2.0,13,3,Curveball,0,0,0,0,0,0,0,0,Standard,Standard,42,-0.011,-0.281,75.5,6.7,0.254,0.281,88.0,0,0,0.615,0.615,34,26,35,26,1,0,7.0,2.0,5.0,2.0,5.25,-1.28,1.28,42.8,2.6294096119320405,2.8265114516643406,36.7795255776375,33.30191530431195,35.615962186125856
SI,2024-08-23,87.3,-2.3,5.94,"Hendricks, Kyle",669065,543294,,ball,,,,,13,"Kyle Stowers grounds out, second baseman Nico Hoerner to first baseman Michael Busch. Connor Norby to 3rd.",R,L,R,MIA,CHC,B,,,1,0,2024,-1.08,0.89,-0.22,1.3,,681393.0,,0,2,Bot,,,,,,,7.131365085788839,-126.74541709363722,-6.690367450004867,-13.16142861675509,27.08310237955404,-21.384438852691325,3.32,1.57,,,,85.9,2014,5.6,746024,665804,683737,663538,670623,621020,664023,691718,641355,54.91,,,,,,,,13,2,Sinker,0,0,0,0,0,0,0,0,Standard,Standard,208,0.0,0.05,,,,-0.05,,0,0,0.615,0.615,34,26,35,26,1,0,7.0,2.0,5.0,2.0,2.13,1.08,-1.08,43.4,,,,,
SI,2024-08-23,87.2,-2.29,5.92,"Hendricks, Kyle",669065,543294,,ball,,,,,14,"Kyle Stowers grounds out, second baseman Nico Hoerner to first baseman Michael Busch. Connor Norby to 3rd.",R,L,R,MIA,CHC,B,,,0,0,2024,-0.99,0.75,0.96,1.03,,681393.0,,0,2,Bot,,,,,,,9.692351658674829,-126.48199745560952,-7.035461149560197,-12.640684659910146,25.81423139634388,-22.764528507191525,3.59,1.64,,,,86.0,2047,5.7,746024,665804,683737,663538,670623,621020,664023,691718,641355,54.8,,,,,,,,13,1,Sinker,0,0,0,0,0,0,0,0,Standard,Standard,212,0.0,0.038,,,,-0.038,,0,0,0.615,0.615,34,26,35,26,1,0,7.0,2.0,5.0,2.0,2.26,0.99,-0.99,43.3,,,,,
CH,2024-08-23,79.7,-2.74,6.04,"Hendricks, Kyle",681393,543294,double,hit_into_play,,,,,9,Connor Norby doubles (4) on a fly ball to right fielder Cody Bellinger.,R,R,R,MIA,CHC,X,9.0,fly_ball,0,1,2024,-0.27,1.07,0.7,2.05,,,,0,2,Bot,204.29,77.28,,,,,7.973211522160463,-115.83470922995951,-4.023103492386876,-3.86326146347467,20.560141472993745,-21.91913903021918,3.38,1.6,356.0,98.3,27.0,78.9,2232,5.7,746024,665804,683737,663538,670623,621020,664023,691718,641355,54.82,0.357,0.553,1.25,1.0,1.0,1.0,6.0,12,2,Changeup,0,0,0,0,0,0,0,0,Standard,Standard,222,0.065,0.73,74.2,7.1,1.012,-0.73,98.3,0,0,0.55,0.55,34,24,35,24,1,0,7.0,2.0,5.0,1.0,2.51,0.27,0.27,43.7,11.767433757705833,13.95171336271416,40.47979306801866,44.99677946570967,28.2620695020675
SI,2024-08-23,86.6,-2.74,5.97,"Hendricks, Kyle",681393,543294,,called_strike,,,,,6,Connor Norby doubles (4) on a fly ball to right fielder Cody Bellinger.,R,R,R,MIA,CHC,S,,,0,0,2024,-1.26,0.57,0.69,2.41,,,,0,2,Bot,,,,,,,10.590414580445676,-125.65116438291156,-3.408057242140345,-15.495068544931051,25.34922532165913,-25.627749617390457,3.39,1.55,,,,85.4,2057,5.7,746024,665804,683737,663538,670623,621020,664023,691718,641355,54.81,,,,,,,,12,1,Sinker,0,0,0,0,0,0,0,0,Standard,Standard,208,0.0,-0.037,,,,0.037,,0,0,0.55,0.55,34,24,35,24,1,0,7.0,2.0,5.0,1.0,2.49,1.26,1.26,44.2,,,,,
SI,2024-08-23,88.8,-2.4,5.91,"Hendricks, Kyle",681146,543294,field_out,hit_into_play,,,,,4,Jonah Bride pops out to first baseman Michael Busch.,R,R,R,MIA,CHC,X,3.0,popup,3,2,2024,-1.17,0.57,-0.79,2.56,,669364.0,,2,1,Bot,166.94,150.22,,,,,6.302808189427103,-129.21867244234716,-3.3263752617528155,-14.46826470044179,26.33190281272829,-25.24180026879417,3.23,1.46,162.0,59.6,48.0,87.7,2043,5.5,746024,665804,683737,663538,670623,621020,664023,691718,641355,54.98,0.103,0.093,0.0,1.0,0.0,0.0,3.0,8,6,Sinker,0,0,0,0,0,0,0,0,Standard,Standard,211,-0.033,-0.298,67.7,6.4,0.103,0.298,88.0,0,0,0.533,0.533,34,28,35,29,1,0,7.0,2.0,5.0,1.0,2.31,1.17,1.17,43.6,7.210948182944405,7.335223860841889,33.93166372414913,30.928995755775663,28.42108319727525
CU,2024-08-23,75.0,-2.36,5.89,"Hendricks, Kyle",681146,543294,,ball,,,,,14,Jonah Bride pops out to first baseman Michael Busch.,R,R,R,MIA,CHC,B,,,2,2,2024,1.25,-1.15,1.42,1.27,,669364.0,,2,1,Bot,,,,,,,5.47724592540859,-109.00459317075524,-0.211235167701246,8.667849931416496,23.22435024212579,-41.39400909972415,3.24,1.39,,,,72.9,2985,5.3,746024,665804,683737,663538,670623,621020,664023,691718,641355,55.24,,,,,,,,8,5,Curveball,0,0,0,0,0,0,0,0,Standard,Standard,39,0.0,0.049,,,,-0.049,,0,0,0.533,0.533,34,28,35,29,1,0,7.0,2.0,5.0,1.0,5.28,-1.25,-1.25,47.8,,,,,
CU,2024-08-23,74.8,-2.36,5.96,"Hendricks, Kyle",681146,543294,,called_strike,,,,,3,Jonah Bride pops out to first baseman Michael Busch.,R,R,R,MIA,CHC,S,,,2,1,2024,1.09,-1.2,0.65,3.22,,669364.0,,2,1,Bot,,,,,,,4.180682440380055,-108.67956537446052,3.662559508630576,7.763056467018078,21.478299780963155,-42.607182488610775,3.19,1.37,,,,73.0,2919,5.3,746024,665804,683737,663538,670623,621020,664023,691718,641355,55.2,,,,,,,,8,4,Curveball,0,0,0,0,0,0,0,0,Standard,Standard,44,0.0,-0.062,,,,0.062,,0,0,0.533,0.533,34,28,35,29,1,0,7.0,2.0,5.0,1.0,5.33,-1.09,-1.09,43.6,,,,,
CH,2024-08-23,80.5,-2.34,6.0,"Hendricks, Kyle",681146,543294,,called_strike,,,,,6,Jonah Bride pops out to first baseman Michael Busch.,R,R,R,MIA,CHC,S,,,2,0,2024,-0.54,0.79,0.37,2.04,,669364.0,,2,1,Bot,,,,,,,6.8994314677440896,-116.96534969154048,-3.5548032650511696,-6.228056276889556,22.27267035619598,-24.43981834702475,3.21,1.39,,,,79.2,2264,5.5,746024,665804,683737,663538,670623,621020,664023,691718,641355,55.04,,,,,,,,8,3,Changeup,0,0,0,0,0,0,0,0,Standard,Standard,227,0.0,-0.028,,,,0.028,,0,0,0.533,0.533,34,28,35,29,1,0,7.0,2.0,5.0,1.0,2.74,0.54,0.54,44.8,,,,,
SI,2024-08-23,87.4,-2.28,5.9,"Hendricks, Kyle",681146,543294,,ball,,,,,14,Jonah Bride pops out to first baseman Michael Busch.,R,R,R,MIA,CHC,B,,,1,0,2024,-1.23,0.5,0.86,1.79,,669364.0,,2,1,Bot,,,,,,,9.942689750305885,-126.88936846430812,-4.687876894080096,-15.347678193761308,26.204947591585302,-26.01640508572946,3.24,1.36,,,,86.1,2008,5.6,746024,665804,683737,663538,670623,621020,664023,691718,641355,54.87,,,,,,,,8,2,Sinker,0,0,0,0,0,0,0,0,Standard,Standard,216,0.0,0.024,,,,-0.024,,0,0,0.533,0.533,34,28,35,29,1,0,7.0,2.0,5.0,1.0,2.5,1.23,1.23,43.8,,,,,
SI,2024-08-23,88.1,-2.26,5.97,"Hendricks, Kyle",681146,543294,,ball,,,,,12,Jonah Bride pops out to first baseman Michael Busch.,R,R,R,MIA,CHC,B,,,0,0,2024,-1.09,0.74,0.6,3.33,,669364.0,,2,1,Bot,,,,,,,9.05988495749988,-127.95857378270269,-1.8271835693239435,-13.8619480902935,25.945269923432136,-23.89249181977446,3.07,1.29,,,,86.7,2058,5.5,746024,665804,683737,663538,670623,621020,664023,691718,641355,55.02,,,,,,,,8,1,Sinker,0,0,0,0,0,0,0,0,Standard,Standard,208,0.0,0.014,,,,-0.014,,0,0,0.533,0.533,34,28,35,29,1,0,7.0,2.0,5.0,1.0,2.21,1.09,1.09,43.2,,,,,
SI,2024-08-23,88.4,-2.39,5.9,"Hendricks, Kyle",660821,543294,field_out,hit_into_play,,,,,4,Jesús Sánchez lines out to left fielder Ian Happ.,R,L,R,MIA,CHC,X,7.0,line_drive,3,2,2024,-1.2,0.57,-0.48,2.75,,669364.0,,1,1,Bot,69.38,72.5,,,,,7.041112321820277,-128.51628686211927,-2.7523047688875573,-14.762195961019422,26.680401887319185,-25.524472574012723,3.5,1.7,354.0,107.7,19.0,87.1,2136,5.5,746024,665804,683737,663538,670623,621020,664023,691718,641355,54.98,0.731,1.027,0.0,1.0,0.0,0.0,6.0,7,6,Sinker,0,0,0,0,0,0,0,0,Standard,Standard,215,-0.033,-0.277,79.9,6.8,1.734,0.277,107.7,0,0,0.566,0.566,34,26,35,27,1,0,7.0,2.0,5.0,2.0,2.36,1.2,-1.2,42.5,5.519663709250687,14.074077818866623,21.59369836972308,43.37192729076719,26.405120461027582
CH,2024-08-23,81.7,-2.28,6.04,"Hendricks, Kyle",660821,543294,,ball,,,,,13,Jesús Sánchez lines out to left fielder Ian Happ.,R,L,R,MIA,CHC,B,,,2,2,2024,-1.38,0.98,-1.18,1.52,,669364.0,,1,1,Bot,,,,,,,5.069248316914844,-118.83872978951231,-5.409721042119243,-14.043458095875325,23.370673437456205,-22.058777384057095,3.46,1.69,,,,80.5,2283,5.6,746024,665804,683737,663538,670623,621020,664023,691718,641355,54.93,,,,,,,,7,5,Changeup,0,0,0,0,0,0,0,0,Strategic,Standard,224,0.0,0.074,,,,-0.074,,0,0,0.566,0.566,34,26,35,27,1,0,7.0,2.0,5.0,2.0,2.45,1.38,-1.38,44.2,,,,,
CH,2024-08-23,81.2,-2.31,6.07,"Hendricks, Kyle",660821,543294,,ball,,,,,13,Jesús Sánchez lines out to left fielder Ian Happ.,R,L,R,MIA,CHC,B,,,1,2,2024,-1.31,0.48,-1.36,1.08,,669364.0,,1,1,Bot,,,,,,,4.549864278492232,-118.03465071876026,-5.351493224907241,-13.104241564809604,23.724195916862083,-26.81669909220983,3.46,1.68,,,,79.6,2176,5.4,746024,665804,683737,663538,670623,621020,664023,691718,641355,55.11,,,,,,,,7,4,Changeup,0,0,0,0,0,0,0,0,Strategic,Standard,225,0.0,0.018,,,,-0.018,,0,0,0.566,0.566,34,26,35,27,1,0,7.0,2.0,5.0,2.0,3.0,1.31,-1.31,45.7,,,,,
CH,2024-08-23,80.6,-2.37,6.02,"Hendricks, Kyle",660821,543294,,foul,,,,,13,Jesús Sánchez lines out to left fielder Ian Happ.,R,L,R,MIA,CHC,S,,,1,1,2024,-1.21,0.63,-1.16,1.83,,669364.0,,1,1,Bot,,,,,,,4.888112992744714,-117.2587255921247,-3.779437471532112,-12.103689179821997,22.6479898182488,-25.85708119088051,3.5,1.7,4.0,46.9,-24.0,79.2,2159,5.3,746024,665804,683737,663538,670623,621020,664023,691718,641355,55.16,,,,,,,,7,3,Changeup,0,0,0,0,0,0,0,0,Strategic,Standard,225,0.0,-0.062,71.0,8.0,,0.062,88.0,0,0,0.566,0.566,34,26,35,27,1,0,7.0,2.0,5.0,2.0,2.89,1.21,-1.21,42.2,15.377827134297704,-8.787534664613073,28.63959545134157,51.268749070712005,40.33199110758253
CH,2024-08-23,80.1,-2.44,5.99,"Hendricks, Kyle",660821,543294,,swinging_strike,,,,,13,Jesús Sánchez lines out to left fielder Ian Happ.,R,L,R,MIA,CHC,S,,,1,0,2024,-1.24,0.38,-0.66,1.09,,669364.0,,1,1,Bot,,,,,,,6.157774481744362,-116.44529870587655,-4.759851844550659,-12.42796999973568,21.85093476783685,-28.047588205343224,3.5,1.7,,,,78.8,2180,5.4,746024,665804,683737,663538,670623,621020,664023,691718,641355,55.1,,,,,,,,7,2,Changeup,0,0,0,0,0,0,0,0,Standard,Standard,225,0.0,-0.043,84.4,8.3,,0.043,,0,0,0.566,0.566,34,26,35,27,1,0,7.0,2.0,5.0,2.0,3.18,1.24,-1.24,43.4,16.315613144003276,-9.33219216664574,40.07613680219059,45.71489725185353,40.65464357331312
CH,2024-08-23,79.8,-2.57,6.02,"Hendricks, Kyle",660821,543294,,ball,,,,,11,Jesús Sánchez lines out to left fielder Ian Happ.,R,L,R,MIA,CHC,B,,,0,0,2024,-1.19,0.35,-1.83,2.99,,669364.0,,1,1,Bot,,,,,,,3.778457157383135,-116.21439681744248,-0.6124704362690313,-11.48890865804744,21.656738412846483,-29.0815693602108,3.48,1.67,,,,78.3,2156,5.2,746024,665804,683737,663538,670623,621020,664023,691718,641355,55.34,,,,,,,,7,1,Changeup,0,0,0,0,0,0,0,0,Standard,Standard,227,0.0,0.027,,,,-0.027,,0,0,0.566,0.566,34,26,35,27,1,0,7.0,2.0,5.0,2.0,3.22,1.19,-1.19,41.0,,,,,
CH,2024-08-23,79.9,-2.35,6.03,"Hendricks, Kyle",669394,543294,field_out,hit_into_play,,,,,6,Jake Burger pops out to shortstop Dansby Swanson.,R,R,R,MIA,CHC,X,6.0,popup,1,1,2024,-0.29,0.91,0.74,2.4,,669364.0,,0,1,Bot,113.99,156.65,,,,,7.221950195236832,-116.11715537262856,-2.890265081492035,-4.05779008820268,22.978233344943884,-23.642187778799823,3.4,1.59,102.0,73.6,70.0,78.4,2111,5.4,746024,665804,683737,663538,670623,621020,664023,691718,641355,55.07,0.001,0.0,0.0,1.0,0.0,0.0,3.0,6,3,Changeup,0,0,0,0,0,0,0,0,Standard,Standard,228,-0.041,-0.267,73.5,7.9,0.001,0.267,88.0,0,0,0.607,0.607,34,28,35,28,1,0,7.0,2.0,5.0,1.0,2.69,0.29,0.29,44.0,8.499688536225277,-14.449140314010808,25.05193861816079,47.1968232474535,41.28393625430861
SI,2024-08-23,87.6,-2.37,5.99,"Hendricks, Kyle",669394,543294,,ball,,,,,11,Jake Burger pops out to shortstop Dansby Swanson.,R,R,R,MIA,CHC,B,,,0,1,2024,-1.38,0.85,-1.32,3.6,,,669364.0,0,1,Bot,,,,,,,5.303680408274641,-127.48336617882812,-1.3974828016911172,-16.171900509647113,25.717749462850545,-22.839127373253906,3.34,1.4,,,,86.5,2028,5.6,746024,665804,683737,663538,670623,621020,664023,691718,641355,54.94,,,,,,,,6,2,Sinker,0,0,0,0,0,0,0,0,Standard,Standard,209,0.024,0.034,,,,-0.034,,0,0,0.583,0.583,34,28,35,28,1,0,7.0,2.0,5.0,1.0,2.12,1.38,1.38,42.1,,,,,
SI,2024-08-23,87.4,-2.3,5.96,"Hendricks, Kyle",669394,543294,,called_strike,,,,,5,Jake Burger pops out to shortstop Dansby Swanson.,R,R,R,MIA,CHC,S,,,0,0,2024,-1.25,0.57,0.13,2.55,,,669364.0,0,1,Bot,,,,,,,8.3025701098407,-127.0441721450116,-3.198270494323599,-15.271302261334114,25.85289644346856,-25.544911335057265,3.29,1.44,,,,86.2,2062,5.6,746024,665804,683737,663538,670623,621020,664023,691718,641355,54.94,,,,,,,,6,1,Sinker,0,0,0,0,0,0,0,0,Standard,Standard,212,0.0,-0.042,,,,0.042,,0,0,0.583,0.583,34,28,35,28,1,0,7.0,2.0,5.0,1.0,2.42,1.25,1.25,43.5,,,,,
SI,2024-08-23,87.5,-2.81,5.94,"Hendricks, Kyle",669364,543294,single,hit_into_play,,,,,9,Xavier Edwards singles on a ground ball to center fielder Pete Crow-Armstrong.,R,L,R,MIA,CHC,X,8.0,ground_ball,1,1,2024,-1.25,0.45,0.59,1.77,,,,0,1,Bot,140.36,91.25,,,,,10.596390599692734,-126.94251028848632,-4.786591432268237,-15.59699150968698,24.815022504835493,-26.48961264774364,3.26,1.5,116.0,101.1,5.0,86.5,2139,5.7,746024,665804,683737,663538,670623,621020,664023,691718,641355,54.78,0.583,0.536,0.9,1.0,1.0,0.0,4.0,5,3,Sinker,0,0,0,0,0,0,0,0,Standard,Standard,210,0.036,0.46,66.3,5.9,0.644,-0.46,101.1,0,0,0.547,0.547,34,24,35,25,1,0,7.0,2.0,5.0,11.0,2.53,1.25,-1.25,43.2,1.159666936342814,8.548296100658332,38.85590621293248,25.64580791787297,26.15436915837568
CH,2024-08-23,80.6,-2.79,6.03,"Hendricks, Kyle",669364,543294,,ball,,,,,13,Xavier Edwards singles on a ground ball to center fielder Pete Crow-Armstrong.,R,L,R,MIA,CHC,B,,,0,1,2024,-1.34,0.79,-0.86,1.18,,,,0,1,Bot,,,,,,,6.722142881703405,-117.13672902913775,-5.553096764662087,-13.63130260368383,22.16605771284607,-23.99236803185163,3.22,1.37,,,,79.5,2325,5.6,746024,665804,683737,663538,670623,621020,664023,691718,641355,54.89,,,,,,,,5,2,Changeup,0,0,0,0,0,0,0,0,Standard,Standard,224,0.0,0.025,,,,-0.025,,0,0,0.547,0.547,34,24,35,25,1,0,7.0,2.0,5.0,11.0,2.72,1.34,-1.34,43.4,,,,,
FF,2024-08-23,87.3,-3.0,5.91,"Hendricks, Kyle",669364,543294,,called_strike,,,,,7,Xavier Edwards singles on a ground ball to center fielder Pete Crow-Armstrong.,R,L,R,MIA,CHC,S,,,0,0,2024,-0.46,1.51,-0.41,1.61,,,,0,1,Bot,,,,,,,7.088958496055935,-126.86168629998606,-7.217845113847594,-6.446119939103326,25.803496975148096,-14.54968685430502,3.3,1.43,,,,86.3,2139,5.7,746024,665804,683737,663538,670623,621020,664023,691718,641355,54.78,,,,,,,,5,1,4-Seam Fastball,0,0,0,0,0,0,0,0,Standard,Standard,216,0.0,-0.037,,,,0.037,,0,0,0.547,0.547,34,24,35,25,1,0,7.0,2.0,5.0,11.0,1.49,0.46,-0.46,41.7,,,,,
CH,2024-08-16,81.1,-2.69,6.11,"Hendricks, Kyle",665489,543294,field_out,hit_into_play,,,,,14,"Vladimir Guerrero Jr. grounds out, third baseman Isaac Paredes to first baseman Michael Busch.",R,R,R,CHC,TOR,X,5.0,ground_ball,0,2,2024,-0.41,0.72,0.92,1.28,,,,2,5,Top,111.46,166.28,,,,,8.72683217985296,-117.77672485075796,-5.532731491097127,-5.3566624506931575,19.905589240364467,-24.63163949730028,3.66,1.64,1.0,66.2,-46.0,80.3,2081,5.6,746843,665804,683737,663538,670623,621020,664023,691718,641355,54.9,0.24,0.214,0.0,1.0,0.0,0.0,2.0,37,3,Changeup,2,2,2,2,2,2,2,2,Standard,Standard,226,0.014,-0.157,66.7,8.8,0.255,0.157,88.0,0,0,0.551,0.449,34,25,35,25,3,2,11.0,2.0,7.0,1.0,2.73,0.41,0.41,45.6,11.668931955433422,-17.640088958484,30.9060629446013,52.03447479486052,46.444742516421485
CH,2024-08-16,80.5,-2.7,6.13,"Hendricks, Kyle",665489,543294,,swinging_strike,,,,,14,"Vladimir Guerrero Jr. grounds out, third baseman Isaac Paredes to first baseman Michael Busch.",R,R,R,CHC,TOR,S,,,0,1,2024,-0.34,0.81,0.4,0.97,,,,2,5,Top,,,,,,,7.401286716186551,-116.96485264219588,-6.267702865141512,-4.437942699775811,20.7749146013483,-23.74171046993608,3.66,1.64,,,,79.6,2032,5.6,746843,665804,683737,663538,670623,621020,664023,691718,641355,54.91,,,,,,,,37,2,Changeup,2,2,2,2,2,2,2,2,Standard,Standard,228,0.0,-0.058,73.5,9.4,,0.058,,0,0,0.551,0.449,34,25,35,25,3,2,11.0,2.0,7.0,1.0,2.7,0.34,0.34,45.4,25.174195298587232,-42.52445825497663,30.886052919208485,44.94325870560432,64.93875825555061
SI,2024-08-16,87.1,-2.63,6.03,"Hendricks, Kyle",665489,543294,,called_strike,,,,,14,"Vladimir Guerrero Jr. grounds out, third baseman Isaac Paredes to first baseman Michael Busch.",R,R,R,CHC,TOR,S,,,0,0,2024,-1.11,0.74,0.84,2.31,,,,2,5,Top,,,,,,,10.439746503337986,-126.48356583031544,-4.285713770177557,-13.865035281938002,22.08444743770928,-23.5738498806204,3.55,1.61,,,,86.4,1948,5.6,746843,665804,683737,663538,670623,621020,664023,691718,641355,54.89,,,,,,,,37,1,Sinker,2,2,2,2,2,2,2,2,Standard,Standard,213,0.0,-0.041,,,,0.041,,0,0,0.551,0.449,34,25,35,25,3,2,11.0,2.0,7.0,1.0,2.25,1.11,1.11,45.3,,,,,
SI,2024-08-16,86.4,-2.73,5.96,"Hendricks, Kyle",662139,543294,field_out,hit_into_play,,,,,5,Daulton Varsho pops out to third baseman Isaac Paredes.,R,L,R,CHC,TOR,X,5.0,popup,1,1,2024,-0.95,0.48,0.26,2.73,,,,1,5,Top,110.31,187.67,,,,,8.928695478092923,-125.64279676873088,-2.467045682106728,-11.774318780687016,22.657276510182733,-26.80073385384,3.36,1.56,55.0,65.5,79.0,85.7,1927,5.6,746843,665804,683737,663538,670623,621020,664023,691718,641355,54.87,0.006,0.006,0.0,1.0,0.0,0.0,3.0,36,3,Sinker,2,2,2,2,2,2,2,2,Standard,Standard,211,0.021,-0.243,81.6,7.4,0.007,0.243,88.0,0,0,0.53,0.47,34,27,35,28,3,2,11.0,2.0,7.0,1.0,2.55,0.95,-0.95,43.0,8.067895767197637,-2.701065601708902,33.50071450270674,32.79454191315133,30.973841089672465
SI,2024-08-16,86.5,-2.7,6.02,"Hendricks, Kyle",662139,543294,,ball,,,,,11,Daulton Varsho pops out to third baseman Isaac Paredes.,R,L,R,CHC,TOR,B,,,0,1,2024,-1.03,0.71,-0.42,4.02,,,,1,5,Top,,,,,,,7.429210107204316,-125.9680021608064,-0.119356878890764,-12.36495821413792,21.62485543275918,-24.677247336125543,3.23,1.5,,,,86.0,1956,5.6,746843,665804,683737,663538,670623,621020,664023,691718,641355,54.91,,,,,,,,36,2,Sinker,2,2,2,2,2,2,2,2,Standard,Standard,209,0.0,0.024,,,,-0.024,,0,0,0.53,0.47,34,27,35,28,3,2,11.0,2.0,7.0,1.0,2.29,1.03,-1.03,48.5,,,,,
SI,2024-08-16,86.9,-2.85,6.01,"Hendricks, Kyle",662139,543294,,foul,,,,,4,Daulton Varsho pops out to third baseman Isaac Paredes.,R,L,R,CHC,TOR,S,,,0,0,2024,-0.98,0.33,-0.72,2.14,,,,1,5,Top,,,,,,,7.022556850933964,-126.5284074580475,-3.856925717374786,-11.85554835179344,20.881480729520664,-28.040513996441128,3.36,1.56,314.0,86.7,34.0,86.7,1840,5.7,746843,665804,683737,663538,670623,621020,664023,691718,641355,54.82,,,,,,,,36,1,Sinker,2,2,2,2,2,2,2,2,Standard,Standard,214,0.0,-0.037,71.7,6.9,,0.037,88.0,0,0,0.53,0.47,34,27,35,28,3,2,11.0,2.0,7.0,1.0,2.63,0.98,-0.98,43.6,-0.5321622679142228,25.87668015828839,34.5861484716247,45.09871138783591,12.703549899279686
SI,2024-08-16,87.6,-2.74,5.98,"Hendricks, Kyle",543807,543294,field_out,hit_into_play,,,,,4,"George Springer grounds out, second baseman Nico Hoerner to first baseman Michael Busch.",R,R,R,CHC,TOR,X,4.0,ground_ball,0,1,2024,-0.98,0.49,-0.35,2.91,,,,0,5,Top,131.86,138.49,,,,,7.659372657894918,-127.4421796978773,-2.306501815610615,-12.184786706394291,24.16122658622948,-26.530620457752317,3.68,1.7,14.0,91.4,-10.0,86.7,2017,5.5,746843,665804,683737,663538,670623,621020,664023,691718,641355,54.96,0.197,0.189,0.0,1.0,0.0,0.0,2.0,35,2,Sinker,2,2,2,2,2,2,2,2,Standard,Standard,205,0.03,-0.217,69.4,6.3,0.232,0.217,91.4,0,0,0.5,0.5,34,34,35,35,3,2,11.0,2.0,7.0,1.0,2.46,0.98,0.98,43.7,5.599903808198843,19.73970798501092,29.996987374261696,33.74770273342813,11.832362594171212
CH,2024-08-16,80.1,-2.68,6.09,"Hendricks, Kyle",543807,543294,,foul,,,,,5,"George Springer grounds out, second baseman Nico Hoerner to first baseman Michael Busch.",R,R,R,CHC,TOR,S,,,0,0,2024,-0.31,0.66,0.24,2.71,,,,0,5,Top,,,,,,,6.926709687744633,-116.47303609715516,-2.0194894327309125,-4.002435619605708,20.22258534762945,-25.99679610304565,3.68,1.7,4.0,69.7,-36.0,79.3,2138,5.6,746843,665804,683737,663538,670623,621020,664023,691718,641355,54.88,,,,,,,,35,1,Changeup,2,2,2,2,2,2,2,2,Standard,Standard,231,0.0,-0.037,72.6,8.5,,0.037,88.0,0,0,0.5,0.5,34,34,35,35,3,2,11.0,2.0,7.0,1.0,2.88,0.31,0.31,43.7,32.702350669413214,-18.584319828642407,32.54318079975412,39.76957438719928,36.88330857832048
SI,2024-08-16,86.2,-2.74,5.98,"Hendricks, Kyle",677870,543294,home_run,hit_into_play,,,,,7,Leo Jiménez homers (2) on a fly ball to center field.,R,R,R,CHC,TOR,X,,fly_ball,2,1,2024,-1.15,0.84,-0.54,1.84,,,,0,5,Top,101.43,29.13,,,,,7.47927871541454,-125.31507600128424,-5.271390732963972,-13.630273444727734,23.981456246080004,-22.41209093695074,3.32,1.6,424.0,98.9,31.0,85.4,1982,5.7,746843,665804,683737,663538,670623,621020,664023,691718,641355,54.8,0.397,0.741,2.0,1.0,0.0,3.0,6.0,34,4,Sinker,2,1,1,2,2,2,2,2,Standard,Standard,210,-0.144,1.073,76.6,7.9,1.42,-1.073,98.9,1,-1,0.644,0.356,34,23,35,23,2,1,11.0,2.0,7.0,4.0,2.22,1.15,1.15,43.8,18.381338534229734,-4.262746285452974,40.32004775511575,30.749941845735417,37.14379456566133
CH,2024-08-16,80.0,-2.67,6.07,"Hendricks, Kyle",677870,543294,,ball,,,,,14,Leo Jiménez homers (2) on a fly ball to center field.,R,R,R,CHC,TOR,B,,,1,1,2024,-0.59,0.81,1.12,0.98,,,,0,5,Top,,,,,,,9.346410984452133,-115.974239718285,-5.914602213173035,-7.137836102506946,22.106000711542197,-23.87650189311429,3.26,1.58,,,,78.7,2213,5.7,746843,665804,683737,663538,670623,621020,664023,691718,641355,54.84,,,,,,,,34,3,Changeup,2,1,1,2,1,2,1,2,Standard,Standard,229,0.0,0.053,,,,-0.053,,1,-1,0.644,0.356,34,23,35,23,2,1,11.0,2.0,7.0,4.0,2.78,0.59,0.59,44.7,,,,,
CU,2024-08-16,74.1,-2.74,5.98,"Hendricks, Kyle",677870,543294,,ball,,,,,14,Leo Jiménez homers (2) on a fly ball to center field.,R,R,R,CHC,TOR,B,,,0,1,2024,1.47,-0.77,0.98,1.74,,,,0,5,Top,,,,,,,4.968744252441844,-107.74776157302868,0.035804506959151,10.343363719535692,21.721302496830717,-38.39223410151423,3.19,1.42,,,,72.6,2944,5.5,746843,665804,683737,663538,670623,621020,664023,691718,641355,54.98,,,,,,,,34,2,Curveball,2,1,1,2,1,2,1,2,Standard,Standard,45,0.0,0.025,,,,-0.025,,1,-1,0.644,0.356,34,23,35,23,2,1,11.0,2.0,7.0,4.0,4.99,-1.47,-1.47,43.2,,,,,
SI,2024-08-16,86.6,-2.66,6.06,"Hendricks, Kyle",677870,543294,,foul,,,,,1,Leo Jiménez homers (2) on a fly ball to center field.,R,R,R,CHC,TOR,S,,,0,0,2024,-1.23,0.69,-0.73,3.08,,,,0,5,Top,,,,,,,7.051914369379094,-125.956321678524,-2.3194996097573872,-14.52944155740374,24.85992562197137,-24.506754063505213,3.32,1.6,121.0,61.8,15.0,85.8,1960,5.7,746843,665804,683737,663538,670623,621020,664023,691718,641355,54.77,,,,,,,,34,1,Sinker,2,1,1,2,1,2,1,2,Standard,Standard,213,0.0,-0.037,36.8,5.3,,0.037,88.0,1,-1,0.644,0.356,34,23,35,23,2,1,11.0,2.0,7.0,4.0,2.34,1.23,1.23,44.4,-13.091911127394164,35.308850896652395,42.75133884785932,29.800989176852177,13.0303577839097
CH,2024-08-16,80.3,-2.21,6.05,"Hendricks, Kyle",694388,543294,field_out,hit_into_play,,,,,4,"Joey Loperfido grounds out, second baseman Nico Hoerner to first baseman Michael Busch.",R,L,R,CHC,TOR,X,4.0,ground_ball,2,1,2024,-1.25,0.79,-0.73,2.27,695238.0,676391.0,,2,4,Top,158.86,138.75,,,,,5.523569140618305,-116.83297492526772,-3.184074277433157,-12.446231794077534,20.21265269677146,-24.49552762739531,3.37,1.61,115.0,85.1,9.0,79.3,2063,5.4,746843,665804,683737,663538,670623,621020,664023,691718,641355,55.09,0.489,0.44,0.0,1.0,0.0,0.0,4.0,30,4,Changeup,2,1,1,2,1,2,1,2,Standard,Standard,227,0.075,-0.289,71.9,8.7,0.524,0.289,88.0,1,-1,0.615,0.385,34,25,35,25,2,1,11.0,3.0,7.0,2.0,2.72,1.25,-1.25,42.3,18.91971570647476,-5.539552545423836,36.98918788080847,49.71045427697042,33.84787546183234
CH,2024-08-16,80.8,-2.33,6.06,"Hendricks, Kyle",694388,543294,,ball,,,,,13,"Joey Loperfido grounds out, second baseman Nico Hoerner to first baseman Michael Busch.",R,L,R,CHC,TOR,B,,,1,1,2024,-1.3,0.6,-1.84,2.31,695238.0,676391.0,,2,4,Top,,,,,,,3.496737314182623,-117.63585132076572,-2.845354711413789,-12.73806546798181,21.17035008014681,-26.26990151460371,3.38,1.64,,,,79.7,2173,5.4,746843,665804,683737,663538,670623,621020,664023,691718,641355,55.1,,,,,,,,30,3,Changeup,2,1,1,2,1,2,1,2,Standard,Standard,225,0.0,0.016,,,,-0.016,,1,-1,0.615,0.385,34,25,35,25,2,1,11.0,3.0,7.0,2.0,2.87,1.3,-1.3,43.3,,,,,
CU,2024-08-16,73.4,-2.34,5.99,"Hendricks, Kyle",694388,543294,,ball,,,,,11,"Joey Loperfido grounds out, second baseman Nico Hoerner to first baseman Michael Busch.",R,L,R,CHC,TOR,B,,,0,1,2024,1.33,-0.62,-1.79,3.05,695238.0,676391.0,,2,4,Top,,,,,,,-1.1629771711653634,-106.74314807489134,2.432105811534858,10.335128115361924,20.239878341486907,-37.55390274721051,3.22,1.52,,,,71.8,2869,5.3,746843,665804,683737,663538,670623,621020,664023,691718,641355,55.2,,,,,,,,30,2,Curveball,2,1,1,2,1,2,1,2,Standard,Standard,44,0.0,0.037,,,,-0.037,,1,-1,0.615,0.385,34,25,35,25,2,1,11.0,3.0,7.0,2.0,4.89,-1.33,1.33,43.9,,,,,
SI,2024-08-16,86.7,-2.21,5.95,"Hendricks, Kyle",694388,543294,,foul,,,,,2,"Joey Loperfido grounds out, second baseman Nico Hoerner to first baseman Michael Busch.",R,L,R,CHC,TOR,S,,,0,0,2024,-1.14,0.57,0.04,3.19,695238.0,676391.0,,2,4,Top,,,,,,,7.591591913811907,-126.22506455021188,-1.6458897302695834,-13.663913821938234,22.774678828846703,-25.882724746362463,3.37,1.61,268.0,91.1,18.0,86.0,1960,5.6,746843,665804,683737,663538,670623,621020,664023,691718,641355,54.91,,,,,,,,30,1,Sinker,2,1,1,2,1,2,1,2,Standard,Standard,214,0.0,-0.046,57.1,6.1,,0.046,91.1,1,-1,0.615,0.385,34,25,35,25,2,1,11.0,3.0,7.0,2.0,2.43,1.14,-1.14,43.9,-0.8359634501817489,37.846887901659606,32.50729372088637,38.69038119051452,9.64230537917232
SI,2024-08-16,87.1,-2.24,5.97,"Hendricks, Kyle",676391,543294,single,hit_into_play,,,,,11,Ernie Clement singles on a ground ball to shortstop Dansby Swanson. Spencer Horwitz scores. Will Wagner to 3rd. Ernie Clement to 2nd. Throwing error by shortstop Dansby Swanson.,R,R,R,CHC,TOR,X,6.0,ground_ball,0,1,2024,-1.05,0.57,-1.09,2.52,687462.0,,695238.0,2,4,Top,116.01,162.06,,,,,4.839202541904189,-126.76986559916712,-3.268089173613606,-12.263201379228208,24.92873335765433,-25.586308386927268,3.27,1.55,23.0,47.3,-2.0,86.2,1972,5.6,746843,665804,683737,663538,670623,621020,664023,691718,641355,54.89,0.14,0.132,0.9,1.0,1.0,0.0,1.0,29,2,Sinker,2,0,0,2,1,2,1,2,Standard,Standard,211,-0.123,0.662,81.1,6.3,0.166,-0.662,88.0,2,-2,0.738,0.262,34,28,35,28,2,1,11.0,2.0,7.0,1.0,2.43,1.05,1.05,42.6,-10.373919440805826,-12.762832180797377,47.73872778506964,24.74039117059166,23.60914394743488
CH,2024-08-16,79.6,-2.16,6.05,"Hendricks, Kyle",676391,543294,,called_strike,,,,,6,Ernie Clement singles on a ground ball to shortstop Dansby Swanson. Spencer Horwitz scores. Will Wagner to 3rd. Ernie Clement to 2nd. Throwing error by shortstop Dansby Swanson.,R,R,R,CHC,TOR,S,,,0,0,2024,-0.37,0.94,0.66,2.52,687462.0,,695238.0,2,4,Top,,,,,,,6.771888998442317,-115.8455845679916,-2.7735275214764643,-4.582114234799936,20.81948675318408,-23.344447516484752,3.15,1.42,,,,78.6,1933,5.5,746843,665804,683737,663538,670623,621020,664023,691718,641355,55.02,,,,,,,,29,1,Changeup,2,0,0,2,0,2,0,2,Standard,Standard,226,0.0,-0.046,,,,0.046,,2,-2,0.738,0.262,34,28,35,28,2,1,11.0,2.0,7.0,1.0,2.64,0.37,0.37,44.9,,,,,
CH,2024-08-16,80.6,-2.25,6.02,"Hendricks, Kyle",695238,543294,force_out,hit_into_play,,,,,7,"Will Wagner grounds into a force out, pitcher Kyle Hendricks to shortstop Dansby Swanson. Spencer Horwitz to 3rd. Alejandro Kirk out at 2nd. Will Wagner to 1st.",R,L,R,CHC,TOR,X,1.0,ground_ball,1,1,2024,-1.28,0.68,-0.76,1.53,,687462.0,672386.0,1,4,Top,128.19,175.24,,,,,5.6191276015511455,-117.13134769212036,-4.509970362857874,-12.810479683886545,22.934175743396484,-25.20790985167486,3.32,1.51,4.0,64.6,-21.0,79.1,2096,5.4,746843,665804,683737,663538,670623,621020,664023,691718,641355,55.1,0.04,0.049,0.0,1.0,0.0,0.0,2.0,28,3,Changeup,2,0,0,2,0,2,0,2,Standard,Standard,228,0.048,-0.282,72.7,7.4,0.045,0.282,88.0,2,-2,0.69,0.31,34,25,35,26,2,1,11.0,3.0,7.0,1.0,2.84,1.28,-1.28,43.7,15.304036055405833,-7.837591897299588,35.11677459144635,44.92195630606842,32.3733781922184
SI,2024-08-16,87.0,-2.24,5.97,"Hendricks, Kyle",695238,543294,,called_strike,,,,,11,"Will Wagner grounds into a force out, pitcher Kyle Hendricks to shortstop Dansby Swanson. Spencer Horwitz to 3rd. Alejandro Kirk out at 2nd. Will Wagner to 1st.",R,L,R,CHC,TOR,S,,,1,0,2024,-1.08,0.58,-0.14,3.44,,687462.0,672386.0,1,4,Top,,,,,,,7.139306601069709,-126.54287465969476,-1.0381625029836188,-13.082046052328597,26.762198085335918,-25.93598815381884,3.2,1.46,,,,85.6,1921,5.5,746843,665804,683737,663538,670623,621020,664023,691718,641355,54.98,,,,,,,,28,2,Sinker,2,0,0,2,0,2,0,2,Standard,Standard,206,0.0,-0.054,,,,0.054,,2,-2,0.69,0.31,34,25,35,26,2,1,11.0,3.0,7.0,1.0,2.44,1.08,-1.08,43.1,,,,,
CH,2024-08-16,80.1,-2.33,6.02,"Hendricks, Kyle",695238,543294,,ball,,,,,11,"Will Wagner grounds into a force out, pitcher Kyle Hendricks to shortstop Dansby Swanson. Spencer Horwitz to 3rd. Alejandro Kirk out at 2nd. Will Wagner to 1st.",R,L,R,CHC,TOR,B,,,0,0,2024,-1.38,0.72,-1.29,2.78,,687462.0,672386.0,1,4,Top,,,,,,,4.796714866967225,-116.6018502416551,-1.762582805803067,-13.475663685268849,23.39242822421949,-25.497601587978124,3.14,1.42,,,,78.7,2038,5.4,746843,665804,683737,663538,670623,621020,664023,691718,641355,55.08,,,,,,,,28,1,Changeup,2,0,0,2,0,2,0,2,Standard,Standard,229,0.0,0.03,,,,-0.03,,2,-2,0.69,0.31,34,25,35,26,2,1,11.0,3.0,7.0,1.0,2.85,1.38,-1.38,43.8,,,,,
CH,2024-08-16,79.9,-2.17,6.08,"Hendricks, Kyle",672386,543294,fielders_choice,hit_into_play,,,,,14,"Alejandro Kirk reaches on a fielder's choice, fielded by pitcher Kyle Hendricks. Spencer Horwitz to 2nd. Spencer Horwitz advances to 2nd, on a throwing error by pitcher Kyle Hendricks.",R,R,R,CHC,TOR,X,1.0,ground_ball,1,2,2024,-0.43,0.94,0.95,1.53,,,687462.0,1,4,Top,127.18,185.04,,,,,7.556888590560706,-116.3161269120124,-5.14694759955803,-5.059034086895926,16.910106520491496,-22.857965491528017,3.1,1.48,13.0,77.7,-6.0,79.5,1962,5.5,746843,665804,683737,663538,670623,621020,664023,691718,641355,55.0,0.089,0.064,0.9,1.0,0.0,0.0,2.0,27,4,Changeup,2,0,0,2,0,2,0,2,Standard,Standard,225,-0.045,0.512,62.3,7.6,0.094,-0.512,88.0,2,-2,0.735,0.265,34,25,35,26,2,1,11.0,2.0,7.0,1.0,2.56,0.43,0.43,45.9,6.720345771863951,6.86277846137306,26.64198576080504,53.73649827843158,33.217739152485464
CU,2024-08-16,74.1,-2.23,5.99,"Hendricks, Kyle",672386,543294,,blocked_ball,,,,,14,"Alejandro Kirk reaches on a fielder's choice, fielded by pitcher Kyle Hendricks. Spencer Horwitz to 2nd. Spencer Horwitz advances to 2nd, on a throwing error by pitcher Kyle Hendricks.",R,R,R,CHC,TOR,B,,,0,2,2024,1.25,-0.98,1.47,0.68,,,687462.0,1,4,Top,,,,,,,5.281349021661426,-107.80674202444268,-1.8137251447432212,8.63531798125256,20.83979820821536,-39.63705605524849,2.89,1.44,,,,72.7,3016,5.5,746843,665804,683737,663538,670623,621020,664023,691718,641355,55.04,,,,,,,,27,3,Curveball,2,0,0,2,0,2,0,2,Standard,Standard,44,0.0,0.022,,,,-0.022,,2,-2,0.735,0.265,34,25,35,26,2,1,11.0,2.0,7.0,1.0,5.17,-1.25,-1.25,44.0,,,,,
SI,2024-08-16,87.3,-2.28,6.05,"Hendricks, Kyle",672386,543294,,foul,,,,,4,"Alejandro Kirk reaches on a fielder's choice, fielded by pitcher Kyle Hendricks. Spencer Horwitz to 2nd. Spencer Horwitz advances to 2nd, on a throwing error by pitcher Kyle Hendricks.",R,R,R,CHC,TOR,S,,,0,1,2024,-1.05,0.56,-0.58,2.14,,,687462.0,1,4,Top,,,,,,,6.153463061623387,-127.09905353953154,-4.413321943568391,-12.616949177351753,24.00131839441693,-25.42950642034257,3.1,1.48,,,,86.4,1955,5.5,746843,665804,683737,663538,670623,621020,664023,691718,641355,54.98,,,,,,,,27,2,Sinker,2,0,0,2,0,2,0,2,Standard,Standard,211,0.0,-0.052,69.3,6.5,,0.052,,2,-2,0.735,0.265,34,25,35,26,2,1,11.0,2.0,7.0,1.0,2.41,1.05,1.05,46.0,-6.550898882845257,23.60209154447501,29.838896515462885,36.91890634160057,22.59922562266122
SI,2024-08-16,86.9,-2.32,6.03,"Hendricks, Kyle",672386,543294,,foul,,,,,4,"Alejandro Kirk reaches on a fielder's choice, fielded by pitcher Kyle Hendricks. Spencer Horwitz to 2nd. Spencer Horwitz advances to 2nd, on a throwing error by pitcher Kyle Hendricks.",R,R,R,CHC,TOR,S,,,0,0,2024,-1.06,0.59,-0.35,2.59,,,687462.0,1,4,Top,,,,,,,6.75958353808208,-126.43394883494906,-3.3058111180981564,-12.685877793668082,22.189806796625216,-25.37180021612619,3.1,1.48,200.0,70.3,27.0,86.2,1945,5.5,746843,665804,683737,663538,670623,621020,664023,691718,641355,54.99,,,,,,,,27,1,Sinker,2,0,0,2,0,2,0,2,Standard,Standard,211,0.0,-0.04,71.5,6.2,,0.04,88.0,2,-2,0.735,0.265,34,25,35,26,2,1,11.0,2.0,7.0,1.0,2.4,1.06,1.06,43.9,-0.4694387816006943,22.926180305206323,25.007935446938824,38.885230338582176,25.365387303602944
FF,2024-08-16,88.2,-2.86,5.87,"Hendricks, Kyle",687462,543294,single,hit_into_play,,,,,1,Spencer Horwitz singles on a line drive to left fielder Ian Happ.,R,L,R,CHC,TOR,X,7.0,line_drive,3,2,2024,-0.3,1.09,-0.7,3.23,,,,1,4,Top,52.09,127.41,,,,,5.796606026152979,-128.4671885438996,-2.6659553248201133,-4.395396110593271,23.147491062180706,-19.69409112119876,3.59,1.73,204.0,83.1,17.0,87.5,2017,5.5,746843,665804,683737,663538,670623,621020,664023,691718,641355,55.0,0.971,0.915,0.9,1.0,1.0,0.0,4.0,26,6,4-Seam Fastball,2,0,0,2,0,2,0,2,Infield shade,Standard,215,-0.029,0.345,61.7,6.1,1.11,-0.345,88.0,2,-2,0.764,0.236,34,26,35,27,2,1,11.0,2.0,7.0,1.0,1.8,0.3,-0.3,41.4,4.389030877724719,24.44942714177742,31.617045967216058,39.87687345318452,17.726876484795007
SI,2024-08-16,87.0,-2.79,5.97,"Hendricks, Kyle",687462,543294,,called_strike,,,,,3,Spencer Horwitz singles on a line drive to left fielder Ian Happ.,R,L,R,CHC,TOR,S,,,3,1,2024,-0.97,0.67,0.36,3.5,,,,1,4,Top,,,,,,,9.387435877227457,-126.52379974274514,-1.2320422627653664,-12.12901110055653,20.887956868782883,-24.8513287491808,3.45,1.68,,,,86.4,1971,5.5,746843,665804,683737,663538,670623,621020,664023,691718,641355,54.98,,,,,,,,26,5,Sinker,2,0,0,2,0,2,0,2,Infield shade,Standard,208,0.0,-0.092,,,,0.092,,2,-2,0.764,0.236,34,26,35,27,2,1,11.0,2.0,7.0,1.0,2.3,0.97,-0.97,41.0,,,,,
CH,2024-08-16,80.7,-2.78,6.1,"Hendricks, Kyle",687462,543294,,ball,,,,,13,Spencer Horwitz singles on a line drive to left fielder Ian Happ.,R,L,R,CHC,TOR,B,,,2,1,2024,-1.05,0.77,-1.18,1.93,,,,1,4,Top,,,,,,,5.457569191922415,-117.46456287589515,-4.08420118980395,-10.699991725687898,20.33370994584913,-24.49130536978757,3.58,1.67,,,,79.8,1987,5.4,746843,665804,683737,663538,670623,621020,664023,691718,641355,55.08,,,,,,,,26,4,Changeup,2,0,0,2,0,2,0,2,Infield shade,Standard,225,0.0,0.122,,,,-0.122,,2,-2,0.764,0.236,34,26,35,27,2,1,11.0,2.0,7.0,1.0,2.71,1.05,-1.05,44.9,,,,,
SI,2024-08-16,86.9,-2.72,6.04,"Hendricks, Kyle",687462,543294,,ball,,,,,11,Spencer Horwitz singles on a line drive to left fielder Ian Happ.,R,L,R,CHC,TOR,B,,,1,1,2024,-0.84,0.5,-0.13,3.71,,,,1,4,Top,,,,,,,7.813347502926779,-126.5459728304741,-0.5195886797321514,-10.522385721929316,22.05173047237408,-26.79369187848232,3.53,1.68,,,,86.2,1934,5.5,746843,665804,683737,663538,670623,621020,664023,691718,641355,55.04,,,,,,,,26,3,Sinker,2,0,0,2,0,2,0,2,Standard,Standard,209,0.0,0.059,,,,-0.059,,2,-2,0.764,0.236,34,26,35,27,2,1,11.0,2.0,7.0,1.0,2.47,0.84,-0.84,43.6,,,,,
FF,2024-08-16,87.6,-2.86,5.95,"Hendricks, Kyle",687462,543294,,called_strike,,,,,11,Spencer Horwitz singles on a line drive to left fielder Ian Happ.,R,L,R,CHC,TOR,S,,,1,0,2024,-0.32,1.11,-1.08,2.55,,,,1,4,Top,,,,,,,4.910878168609621,-127.54859271186749,-4.425797644738003,-4.386125020355512,21.832931988894074,-19.279860837649466,3.44,1.66,,,,87.1,2058,5.6,746843,665804,683737,663538,670623,621020,664023,691718,641355,54.95,,,,,,,,26,2,4-Seam Fastball,2,0,0,2,0,2,0,2,Infield shade,Standard,215,0.0,-0.051,,,,0.051,,2,-2,0.764,0.236,34,26,35,27,2,1,11.0,2.0,7.0,1.0,1.81,0.32,-0.32,42.1,,,,,
CU,2024-08-16,73.0,-2.79,6.05,"Hendricks, Kyle",687462,543294,,ball,,,,,9,Spencer Horwitz singles on a line drive to left fielder Ian Happ.,R,L,R,CHC,TOR,B,,,0,0,2024,1.27,-0.86,0.7,2.04,,,,1,4,Top,,,,,,,4.7649703780478125,-106.20052166460192,0.7924282775422198,8.71808391068882,19.39826612489816,-39.029476295497886,3.26,1.54,,,,71.7,2960,5.4,746843,665804,683737,663538,670623,621020,664023,691718,641355,55.07,,,,,,,,26,1,Curveball,2,0,0,2,0,2,0,2,Standard,Standard,41,0.0,0.039,,,,-0.039,,2,-2,0.764,0.236,34,26,35,27,2,1,11.0,2.0,7.0,1.0,5.16,-1.27,1.27,43.5,,,,,
SI,2024-08-16,87.5,-2.72,6.01,"Hendricks, Kyle",665489,543294,field_out,hit_into_play,,,,,4,"Vladimir Guerrero Jr. grounds out, second baseman Nico Hoerner to first baseman Michael Busch.",R,R,R,CHC,TOR,X,4.0,ground_ball,1,1,2024,-0.98,0.46,-0.53,2.72,,,,0,4,Top,142.89,148.54,,,,,7.202980739523408,-127.31936032551717,-2.810365577311802,-12.047743722630706,22.500329652780017,-26.75184354027,3.66,1.64,142.0,99.7,7.0,86.8,1884,5.5,746843,665804,683737,663538,670623,621020,664023,691718,641355,54.97,0.634,0.603,0.0,1.0,0.0,0.0,4.0,25,3,Sinker,2,0,0,2,0,2,0,2,Standard,Standard,210,0.026,-0.243,74.2,7.0,0.751,0.243,99.7,2,-2,0.738,0.262,34,25,35,25,2,1,11.0,2.0,7.0,1.0,2.48,0.98,0.98,42.5,-2.783183695531464,15.317457825341627,25.57064432251364,35.62639248820706,27.49687785375455
CH,2024-08-16,79.8,-2.79,6.07,"Hendricks, Kyle",665489,543294,,foul,,,,,3,"Vladimir Guerrero Jr. grounds out, second baseman Nico Hoerner to first baseman Michael Busch.",R,R,R,CHC,TOR,S,,,1,0,2024,-0.34,1.06,0.41,3.16,,,,0,4,Top,,,,,,,7.552143047845987,-116.09440660716174,-1.697397724962432,-4.449230348104336,20.327147479441376,-22.466398037047878,3.66,1.64,5.0,49.2,-32.0,78.8,2164,5.5,746843,665804,683737,663538,670623,621020,664023,691718,641355,55.03,,,,,,,,25,2,Changeup,2,0,0,2,0,2,0,2,Standard,Standard,224,0.0,-0.049,79.0,8.6,,0.049,88.0,2,-2,0.738,0.262,34,25,35,25,2,1,11.0,2.0,7.0,1.0,2.51,0.34,0.34,44.5,18.728425012078507,-25.618042160323093,21.57914155326696,45.60932164950481,51.518884824661015
SI,2024-08-16,86.8,-2.74,6.03,"Hendricks, Kyle",665489,543294,,ball,,,,,2,"Vladimir Guerrero Jr. grounds out, second baseman Nico Hoerner to first baseman Michael Busch.",R,R,R,CHC,TOR,B,,,0,0,2024,-1.04,0.49,0.16,3.65,,,,0,4,Top,,,,,,,8.902966662617958,-126.26858993285292,-0.5486884093042281,-12.834082261135649,23.227148391072447,-27.03236108123021,3.59,1.66,,,,85.9,1977,5.5,746843,665804,683737,663538,670623,621020,664023,691718,641355,55.0,,,,,,,,25,1,Sinker,2,0,0,2,0,2,0,2,Standard,Standard,205,0.0,0.038,,,,-0.038,,2,-2,0.738,0.262,34,25,35,25,2,1,11.0,2.0,7.0,1.0,2.52,1.04,1.04,43.0,,,,,
CH,2024-08-16,81.7,-2.71,6.11,"Hendricks, Kyle",662139,543294,strikeout,swinging_strike,,,,,11,Daulton Varsho strikes out swinging.,R,L,R,CHC,TOR,S,2.0,,0,2,2024,-0.19,1.59,-0.9,3.16,,,,2,3,Top,,,,,,,4.378228749583335,-118.86457176919428,-3.093783860393063,-2.682813148499661,22.95657974003645,-16.72199981831488,3.36,1.56,,,,80.4,2032,5.4,746843,665804,683737,663538,670623,621020,664023,691718,641355,55.05,,0.0,0.0,1.0,0.0,0.0,,20,3,Changeup,2,0,0,2,0,2,0,2,Infield shade,Standard,226,0.01,-0.157,71.7,7.4,,0.157,,2,-2,0.762,0.238,34,27,35,28,2,1,11.0,2.0,7.0,1.0,1.83,0.19,-0.19,46.1,6.988211993060182,17.83139334055661,25.489264805677337,46.75878879491153,15.907507245364116
SI,2024-08-16,87.3,-2.77,5.94,"Hendricks, Kyle",662139,543294,,swinging_strike,,,,,3,Daulton Varsho strikes out swinging.,R,L,R,CHC,TOR,S,,,0,1,2024,-0.79,0.51,0.69,3.13,,,,2,3,Top,,,,,,,9.779104660504792,-126.88072552594356,-1.7243950080422272,-10.289634329681656,21.967240964252515,-26.510248515666586,3.36,1.56,,,,86.5,1874,5.5,746843,665804,683737,663538,670623,621020,664023,691718,641355,55.01,,,,,,,,20,2,Sinker,2,0,0,2,0,2,0,2,Infield shade,Standard,212,0.0,-0.058,75.9,6.8,,0.058,,2,-2,0.762,0.238,34,27,35,28,2,1,11.0,2.0,7.0,1.0,2.45,0.79,-0.79,42.3,3.677259394114436,13.121515497499022,33.38058411584587,27.855692546170275,22.332754195099174
CH,2024-08-16,80.7,-2.76,6.05,"Hendricks, Kyle",662139,543294,,foul,,,,,4,Daulton Varsho strikes out swinging.,R,L,R,CHC,TOR,S,,,0,0,2024,-1.32,0.72,-0.29,2.16,,,,2,3,Top,,,,,,,7.869297584914296,-117.37162002694603,-3.403518879984543,-13.589042294165036,19.59269241569968,-25.055276266003617,3.36,1.56,124.0,87.3,9.0,79.9,2096,5.5,746843,665804,683737,663538,670623,621020,664023,691718,641355,54.99,,,,,,,,20,1,Changeup,2,0,0,2,0,2,0,2,Standard,Standard,229,0.0,-0.041,72.4,8.5,,0.041,88.0,2,-2,0.762,0.238,34,27,35,28,2,1,11.0,2.0,7.0,1.0,2.75,1.32,-1.32,43.6,25.78265149824159,-18.78895692914345,33.51399970590595,41.49581902970441,42.825395835324656
FF,2024-08-16,87.2,-2.84,5.97,"Hendricks, Kyle",543807,543294,field_out,hit_into_play,,,,,5,"George Springer grounds out, third baseman Isaac Paredes to first baseman Michael Busch.",R,R,R,CHC,TOR,X,5.0,ground_ball,3,1,2024,-0.49,1.02,-0.26,2.9,,,,1,3,Top,95.22,160.82,,,,,7.103025437488649,-126.80302446413016,-3.304112861737667,-6.74709561046634,24.877487911590368,-20.658452675921502,3.68,1.7,27.0,102.4,-5.0,86.2,2015,5.6,746843,665804,683737,663538,670623,621020,664023,691718,641355,54.88,0.369,0.344,0.0,1.0,0.0,0.0,2.0,19,5,4-Seam Fastball,2,0,0,2,0,2,0,2,Standard,Standard,211,0.017,-0.424,78.8,7.5,0.407,0.424,102.4,2,-2,0.745,0.255,34,34,35,35,2,1,11.0,2.0,7.0,1.0,1.97,0.49,0.49,42.9,15.889718135276883,-4.1880462536393,29.493291250094376,35.81004473769387,28.20763764646865
SI,2024-08-16,87.1,-2.72,5.93,"Hendricks, Kyle",543807,543294,,foul,,,,,6,"George Springer grounds out, third baseman Isaac Paredes to first baseman Michael Busch.",R,R,R,CHC,TOR,S,,,3,0,2024,-0.86,0.37,0.44,2.92,,,,1,3,Top,,,,,,,9.225839453976583,-126.7019834949444,-1.8741600511656995,-11.002227591006278,22.13129021303589,-28.01044843447952,3.68,1.7,125.0,77.3,10.0,86.5,1945,5.6,746843,665804,683737,663538,670623,621020,664023,691718,641355,54.93,,,,,,,,19,4,Sinker,2,0,0,2,0,2,0,2,Standard,Standard,212,0.0,-0.081,76.9,7.1,,0.081,88.0,2,-2,0.745,0.255,34,34,35,35,2,1,11.0,2.0,7.0,1.0,2.6,0.86,0.86,43.1,1.6336097105065683,23.37464188597784,31.344581020498453,45.16740835625232,8.38466247837197
CH,2024-08-16,80.2,-2.67,6.09,"Hendricks, Kyle",543807,543294,,ball,,,,,14,"George Springer grounds out, third baseman Isaac Paredes to first baseman Michael Busch.",R,R,R,CHC,TOR,B,,,2,0,2024,-0.5,1.07,1.38,1.15,,,,1,3,Top,,,,,,,9.724169599860682,-116.45692123692533,-6.234910334611078,-6.156145170149638,19.143790782059103,-21.391521476783637,3.65,1.73,,,,79.4,2107,5.5,746843,665804,683737,663538,670623,621020,664023,691718,641355,54.95,,,,,,,,19,3,Changeup,2,0,0,2,0,2,0,2,Standard,Standard,231,0.0,0.139,,,,-0.139,,2,-2,0.745,0.255,34,34,35,35,2,1,11.0,2.0,7.0,1.0,2.45,0.5,0.5,45.9,,,,,
SI,2024-08-16,87.8,-2.72,6.01,"Hendricks, Kyle",543807,543294,,ball,,,,,11,"George Springer grounds out, third baseman Isaac Paredes to first baseman Michael Busch.",R,R,R,CHC,TOR,B,,,1,0,2024,-1.0,0.65,-1.43,2.87,,,,1,3,Top,,,,,,,5.109331371247492,-127.86691194300096,-2.8370367111063715,-11.972250940837718,24.36020727419266,-24.672411916994093,3.68,1.79,,,,86.9,1825,5.5,746843,665804,683737,663538,670623,621020,664023,691718,641355,54.99,,,,,,,,19,2,Sinker,2,0,0,2,0,2,0,2,Standard,Standard,213,0.0,0.072,,,,-0.072,,2,-2,0.745,0.255,34,34,35,35,2,1,11.0,2.0,7.0,1.0,2.29,1.0,1.0,43.9,,,,,
SI,2024-08-16,88.3,-2.77,6.02,"Hendricks, Kyle",543807,543294,,ball,,,,,11,"George Springer grounds out, third baseman Isaac Paredes to first baseman Michael Busch.",R,R,R,CHC,TOR,B,,,0,0,2024,-0.92,0.61,-1.69,3.13,,,,1,3,Top,,,,,,,4.4811542462071,-128.68900125876155,-2.303931484698853,-11.176216719205131,22.73574447647288,-25.056757654458245,3.7,1.79,,,,87.8,1855,5.5,746843,665804,683737,663538,670623,621020,664023,691718,641355,54.96,,,,,,,,19,1,Sinker,2,0,0,2,0,2,0,2,Standard,Standard,215,0.0,0.039,,,,-0.039,,2,-2,0.745,0.255,34,34,35,35,2,1,11.0,2.0,7.0,1.0,2.27,0.92,0.92,43.1,,,,,
SI,2024-08-16,88.4,-2.7,6.03,"Hendricks, Kyle",677870,543294,field_out,hit_into_play,,,,,5,"Leo Jiménez grounds out, third baseman Isaac Paredes to first baseman Michael Busch.",R,R,R,CHC,TOR,X,5.0,ground_ball,3,2,2024,-1.13,0.44,-0.18,2.18,,,,0,3,Top,109.94,178.45,,,,,8.387412260468732,-128.55800248091407,-4.2165880220697325,-14.270015680719656,24.96486198415854,-26.6071038315472,3.32,1.6,1.0,73.1,-61.0,87.5,2011,5.6,746843,665804,683737,663538,670623,621020,664023,691718,641355,54.88,0.317,0.298,0.0,1.0,0.0,0.0,2.0,18,8,Sinker,2,0,0,2,0,2,0,2,Standard,Standard,211,0.024,-0.333,68.3,6.3,0.341,0.333,88.0,2,-2,0.721,0.279,34,23,35,23,1,0,11.0,2.0,7.0,4.0,2.46,1.13,1.13,45.2,-8.730139355733217,19.960254175455084,38.21323044726128,35.25223043140694,23.31687384410782
SI,2024-08-16,88.5,-2.61,6.05,"Hendricks, Kyle",677870,543294,,foul,,,,,2,"Leo Jiménez grounds out, third baseman Isaac Paredes to first baseman Michael Busch.",R,R,R,CHC,TOR,S,,,3,2,2024,-1.12,0.57,-0.08,2.96,,,,0,3,Top,,,,,,,8.353021195009443,-128.77026108718192,-2.7217387731649723,-14.028188300767088,22.25293054356755,-25.42528608583863,3.32,1.6,267.0,81.2,27.0,87.8,2059,5.5,746843,665804,683737,663538,670623,621020,664023,691718,641355,54.99,,,,,,,,18,7,Sinker,2,0,0,2,0,2,0,2,Standard,Standard,210,0.0,0.0,65.7,5.9,,0.0,88.0,2,-2,0.721,0.279,34,23,35,23,1,0,11.0,2.0,7.0,4.0,2.3,1.12,1.12,45.5,-10.122894700179764,24.49621617430225,32.33794573921058,35.91162782454756,21.68326695829144
CU,2024-08-16,75.2,-2.71,5.99,"Hendricks, Kyle",677870,543294,,ball,,,,,14,"Leo Jiménez grounds out, third baseman Isaac Paredes to first baseman Michael Busch.",R,R,R,CHC,TOR,B,,,2,2,2024,1.05,-1.2,0.96,1.35,,,,0,3,Top,,,,,,,5.675591088204276,-109.37352418933222,-0.2830917838660918,7.255700627837084,20.946349193178843,-41.95610904649655,3.25,1.54,,,,73.9,3038,5.5,746843,665804,683737,663538,670623,621020,664023,691718,641355,54.99,,,,,,,,18,6,Curveball,2,0,0,2,0,2,0,2,Standard,Standard,45,0.0,0.107,,,,-0.107,,2,-2,0.721,0.279,34,23,35,23,1,0,11.0,2.0,7.0,4.0,5.27,-1.05,-1.05,41.9,,,,,
SI,2024-08-16,87.1,-2.74,5.99,"Hendricks, Kyle",677870,543294,,foul,,,,,11,"Leo Jiménez grounds out, third baseman Isaac Paredes to first baseman Michael Busch.",R,R,R,CHC,TOR,S,,,2,2,2024,-1.11,0.48,-0.83,3.06,,,,0,3,Top,,,,,,,6.770532214307348,-126.78746851676324,-1.917072256103584,-13.306270342792944,23.40625661599723,-26.746632279417373,3.32,1.6,104.0,55.1,14.0,86.5,1899,5.7,746843,665804,683737,663538,670623,621020,664023,691718,641355,54.85,,,,,,,,18,5,Sinker,2,0,0,2,0,2,0,2,Standard,Standard,211,0.0,0.0,56.9,5.3,,0.0,88.0,2,-2,0.721,0.279,34,23,35,23,1,0,11.0,2.0,7.0,4.0,2.49,1.11,1.11,43.0,-19.975184320347644,29.14479164420454,39.942787349151466,27.084531511162357,18.83681815674275
CH,2024-08-16,80.7,-2.69,6.06,"Hendricks, Kyle",677870,543294,,called_strike,,,,,8,"Leo Jiménez grounds out, third baseman Isaac Paredes to first baseman Michael Busch.",R,R,R,CHC,TOR,S,,,2,1,2024,-0.3,1.04,0.23,1.86,,,,0,3,Top,,,,,,,6.96289210467043,-117.35699051355654,-4.667265579529202,-3.996303257787879,19.84344642364579,-21.846249433073456,3.32,1.55,,,,79.9,2057,5.5,746843,665804,683737,663538,670623,621020,664023,691718,641355,54.98,,,,,,,,18,4,Changeup,2,0,0,2,0,2,0,2,Standard,Standard,228,0.0,-0.069,,,,0.069,,2,-2,0.721,0.279,34,23,35,23,1,0,11.0,2.0,7.0,4.0,2.43,0.3,0.3,44.2,,,,,
SI,2024-08-16,87.7,-2.8,6.01,"Hendricks, Kyle",677870,543294,,ball,,,,,11,"Leo Jiménez grounds out, third baseman Isaac Paredes to first baseman Michael Busch.",R,R,R,CHC,TOR,B,,,1,1,2024,-0.96,0.64,-1.22,2.67,,,,0,3,Top,,,,,,,5.69306275642464,-127.71369796964348,-3.3298753978977387,-11.59201351301702,22.706854743549457,-24.62988698369135,3.44,1.7,,,,87.1,1952,5.6,746843,665804,683737,663538,670623,621020,664023,691718,641355,54.94,,,,,,,,18,3,Sinker,2,0,0,2,0,2,0,2,Standard,Standard,212,0.0,0.053,,,,-0.053,,2,-2,0.721,0.279,34,23,35,23,1,0,11.0,2.0,7.0,4.0,2.28,0.96,0.96,42.8,,,,,
SI,2024-08-16,87.1,-2.7,5.96,"Hendricks, Kyle",677870,543294,,foul,,,,,5,"Leo Jiménez grounds out, third baseman Isaac Paredes to first baseman Michael Busch.",R,R,R,CHC,TOR,S,,,1,0,2024,-0.87,0.49,0.19,2.55,,,,0,3,Top,,,,,,,8.596202984761362,-126.62382338746907,-3.066656047540337,-10.976822524931553,22.702620051224667,-26.44871405087447,3.32,1.6,265.0,91.5,16.0,86.3,2001,5.5,746843,665804,683737,663538,670623,621020,664023,691718,641355,54.96,,,,,,,,18,2,Sinker,2,0,0,2,0,2,0,2,Standard,Standard,210,0.0,-0.049,67.1,6.0,,0.049,91.5,2,-2,0.721,0.279,34,23,35,23,1,0,11.0,2.0,7.0,4.0,2.49,0.87,0.87,42.8,-11.21476043812443,33.39677487244385,35.68072013055853,38.22404764929173,15.170958081380082
SI,2024-08-16,86.5,-2.62,6.03,"Hendricks, Kyle",677870,543294,,ball,,,,,14,"Leo Jiménez grounds out, third baseman Isaac Paredes to first baseman Michael Busch.",R,R,R,CHC,TOR,B,,,0,0,2024,-1.01,0.46,1.06,2.29,,,,0,3,Top,,,,,,,10.706506502749122,-125.66546874604104,-3.6862960085922047,-12.750792835825996,22.38663617705056,-26.703993419371,3.45,1.69,,,,86.0,1928,5.8,746843,665804,683737,663538,670623,621020,664023,691718,641355,54.73,,,,,,,,18,1,Sinker,2,0,0,2,0,2,0,2,Standard,Standard,210,0.0,0.038,,,,-0.038,,2,-2,0.721,0.279,34,23,35,23,1,0,11.0,2.0,7.0,4.0,2.56,1.01,1.01,45.4,,,,,
SI,2024-08-16,87.5,-2.25,5.93,"Hendricks, Kyle",694388,543294,strikeout,swinging_strike,,,,,3,Joey Loperfido strikes out swinging.,R,L,R,CHC,TOR,S,2.0,,1,2,2024,-1.15,0.73,0.5,3.46,,695238.0,676391.0,2,2,Top,,,,,,,8.864483746949446,-127.19846596103588,-1.382606542397193,-14.22360930517373,23.038439911941897,-24.08719331005589,3.37,1.61,,,,86.5,2031,5.5,746843,665804,683737,663538,670623,621020,664023,691718,641355,55.03,,0.0,0.0,1.0,0.0,0.0,,13,4,Sinker,2,0,0,2,0,2,0,2,Standard,Standard,216,0.043,-0.189,63.9,5.4,,0.189,,2,-2,0.711,0.289,34,25,35,25,1,0,11.0,3.0,7.0,2.0,2.22,1.15,-1.15,40.8,-10.294120363928196,40.21311064101029,36.06087491072597,33.320399029756615,6.828512733634955
CH,2024-08-16,82.4,-2.43,6.05,"Hendricks, Kyle",694388,543294,,blocked_ball,,,,,13,Joey Loperfido strikes out swinging.,R,L,R,CHC,TOR,B,,,0,2,2024,-1.16,0.71,-1.21,0.39,,695238.0,676391.0,2,2,Top,,,,,,,4.947759428623001,-119.81233872385252,-7.651137577520515,-12.153841813177154,21.37343320961553,-24.060867510235987,3.36,1.6,,,,81.4,2182,5.5,746843,665804,683737,663538,670623,621020,664023,691718,641355,55.02,,,,,,,,13,3,Changeup,2,0,0,2,0,2,0,2,Standard,Standard,231,0.0,0.003,,,,-0.003,,2,-2,0.711,0.289,34,25,35,25,1,0,11.0,3.0,7.0,2.0,2.63,1.16,-1.16,42.5,,,,,
SI,2024-08-16,88.0,-2.38,5.93,"Hendricks, Kyle",694388,543294,,called_strike,,,,,3,Joey Loperfido strikes out swinging.,R,L,R,CHC,TOR,S,,,0,1,2024,-0.94,0.75,0.69,2.87,,695238.0,676391.0,2,2,Top,,,,,,,9.245678214442815,-127.90294588711862,-2.908943790856912,-12.088373757261994,22.75489175543603,-23.49419923567408,3.2,1.51,,,,87.3,2037,5.6,746843,665804,683737,663538,670623,621020,664023,691718,641355,54.92,,,,,,,,13,2,Sinker,2,0,0,2,0,2,0,2,Infield shade,Standard,212,0.0,-0.046,,,,0.046,,2,-2,0.711,0.289,34,25,35,25,1,0,11.0,3.0,7.0,2.0,2.17,0.94,-0.94,42.4,,,,,
CH,2024-08-16,80.7,-2.4,6.1,"Hendricks, Kyle",694388,543294,,foul,,,,,8,Joey Loperfido strikes out swinging.,R,L,R,CHC,TOR,S,,,0,0,2024,-0.87,1.1,-0.13,1.79,,695238.0,676391.0,2,2,Top,,,,,,,6.591938330054601,-117.3893997784865,-5.006234195128996,-9.258146433699991,20.70746013152028,-21.22480143920032,3.37,1.61,173.0,92.9,13.0,79.7,2096,5.5,746843,665804,683737,663538,670623,621020,664023,691718,641355,55.04,,,,,,,,13,1,Changeup,2,0,0,2,0,2,0,2,Standard,Standard,228,0.0,-0.048,68.8,8.9,,0.048,92.9,2,-2,0.711,0.289,34,25,35,25,1,0,11.0,3.0,7.0,2.0,2.38,0.87,-0.87,46.8,28.59682855699995,-13.201886140939784,44.20667020452406,40.55921944230153,37.64911067645052
SI,2024-08-16,87.2,-2.45,5.95,"Hendricks, Kyle",676391,543294,single,hit_into_play,,,,,13,Ernie Clement singles on a line drive to center fielder Pete Crow-Armstrong. Will Wagner to 2nd.,R,R,R,CHC,TOR,X,8.0,line_drive,0,1,2024,-1.02,0.46,-0.22,1.39,,,695238.0,2,2,Top,118.23,81.15,,,,,7.338174278280878,-126.91126694091604,-5.823261760690063,-12.365524496365182,20.64515099145016,-26.270248254342427,3.27,1.55,206.0,94.1,11.0,86.8,2038,5.6,746843,665804,683737,663538,670623,621020,664023,691718,641355,54.93,0.826,0.77,0.9,1.0,1.0,0.0,4.0,12,2,Sinker,2,0,0,2,0,2,0,2,Standard,Standard,217,-0.021,0.404,,,0.926,-0.404,94.1,2,-2,0.732,0.268,34,28,35,28,1,0,11.0,2.0,7.0,1.0,2.48,1.02,1.02,42.2,,,,,
SI,2024-08-16,87.4,-2.45,5.92,"Hendricks, Kyle",676391,543294,,called_strike,,,,,14,Ernie Clement singles on a line drive to center fielder Pete Crow-Armstrong. Will Wagner to 2nd.,R,R,R,CHC,TOR,S,,,0,0,2024,-1.1,0.57,0.91,1.99,,,695238.0,2,2,Top,,,,,,,10.18414168609256,-126.85901903571371,-4.4776330139340486,-13.824632832099285,23.408355307420205,-25.25178662809811,3.21,1.49,,,,86.5,2047,5.7,746843,665804,683737,663538,670623,621020,664023,691718,641355,54.85,,,,,,,,12,1,Sinker,2,0,0,2,0,2,0,2,Standard,Standard,219,0.0,-0.047,,,,0.047,,2,-2,0.732,0.268,34,28,35,28,1,0,11.0,2.0,7.0,1.0,2.4,1.1,1.1,43.2,,,,,
CH,2024-08-16,82.2,-2.65,6.07,"Hendricks, Kyle",695238,543294,single,hit_into_play,,,,,8,Will Wagner singles on a line drive to center fielder Pete Crow-Armstrong.,R,L,R,CHC,TOR,X,8.0,line_drive,3,2,2024,-1.19,0.72,-0.24,1.66,,,,2,2,Top,147.93,94.67,,,,,7.639998764683631,-119.5231121996976,-4.792417193980961,-12.86313692774316,22.176611208821345,-24.547136921292616,3.32,1.51,172.0,102.9,8.0,81.2,2206,5.6,746843,665804,683737,663538,670623,621020,664023,691718,641355,54.94,0.68,0.627,0.9,1.0,1.0,0.0,4.0,11,6,Changeup,2,0,0,2,0,2,0,2,Infield shade,Standard,230,-0.013,0.263,74.0,7.2,0.779,-0.263,102.9,2,-2,0.745,0.255,34,25,35,26,1,0,11.0,3.0,7.0,1.0,2.65,1.19,-1.19,45.8,7.55218766494279,-2.072720312101281,36.42716462889546,39.09864967807614,26.469774081917564
CH,2024-08-16,81.3,-2.73,6.07,"Hendricks, Kyle",695238,543294,,foul,,,,,4,Will Wagner singles on a line drive to center fielder Pete Crow-Armstrong.,R,L,R,CHC,TOR,S,,,3,1,2024,-1.16,0.75,-0.46,2.18,,,,2,2,Top,,,,,,,7.196584526054096,-118.20193656714814,-3.501262103504297,-12.231712046256794,22.172584127902507,-24.63900873599448,3.32,1.51,167.0,67.0,63.0,80.2,2127,5.5,746843,665804,683737,663538,670623,621020,664023,691718,641355,54.96,,,,,,,,11,5,Changeup,2,0,0,2,0,2,0,2,Standard,Standard,234,0.0,-0.089,71.4,7.3,,0.089,88.0,2,-2,0.745,0.255,34,25,35,26,1,0,11.0,3.0,7.0,1.0,2.7,1.16,-1.16,45.2,17.579251269558966,-14.800383280900425,28.92485335409893,42.61533897777247,34.633539618891
SI,2024-08-16,87.6,-2.76,5.98,"Hendricks, Kyle",695238,543294,,ball,,,,,11,Will Wagner singles on a line drive to center fielder Pete Crow-Armstrong.,R,L,R,CHC,TOR,B,,,2,1,2024,-1.2,0.72,-0.59,3.68,,,,2,2,Top,,,,,,,7.598733384498468,-127.45347576881392,-0.9140431807525996,-14.651309729881696,25.554906047036862,-24.383028849189685,3.19,1.44,,,,86.4,2008,5.5,746843,665804,683737,663538,670623,621020,664023,691718,641355,54.99,,,,,,,,11,4,Sinker,2,0,0,2,0,2,0,2,Standard,Standard,218,0.0,0.112,,,,-0.112,,2,-2,0.745,0.255,34,25,35,26,1,0,11.0,3.0,7.0,1.0,2.25,1.2,-1.2,42.7,,,,,
CH,2024-08-16,81.9,-2.74,6.09,"Hendricks, Kyle",695238,543294,,ball,,,,,13,Will Wagner singles on a line drive to center fielder Pete Crow-Armstrong.,R,L,R,CHC,TOR,B,,,1,1,2024,-1.11,0.83,-1.1,2.3,,,,2,2,Top,,,,,,,5.756403961175278,-119.11387685206589,-3.5755995783704377,-11.649756040125895,22.35622420485839,-23.7938751720392,3.18,1.49,,,,80.8,2161,5.5,746843,665804,683737,663538,670623,621020,664023,691718,641355,54.96,,,,,,,,11,3,Changeup,2,0,0,2,0,2,0,2,Standard,Standard,228,0.0,0.058,,,,-0.058,,2,-2,0.745,0.255,34,25,35,26,1,0,11.0,3.0,7.0,1.0,2.57,1.11,-1.11,43.2,,,,,
FF,2024-08-16,87.2,-2.85,5.91,"Hendricks, Kyle",695238,543294,,called_strike,,,,,5,Will Wagner singles on a line drive to center fielder Pete Crow-Armstrong.,R,L,R,CHC,TOR,S,,,1,0,2024,-0.42,1.11,-0.06,2.43,,,,2,2,Top,,,,,,,7.453280838108842,-126.75061166486944,-4.427427062899449,-6.001232736272624,24.959658255105083,-19.453941841264285,3.18,1.43,,,,86.1,2022,5.5,746843,665804,683737,663538,670623,621020,664023,691718,641355,54.96,,,,,,,,11,2,4-Seam Fastball,2,0,0,2,0,2,0,2,Standard,Standard,219,0.0,-0.051,,,,0.051,,2,-2,0.745,0.255,34,25,35,26,1,0,11.0,3.0,7.0,1.0,1.88,0.42,-0.42,40.6,,,,,
FF,2024-08-16,86.8,-2.86,5.88,"Hendricks, Kyle",695238,543294,,ball,,,,,13,Will Wagner singles on a line drive to center fielder Pete Crow-Armstrong.,R,L,R,CHC,TOR,B,,,0,0,2024,-0.64,1.08,-0.97,2.32,,,,2,2,Top,,,,,,,5.768882514721942,-126.29688496888754,-4.502171785095996,-8.048623531069316,25.31617325486262,-19.92352997377609,3.19,1.5,,,,85.9,2044,5.7,746843,665804,683737,663538,670623,621020,664023,691718,641355,54.8,,,,,,,,11,1,4-Seam Fastball,2,0,0,2,0,2,0,2,Standard,Standard,213,0.0,0.04,,,,-0.04,,2,-2,0.745,0.255,34,25,35,26,1,0,11.0,3.0,7.0,1.0,1.94,0.64,-0.64,41.0,,,,,
SI,2024-08-16,88.9,-2.74,5.95,"Hendricks, Kyle",672386,543294,field_out,hit_into_play,,,,,11,"Alejandro Kirk grounds out, third baseman Isaac Paredes to first baseman Michael Busch.",R,R,R,CHC,TOR,X,5.0,ground_ball,1,2,2024,-0.99,0.4,-1.04,2.66,,,,1,2,Top,95.45,156.63,,,,,6.134324096316012,-129.39794297416043,-2.923199094346121,-12.317141431012711,23.309491196608203,-27.33056736793626,3.1,1.48,13.0,69.8,-11.0,88.2,2027,5.5,746843,665804,683737,663538,670623,621020,664023,691718,641355,54.99,0.034,0.037,0.0,1.0,0.0,0.0,2.0,10,4,Sinker,2,0,0,2,0,2,0,2,Standard,Standard,215,0.016,-0.182,70.8,6.4,0.034,0.182,88.0,2,-2,0.729,0.271,34,25,35,26,1,0,11.0,2.0,7.0,1.0,2.45,0.99,0.99,43.2,3.0243701075187355,-7.84352567723989,19.159849754482643,26.78506822999595,33.01214097346987
SI,2024-08-16,87.8,-2.8,5.96,"Hendricks, Kyle",672386,543294,,called_strike,,,,,8,"Alejandro Kirk grounds out, third baseman Isaac Paredes to first baseman Michael Busch.",R,R,R,CHC,TOR,S,,,1,1,2024,-1.0,0.35,-0.16,1.62,,,,1,2,Top,,,,,,,8.361839399370032,-127.63371909820964,-5.123922652770702,-12.5703312653973,23.0570836308719,-27.581244590773487,3.07,1.55,,,,87.2,1965,5.7,746843,665804,683737,663538,670623,621020,664023,691718,641355,54.79,,,,,,,,10,3,Sinker,2,0,0,2,0,2,0,2,Standard,Standard,216,0.0,-0.061,,,,0.061,,2,-2,0.729,0.271,34,25,35,26,1,0,11.0,2.0,7.0,1.0,2.59,1.0,1.0,43.0,,,,,
CH,2024-08-16,81.2,-2.69,6.06,"Hendricks, Kyle",672386,543294,,ball,,,,,14,"Alejandro Kirk grounds out, third baseman Isaac Paredes to first baseman Michael Busch.",R,R,R,CHC,TOR,B,,,0,1,2024,-0.07,1.0,1.04,0.76,,,,1,2,Top,,,,,,,8.341948334452875,-117.90947160570224,-7.111124282451817,-2.085527200482744,20.00298469191348,-21.68687902228692,2.94,1.45,,,,80.4,2161,5.6,746843,665804,683737,663538,670623,621020,664023,691718,641355,54.9,,,,,,,,10,2,Changeup,2,0,0,2,0,2,0,2,Standard,Standard,229,0.0,0.024,,,,-0.024,,2,-2,0.729,0.271,34,25,35,26,1,0,11.0,2.0,7.0,1.0,2.44,0.07,0.07,43.1,,,,,
SI,2024-08-16,88.2,-2.64,5.96,"Hendricks, Kyle",672386,543294,,called_strike,,,,,3,"Alejandro Kirk grounds out, third baseman Isaac Paredes to first baseman Michael Busch.",R,R,R,CHC,TOR,S,,,0,0,2024,-0.74,0.37,0.39,2.79,,,,1,2,Top,,,,,,,8.84080779917192,-128.2969152378359,-2.4614801221232128,-9.847393083945423,22.93860263819376,-27.77996092649136,2.94,1.49,,,,88.0,2060,5.9,746843,665804,683737,663538,670623,621020,664023,691718,641355,54.63,,,,,,,,10,1,Sinker,2,0,0,2,0,2,0,2,Standard,Standard,212,0.0,-0.037,,,,0.037,,2,-2,0.729,0.271,34,25,35,26,1,0,11.0,2.0,7.0,1.0,2.53,0.74,0.74,42.6,,,,,
CU,2024-08-16,74.7,-2.87,6.04,"Hendricks, Kyle",687462,543294,field_out,hit_into_play,,,,,13,Spencer Horwitz flies out to center fielder Pete Crow-Armstrong.,R,L,R,CHC,TOR,X,8.0,fly_ball,2,2,2024,1.31,-0.86,-0.14,1.46,,,,0,2,Top,136.17,40.31,,,,,3.262073800906144,-108.69190948114966,-0.6745839079566432,9.723811367329008,20.55593674940837,-39.04556372668436,3.59,1.73,392.0,96.3,31.0,73.3,2969,5.4,746843,665804,683737,663538,670623,621020,664023,691718,641355,55.1,0.171,0.31,0.0,1.0,0.0,0.0,5.0,9,5,Curveball,2,0,0,2,0,2,0,2,Infield shade,Standard,45,0.023,-0.227,72.1,7.5,0.603,0.227,96.3,2,-2,0.706,0.294,34,26,35,27,1,0,11.0,2.0,7.0,1.0,4.97,-1.31,1.31,42.7,13.221431361779416,-5.992988986359539,43.70879645074311,34.58699443598105,37.42131579216005
FF,2024-08-16,87.6,-2.85,6.01,"Hendricks, Kyle",687462,543294,,called_strike,,,,,11,Spencer Horwitz flies out to center fielder Pete Crow-Armstrong.,R,L,R,CHC,TOR,S,,,2,1,2024,-0.23,1.06,-1.02,3.11,,,,0,2,Top,,,,,,,4.807578456222399,-127.61127658474042,-3.103617844589326,-3.374479429138035,23.61840571677916,-20.1166270585617,3.46,1.67,,,,86.8,1975,5.5,746843,665804,683737,663538,670623,621020,664023,691718,641355,54.99,,,,,,,,9,4,4-Seam Fastball,2,0,0,2,0,2,0,2,Infield shade,Standard,214,0.0,-0.069,,,,0.069,,2,-2,0.706,0.294,34,26,35,27,1,0,11.0,2.0,7.0,1.0,1.88,0.23,-0.23,40.8,,,,,
CH,2024-08-16,81.2,-2.72,6.06,"Hendricks, Kyle",687462,543294,,ball,,,,,13,Spencer Horwitz flies out to center fielder Pete Crow-Armstrong.,R,L,R,CHC,TOR,B,,,1,1,2024,-1.26,0.52,-0.22,0.41,,,,0,2,Top,,,,,,,7.891801761951067,-117.93058154050676,-6.986666313488386,-13.213806790413,21.24197779676889,-26.143132256899516,3.59,1.69,,,,80.4,2092,5.7,746843,665804,683737,663538,670623,621020,664023,691718,641355,54.79,,,,,,,,9,3,Changeup,2,0,0,2,0,2,0,2,Infield shade,Standard,228,0.0,0.053,,,,-0.053,,2,-2,0.706,0.294,34,26,35,27,1,0,11.0,2.0,7.0,1.0,2.93,1.26,-1.26,43.9,,,,,
SI,2024-08-16,86.2,-2.8,6.12,"Hendricks, Kyle",687462,543294,,ball,,,,,13,Spencer Horwitz flies out to center fielder Pete Crow-Armstrong.,R,L,R,CHC,TOR,B,,,0,1,2024,-1.11,0.68,-1.13,1.54,,,,0,2,Top,,,,,,,6.128793435122356,-125.31999263062096,-5.97181898433607,-12.870982689476572,24.15671044128559,-23.999014991441666,3.55,1.68,,,,85.2,1946,5.6,746843,665804,683737,663538,670623,621020,664023,691718,641355,54.9,,,,,,,,9,2,Sinker,2,0,0,2,0,2,0,2,Infield shade,Standard,208,0.0,0.025,,,,-0.025,,2,-2,0.706,0.294,34,26,35,27,1,0,11.0,2.0,7.0,1.0,2.38,1.11,-1.11,45.9,,,,,
FF,2024-08-16,86.5,-2.78,5.99,"Hendricks, Kyle",687462,543294,,called_strike,,,,,8,Spencer Horwitz flies out to center fielder Pete Crow-Armstrong.,R,L,R,CHC,TOR,S,,,0,0,2024,-0.46,1.16,0.1,2.08,,,,0,2,Top,,,,,,,7.681398810902944,-125.77347027871144,-5.4144999141912695,-6.3332274618290905,24.317747926702207,-18.92338132149312,3.39,1.58,,,,85.5,1960,5.6,746843,665804,683737,663538,670623,621020,664023,691718,641355,54.92,,,,,,,,9,1,4-Seam Fastball,2,0,0,2,0,2,0,2,Infield shade,Standard,213,0.0,-0.037,,,,0.037,,2,-2,0.706,0.294,34,26,35,27,1,0,11.0,2.0,7.0,1.0,1.88,0.46,-0.46,42.0,,,,,
SI,2024-08-16,87.4,-2.8,5.94,"Hendricks, Kyle",665489,543294,field_out,hit_into_play,,,,,13,"Vladimir Guerrero Jr. grounds out, third baseman Isaac Paredes to first baseman Michael Busch.",R,R,R,CHC,TOR,X,5.0,ground_ball,0,1,2024,-1.18,0.39,-1.13,2.16,,,,2,1,Top,96.46,167.58,,,,,6.350703676023929,-127.1124600991468,-3.75113480872223,-14.114031597071708,25.06506991752138,-27.43238691501519,3.66,1.64,5.0,98.7,-22.0,86.4,1862,5.6,746843,665804,683737,663538,670623,621020,664023,691718,641355,54.9,0.123,0.119,0.0,1.0,0.0,0.0,2.0,3,2,Sinker,0,0,0,0,0,0,0,0,Standard,Standard,213,0.01,-0.215,75.9,7.6,0.123,0.215,98.7,0,0,0.537,0.463,34,25,35,25,1,0,11.0,2.0,7.0,1.0,2.59,1.18,1.18,42.5,8.041819766605224,-9.056380854528014,33.83183132573077,28.750479647935077,33.87423159262681
SI,2024-08-16,87.2,-2.76,5.96,"Hendricks, Kyle",665489,543294,,called_strike,,,,,2,"Vladimir Guerrero Jr. grounds out, third baseman Isaac Paredes to first baseman Michael Busch.",R,R,R,CHC,TOR,S,,,0,0,2024,-1.18,0.51,0.06,3.24,,,,2,1,Top,,,,,,,9.074963385193085,-126.7232263218834,-1.4572512686270964,-14.547456807092436,23.862144065847943,-26.52557258173977,3.61,1.73,,,,86.3,1906,5.6,746843,665804,683737,663538,670623,621020,664023,691718,641355,54.89,,,,,,,,3,1,Sinker,0,0,0,0,0,0,0,0,Standard,Standard,215,0.0,-0.041,,,,0.041,,0,0,0.537,0.463,34,25,35,25,1,0,11.0,2.0,7.0,1.0,2.47,1.18,1.18,42.6,,,,,
CH,2024-08-16,81.7,-2.74,6.08,"Hendricks, Kyle",662139,543294,field_out,hit_into_play,,,,,7,"Daulton Varsho grounds out, first baseman Michael Busch to pitcher Kyle Hendricks.",R,L,R,CHC,TOR,X,3.0,ground_ball,1,1,2024,-1.35,0.38,-0.7,1.49,,,,1,1,Top,127.25,201.49,,,,,7.074810575428964,-118.73316522462387,-4.42531373816239,-14.108475214536124,22.244785727482665,-27.91748190347653,3.36,1.56,7.0,72.3,-12.0,80.5,2154,5.5,746843,665804,683737,663538,670623,621020,664023,691718,641355,55.01,0.04,0.055,0.0,1.0,0.0,0.0,2.0,2,3,Changeup,0,0,0,0,0,0,0,0,Standard,Standard,228,0.015,-0.243,70.9,8.5,0.04,0.243,88.0,0,0,0.522,0.478,34,27,35,28,1,0,11.0,2.0,7.0,1.0,3.04,1.35,-1.35,44.1,18.05986002705722,-7.255580871974643,35.13354713965912,46.300431377333126,31.745151039554347
CH,2024-08-16,80.9,-2.77,6.12,"Hendricks, Kyle",662139,543294,,ball,,,,,13,"Daulton Varsho grounds out, first baseman Michael Busch to pitcher Kyle Hendricks.",R,L,R,CHC,TOR,B,,,0,1,2024,-1.3,0.42,-1.31,2.39,,,,1,1,Top,,,,,,,5.64253477227109,-117.7453580152507,-2.5154905893878547,-13.153809925133764,20.38809377010181,-27.99916697594156,3.38,1.54,,,,80.1,2103,5.5,746843,665804,683737,663538,670623,621020,664023,691718,641355,54.99,,,,,,,,2,2,Changeup,0,0,0,0,0,0,0,0,Standard,Standard,229,0.0,0.024,,,,-0.024,,0,0,0.522,0.478,34,27,35,28,1,0,11.0,2.0,7.0,1.0,3.04,1.3,-1.3,44.2,,,,,
FF,2024-08-16,87.7,-2.77,6.02,"Hendricks, Kyle",662139,543294,,foul,,,,,1,"Daulton Varsho grounds out, first baseman Michael Busch to pitcher Kyle Hendricks.",R,L,R,CHC,TOR,S,,,0,0,2024,-0.28,1.49,-0.33,3.03,,,,1,1,Top,,,,,,,6.414208696690978,-127.6231322157967,-4.149982627549356,-4.376896528951231,25.19353082757979,-15.176004046268012,3.36,1.56,219.0,71.6,30.0,86.8,2049,5.6,746843,665804,683737,663538,670623,621020,664023,691718,641355,54.88,,,,,,,,2,1,4-Seam Fastball,0,0,0,0,0,0,0,0,Standard,Standard,212,0.0,-0.037,72.3,6.9,,0.037,88.0,0,0,0.522,0.478,34,27,35,28,1,0,11.0,2.0,7.0,1.0,1.46,0.28,-0.28,42.5,6.448421713282705,18.226821403553547,28.53383019637034,40.24317646390027,18.632494352957888
CH,2024-08-16,81.2,-2.76,6.07,"Hendricks, Kyle",543807,543294,field_out,hit_into_play,,,,,6,"George Springer grounds out, third baseman Isaac Paredes to first baseman Michael Busch.",R,R,R,CHC,TOR,X,5.0,ground_ball,2,2,2024,-0.3,1.0,0.37,2.4,,,,0,1,Top,86.53,143.4,,,,,7.479464244276124,-118.05111177326842,-3.507076209135236,-4.11017223949285,20.818752003428603,-22.316119904578876,3.68,1.7,102.0,96.8,6.0,80.4,2158,5.6,746843,665804,683737,663538,670623,621020,664023,691718,641355,54.88,0.557,0.523,0.0,1.0,0.0,0.0,4.0,1,6,Changeup,0,0,0,0,0,0,0,0,Standard,Standard,231,0.022,-0.227,,,0.64,0.227,96.8,0,0,0.5,0.5,34,34,35,35,1,0,11.0,2.0,7.0,1.0,2.44,0.3,0.3,43.5,,,,,
CH,2024-08-16,81.0,-2.8,6.08,"Hendricks, Kyle",543807,543294,,foul,,,,,6,"George Springer grounds out, third baseman Isaac Paredes to first baseman Michael Busch.",R,R,R,CHC,TOR,S,,,2,2,2024,-0.32,1.01,0.63,2.57,,,,0,1,Top,,,,,,,8.138702961843887,-117.78244075297368,-3.1840273303615736,-4.33368864483064,19.59768300267096,-22.27328937543953,3.68,1.7,3.0,66.4,-39.0,80.3,2219,5.6,746843,665804,683737,663538,670623,621020,664023,691718,641355,54.94,,,,,,,,1,5,Changeup,0,0,0,0,0,0,0,0,Standard,Standard,230,0.0,0.0,,,,0.0,88.0,0,0,0.5,0.5,34,34,35,35,1,0,11.0,2.0,7.0,1.0,2.43,0.32,0.32,43.7,,,,,
SI,2024-08-16,87.8,-2.75,6.02,"Hendricks, Kyle",543807,543294,,foul,,,,,7,"George Springer grounds out, third baseman Isaac Paredes to first baseman Michael Busch.",R,R,R,CHC,TOR,S,,,2,1,2024,-1.24,0.58,-0.47,1.79,,,,0,1,Top,,,,,,,7.95322573030887,-127.64453504620552,-5.320118317343131,-15.082644870299038,21.979991794389974,-25.016109263469488,3.68,1.7,,,,87.2,2002,5.6,746843,665804,683737,663538,670623,621020,664023,691718,641355,54.89,,,,,,,,1,4,Sinker,0,0,0,0,0,0,0,0,Standard,Standard,214,0.0,-0.069,75.3,7.4,,0.069,,0,0,0.5,0.5,34,34,35,35,1,0,11.0,2.0,7.0,1.0,2.35,1.24,1.24,42.9,6.797037609373784,2.990549437180427,42.50735537611459,32.32831931252574,16.78064739532537
SI,2024-08-16,86.5,-2.79,5.98,"Hendricks, Kyle",543807,543294,,called_strike,,,,,9,"George Springer grounds out, third baseman Isaac Paredes to first baseman Michael Busch.",R,R,R,CHC,TOR,S,,,2,0,2024,-1.42,0.77,0.74,1.85,,,,0,1,Top,,,,,,,11.141182348989686,-125.60087861788872,-5.217598587528776,-17.059940095226388,21.263624640403744,-23.16218081711376,3.56,1.61,,,,86.0,2028,5.7,746843,665804,683737,663538,670623,621020,664023,691718,641355,54.8,,,,,,,,1,3,Sinker,0,0,0,0,0,0,0,0,Standard,Standard,214,0.0,-0.065,,,,0.065,,0,0,0.5,0.5,34,34,35,35,1,0,11.0,2.0,7.0,1.0,2.25,1.42,1.42,42.0,,,,,
SI,2024-08-16,86.0,-2.68,6.08,"Hendricks, Kyle",543807,543294,,ball,,,,,14,"George Springer grounds out, third baseman Isaac Paredes to first baseman Michael Busch.",R,R,R,CHC,TOR,B,,,1,0,2024,-1.13,0.5,1.38,1.18,,,,0,1,Top,,,,,,,11.72092694329352,-124.6712861835929,-6.3989913738852415,-13.871503699332052,20.639595770586716,-25.843158450311535,3.57,1.61,,,,85.4,2004,5.7,746843,665804,683737,663538,670623,621020,664023,691718,641355,54.75,,,,,,,,1,2,Sinker,0,0,0,0,0,0,0,0,Standard,Standard,211,0.0,0.069,,,,-0.069,,0,0,0.5,0.5,34,34,35,35,1,0,11.0,2.0,7.0,1.0,2.56,1.13,1.13,44.8,,,,,
SI,2024-08-16,86.5,-2.62,6.02,"Hendricks, Kyle",543807,543294,,ball,,,,,14,"George Springer grounds out, third baseman Isaac Paredes to first baseman Michael Busch.",R,R,R,CHC,TOR,B,,,0,0,2024,-1.28,0.7,1.25,1.58,,,,0,1,Top,,,,,,,11.697366624407977,-125.50799506969337,-5.856718853902477,-15.564167058450437,19.69614835789036,-23.813233481076963,3.61,1.62,,,,86.4,2051,5.9,746843,665804,683737,663538,670623,621020,664023,691718,641355,54.62,,,,,,,,1,1,Sinker,0,0,0,0,0,0,0,0,Standard,Standard,213,0.0,0.038,,,,-0.038,,0,0,0.5,0.5,34,34,35,35,1,0,11.0,2.0,7.0,1.0,2.31,1.28,1.28,43.3,,,,,
CH,2024-08-05,80.3,-2.67,6.03,"Hendricks, Kyle",596146,543294,field_out,hit_into_play,,,,,13,Max Kepler pops out to third baseman Isaac Paredes.,R,L,R,CHC,MIN,X,5.0,popup,0,2,2024,-1.26,0.59,-0.89,2.11,,,,2,6,Top,111.39,171.98,,,,,6.2200555755490745,-116.89103958804957,-3.092902494362783,-12.72105101577398,21.13927031554431,-26.38970743972937,3.54,1.64,95.0,66.5,71.0,79.4,2225,5.5,746847,665804,683737,663538,670623,621020,664023,691718,643565,54.96,0.001,0.0,0.0,1.0,0.0,0.0,3.0,42,3,Changeup,0,2,2,0,2,0,2,0,Infield shade,Standard,228,0.008,-0.157,68.3,7.7,0.001,0.157,88.0,-2,2,0.24,0.76,34,31,35,31,3,2,5.0,1.0,11.0,1.0,2.93,1.26,-1.26,43.1,8.08879484979522,-7.911083350323524,25.52150016023868,50.64818722544267,40.9630503834729
SI,2024-08-05,87.1,-2.7,5.92,"Hendricks, Kyle",596146,543294,,foul,,,,,12,Max Kepler pops out to third baseman Isaac Paredes.,R,L,R,CHC,MIN,S,,,0,1,2024,-1.08,0.63,1.06,2.81,,,,2,6,Top,,,,,,,11.070480745433912,-126.54624872838336,-2.641226673914093,-13.693564924899349,22.162978323764523,-24.971111940465452,3.54,1.64,,,,86.4,2058,5.6,746847,665804,683737,663538,670623,621020,664023,691718,643565,54.91,,,,,,,,42,2,Sinker,0,2,2,0,2,0,2,0,Standard,Standard,213,0.0,-0.058,22.8,4.8,,0.058,,-2,2,0.24,0.76,34,31,35,31,3,2,5.0,1.0,11.0,1.0,2.34,1.08,-1.08,43.3,-21.66292030424382,40.13817491967701,33.94011930002836,25.636852482998183,9.164426556441567
CU,2024-08-05,74.4,-2.8,5.95,"Hendricks, Kyle",596146,543294,,called_strike,,,,,7,Max Kepler pops out to third baseman Isaac Paredes.,R,L,R,CHC,MIN,S,,,0,0,2024,1.36,-0.81,-0.6,2.05,,,,2,6,Top,,,,,,,2.0841655194811253,-108.27477005706052,0.7097013316979988,10.219586880216378,21.40414051804386,-38.839584402995925,3.45,1.55,,,,72.9,3005,5.4,746847,665804,683737,663538,670623,621020,664023,691718,643565,55.07,,,,,,,,42,1,Curveball,0,2,2,0,2,0,2,0,Standard,Standard,47,0.0,-0.041,,,,0.041,,-2,2,0.24,0.76,34,31,35,31,3,2,5.0,1.0,11.0,1.0,4.97,-1.36,1.36,42.2,,,,,
CU,2024-08-05,74.8,-2.76,5.93,"Hendricks, Kyle",670242,543294,strikeout,swinging_strike,,,,,13,Matt Wallner strikes out swinging.,R,L,R,CHC,MIN,S,2.0,,0,2,2024,1.3,-0.86,-0.76,1.46,,,,1,6,Top,,,,,,,1.8037824019394968,-108.84500044676444,-0.4625380581031464,9.87019882842049,21.02965298384245,-39.08984133942497,3.73,1.76,,,,73.4,3055,5.5,746847,665804,683737,663538,670623,621020,664023,691718,643565,55.0,,0.0,0.0,1.0,0.0,0.0,,41,4,Curveball,0,2,2,0,2,0,2,0,Standard,Standard,44,0.012,-0.162,67.7,8.4,,0.162,,-2,2,0.228,0.772,34,26,35,27,3,2,5.0,1.0,11.0,2.0,4.97,-1.3,1.3,42.8,22.53293762844331,-7.7896306226794465,31.26488908439901,51.81345715220026,41.54387912622623
FF,2024-08-05,87.7,-2.82,5.91,"Hendricks, Kyle",670242,543294,,foul,,,,,6,Matt Wallner strikes out swinging.,R,L,R,CHC,MIN,S,,,0,2,2024,-0.78,1.06,0.61,2.88,,,,1,6,Top,,,,,,,9.724388881339005,-127.37461215414156,-3.3302521499114217,-10.43751649349255,26.17577215039817,-20.105012106372907,3.73,1.76,125.0,55.2,23.0,86.3,2099,5.5,746847,665804,683737,663538,670623,621020,664023,691718,643565,55.01,,,,,,,,41,3,4-Seam Fastball,0,2,2,0,2,0,2,0,Standard,Standard,219,0.0,0.0,72.9,5.1,,0.0,88.0,-2,2,0.228,0.772,34,26,35,27,3,2,5.0,1.0,11.0,2.0,1.91,0.78,-0.78,40.9,-18.56488236695324,35.159588186116224,40.17458511423901,34.84911616937016,22.951997136003065
SI,2024-08-05,87.3,-2.76,5.94,"Hendricks, Kyle",670242,543294,,called_strike,,,,,6,Matt Wallner strikes out swinging.,R,L,R,CHC,MIN,S,,,0,1,2024,-1.04,0.77,0.67,2.72,,,,1,6,Top,,,,,,,10.228349187438466,-126.84207337610434,-3.200928323035699,-13.201820765454348,22.584407149173984,-23.364308413620037,3.49,1.73,,,,86.6,2025,5.6,746847,665804,683737,663538,670623,621020,664023,691718,643565,54.88,,,,,,,,41,2,Sinker,0,2,2,0,2,0,2,0,Standard,Standard,210,0.0,-0.057,,,,0.057,,-2,2,0.228,0.772,34,26,35,27,3,2,5.0,1.0,11.0,2.0,2.2,1.04,-1.04,41.6,,,,,
CH,2024-08-05,80.0,-2.71,6.06,"Hendricks, Kyle",670242,543294,,foul,,,,,8,Matt Wallner strikes out swinging.,R,L,R,CHC,MIN,S,,,0,0,2024,-1.05,0.38,-0.16,2.2,,,,1,6,Top,,,,,,,7.48042722765411,-116.41070683946448,-2.5940432546661936,-10.881900723495534,19.05631955375644,-28.391480200937927,3.73,1.76,168.0,68.3,63.0,79.3,2129,5.5,746847,665804,683737,663538,670623,621020,664023,691718,643565,54.96,,,,,,,,41,1,Changeup,0,2,2,0,2,0,2,0,Standard,Standard,219,0.0,-0.037,72.7,7.4,,0.037,88.0,-2,2,0.228,0.772,34,26,35,27,3,2,5.0,1.0,11.0,2.0,3.14,1.05,-1.05,42.2,6.194575963563991,-15.214579334617834,39.499883535190094,44.185025841042496,41.99819717805201
CU,2024-08-05,73.4,-2.71,5.97,"Hendricks, Kyle",668904,543294,field_out,hit_into_play,,,,,9,"Royce Lewis grounds out, third baseman Isaac Paredes to first baseman Michael Busch.",R,R,R,CHC,MIN,X,5.0,ground_ball,0,0,2024,1.22,-0.63,0.61,1.65,,,,0,6,Top,101.65,163.57,,,,,4.553645032745367,-106.8314517243036,-0.3065105819819089,8.43275436868323,19.60691762279155,-37.16504158292657,3.45,1.68,112.0,79.4,10.0,72.3,2855,5.6,746847,665804,683737,663538,670623,621020,664023,691718,643565,54.88,0.38,0.342,0.0,1.0,0.0,0.0,4.0,40,1,Curveball,0,2,2,0,2,0,2,0,Standard,Standard,46,0.017,-0.254,78.7,8.5,0.416,0.254,88.0,-2,2,0.211,0.789,34,25,35,25,3,2,5.0,1.0,11.0,1.0,4.88,-1.22,-1.22,44.6,12.70718353686758,-19.202049073446013,32.47951022739624,41.57357143174983,38.60019202510694
CH,2024-08-05,81.3,-2.65,6.04,"Hendricks, Kyle",663616,543294,strikeout,swinging_strike,,,,,7,Trevor Larnach strikes out swinging.,R,L,R,CHC,MIN,S,2.0,,1,2,2024,-1.22,0.59,-0.75,1.98,,,,2,5,Top,,,,,,,6.488670862105367,-118.33394354587672,-3.660981525061418,-12.624997587851272,20.00684747522481,-26.17867228359653,3.86,1.76,,,,80.5,2177,5.5,746847,665804,683737,663538,670623,621020,664023,691718,643565,55.04,,0.0,0.0,1.0,0.0,0.0,,34,4,Changeup,0,2,2,0,2,0,2,0,Infield shade,Standard,228,0.008,-0.18,71.5,7.9,,0.18,,-2,2,0.269,0.731,34,27,35,27,3,2,5.0,1.0,11.0,2.0,2.83,1.22,-1.22,43.1,20.22501380954636,-19.25407254643269,38.81904690642234,44.52327147893576,46.48728037805803
CU,2024-08-05,75.0,-2.87,5.85,"Hendricks, Kyle",663616,543294,,ball,,,,,13,Trevor Larnach strikes out swinging.,R,L,R,CHC,MIN,B,,,0,2,2024,1.23,-1.01,-0.53,0.5,,,,2,5,Top,,,,,,,2.627478302514639,-109.18541130123258,-2.101310567857521,9.343289784167098,19.985642869065742,-40.04421515031792,3.8,1.7,,,,73.9,3006,5.5,746847,665804,683737,663538,670623,621020,664023,691718,643565,54.98,,,,,,,,34,3,Curveball,0,2,2,0,2,0,2,0,Infield shade,Standard,41,0.0,0.023,,,,-0.023,,-2,2,0.269,0.731,34,27,35,27,3,2,5.0,1.0,11.0,2.0,5.07,-1.23,1.23,40.4,,,,,
FF,2024-08-05,88.2,-2.83,5.79,"Hendricks, Kyle",663616,543294,,called_strike,,,,,7,Trevor Larnach strikes out swinging.,R,L,R,CHC,MIN,S,,,0,1,2024,-0.37,1.23,-0.55,2.31,,,,2,5,Top,,,,,,,6.231750027611155,-128.3436730194234,-4.935173476560012,-5.252009272137357,23.419008306958823,-17.7533392847058,3.76,1.69,,,,87.5,2087,5.6,746847,665804,683737,663538,670623,621020,664023,691718,643565,54.92,,,,,,,,34,2,4-Seam Fastball,0,2,2,0,2,0,2,0,Standard,Standard,218,0.0,-0.058,,,,0.058,,-2,2,0.269,0.731,34,27,35,27,3,2,5.0,1.0,11.0,2.0,1.67,0.37,-0.37,39.2,,,,,
SI,2024-08-05,86.9,-2.68,5.87,"Hendricks, Kyle",663616,543294,,called_strike,,,,,2,Trevor Larnach strikes out swinging.,R,L,R,CHC,MIN,S,,,0,0,2024,-1.08,0.49,0.25,3.23,,,,2,5,Top,,,,,,,9.134658420651563,-126.33265994817052,-1.2108004660075835,-13.286251580013367,21.33036976341292,-26.82345553790788,3.71,1.71,,,,86.5,1988,5.7,746847,665804,683737,663538,670623,621020,664023,691718,643565,54.8,,,,,,,,34,1,Sinker,0,2,2,0,2,0,2,0,Standard,Standard,213,0.0,-0.041,,,,0.041,,-2,2,0.269,0.731,34,27,35,27,3,2,5.0,1.0,11.0,2.0,2.49,1.08,-1.08,41.2,,,,,
CH,2024-08-05,81.6,-2.72,6.04,"Hendricks, Kyle",650489,543294,field_out,hit_into_play,,,,,7,Willi Castro grounds out to first baseman Michael Busch.,R,L,R,CHC,MIN,X,3.0,ground_ball,2,2,2024,-1.19,0.6,-0.55,1.73,,,,1,5,Top,148.26,174.5,,,,,7.0568871542780895,-118.7191559024718,-4.253813551302896,-12.563511074093489,21.29798050739201,-25.8740863933213,3.56,1.66,10.0,72.7,-10.0,80.7,2202,5.5,746847,665804,683737,663538,670623,621020,664023,691718,643565,54.97,0.049,0.057,0.0,1.0,0.0,0.0,2.0,33,5,Changeup,0,2,2,0,2,0,2,0,Standard,Standard,226,0.013,-0.225,70.6,7.7,0.053,0.225,88.0,-2,2,0.256,0.744,34,27,35,27,3,2,5.0,1.0,11.0,1.0,2.81,1.19,-1.19,43.7,17.67169609474592,-16.064401952837507,36.18348201838839,38.634922175606135,42.82097824688716
FF,2024-08-05,87.6,-2.76,5.91,"Hendricks, Kyle",650489,543294,,ball,,,,,11,Willi Castro grounds out to first baseman Michael Busch.,R,L,R,CHC,MIN,B,,,1,2,2024,-0.53,1.5,-0.71,4.79,,,,1,5,Top,,,,,,,5.96164879781527,-127.51445933683608,0.3001796605974189,-7.019482002854583,25.814520627179487,-16.110316802397843,3.39,1.6,,,,86.5,2244,5.6,746847,665804,683737,663538,670623,621020,664023,691718,643565,54.93,,,,,,,,33,4,4-Seam Fastball,0,2,2,0,2,0,2,0,Standard,Standard,210,0.0,0.043,,,,-0.043,,-2,2,0.256,0.744,34,27,35,27,3,2,5.0,1.0,11.0,1.0,1.47,0.53,-0.53,41.7,,,,,
CH,2024-08-05,80.7,-2.72,6.04,"Hendricks, Kyle",650489,543294,,swinging_strike,,,,,14,Willi Castro grounds out to first baseman Michael Busch.,R,L,R,CHC,MIN,S,,,1,1,2024,-1.24,0.46,0.07,0.69,,,,1,5,Top,,,,,,,8.44723456316713,-117.22247457350583,-6.126752614600993,-12.918296299296008,18.84186367694738,-26.989344256568625,3.56,1.66,,,,80.1,2185,5.7,746847,665804,683737,663538,670623,621020,664023,691718,643565,54.83,,,,,,,,33,3,Changeup,0,2,2,0,2,0,2,0,Standard,Standard,232,0.0,-0.061,70.1,8.2,,0.061,,-2,2,0.256,0.744,34,27,35,27,3,2,5.0,1.0,11.0,1.0,3.01,1.24,-1.24,43.1,25.29843829591325,-35.584924066368146,44.54827442733343,32.28512214165961,52.487816891484016
SI,2024-08-05,87.1,-2.7,5.93,"Hendricks, Kyle",650489,543294,,ball,,,,,14,Willi Castro grounds out to first baseman Michael Busch.,R,L,R,CHC,MIN,B,,,0,1,2024,-1.2,0.61,0.99,1.69,,,,1,5,Top,,,,,,,11.180686018175924,-126.36217101383704,-5.253484060148237,-14.967366768717596,22.928595712059533,-24.739056578759527,3.43,1.57,,,,86.5,2025,5.8,746847,665804,683737,663538,670623,621020,664023,691718,643565,54.68,,,,,,,,33,2,Sinker,0,2,2,0,2,0,2,0,Standard,Standard,217,0.0,0.024,,,,-0.024,,-2,2,0.256,0.744,34,27,35,27,3,2,5.0,1.0,11.0,1.0,2.39,1.2,-1.2,43.3,,,,,
CU,2024-08-05,74.2,-2.74,5.98,"Hendricks, Kyle",650489,543294,,missed_bunt,,,,,14,Willi Castro grounds out to first baseman Michael Busch.,R,L,R,CHC,MIN,S,,,0,0,2024,1.28,-1.17,0.92,1.77,,,,1,5,Top,,,,,,,5.185144284795294,-107.86035635697412,0.7192571197408246,8.95524477269628,20.4737023600948,-41.591715885693496,3.56,1.66,,,,73.0,2966,5.7,746847,665804,683737,663538,670623,621020,664023,691718,643565,54.85,,,,,,,,33,1,Curveball,0,2,2,0,2,0,2,0,Standard,Standard,43,0.0,-0.037,22.2,2.5,,0.037,,-2,2,0.256,0.744,34,27,35,27,3,2,5.0,1.0,11.0,1.0,5.35,-1.28,1.28,43.6,-26.793085083475173,-12.644217133179078,27.224978997216187,24.813497938256976,50.33505991490136
CH,2024-08-05,80.2,-2.71,6.04,"Hendricks, Kyle",668885,543294,field_out,hit_into_play,,,,,3,Austin Martin flies out to left fielder Ian Happ.,R,R,R,CHC,MIN,X,7.0,fly_ball,1,1,2024,-0.42,1.0,0.48,2.85,,,,0,5,Top,45.24,101.56,,,,,7.7367695877769,-116.69012191532576,-2.317298883093258,-5.1297050454420825,18.79891035576753,-22.746843444475,3.15,1.51,312.0,85.2,32.0,79.6,2124,5.6,746847,665804,683737,663538,670623,621020,664023,691718,643565,54.95,0.017,0.019,0.0,1.0,0.0,0.0,3.0,32,3,Changeup,0,2,2,0,2,0,2,0,Standard,Standard,232,0.017,-0.243,68.5,7.4,0.035,0.243,88.0,-2,2,0.239,0.761,34,25,35,25,2,1,5.0,1.0,11.0,1.0,2.5,0.42,0.42,44.8,19.47735838672566,-16.050163515711866,39.59312201260374,40.903089402536445,46.10226594899174
SI,2024-08-05,86.7,-2.76,5.94,"Hendricks, Kyle",668885,543294,,ball,,,,,11,Austin Martin flies out to left fielder Ian Happ.,R,R,R,CHC,MIN,B,,,0,1,2024,-0.99,0.56,-1.27,2.44,,,,0,5,Top,,,,,,,5.525899282573547,-126.28445601717374,-3.4096367007515207,-11.694375614182158,21.93236899211154,-25.65488792449784,3.1,1.55,,,,86.3,1940,5.7,746847,665804,683737,663538,670623,621020,664023,691718,643565,54.83,,,,,,,,32,2,Sinker,0,2,2,0,2,0,2,0,Standard,Standard,214,0.0,0.025,,,,-0.025,,-2,2,0.239,0.761,34,25,35,25,2,1,5.0,1.0,11.0,1.0,2.43,0.99,0.99,42.1,,,,,
SI,2024-08-05,86.9,-2.71,5.98,"Hendricks, Kyle",668885,543294,,called_strike,,,,,2,Austin Martin flies out to left fielder Ian Happ.,R,R,R,CHC,MIN,S,,,0,0,2024,-0.81,0.55,0.25,3.25,,,,0,5,Top,,,,,,,8.622925280583758,-126.3409366343326,-1.532680353579699,-10.286210999733624,22.473282610873596,-26.08756969237923,3.16,1.45,,,,86.2,1970,5.6,746847,665804,683737,663538,670623,621020,664023,691718,643565,54.9,,,,,,,,32,1,Sinker,0,2,2,0,2,0,2,0,Standard,Standard,211,0.0,-0.037,,,,0.037,,-2,2,0.239,0.761,34,25,35,25,2,1,5.0,1.0,11.0,1.0,2.44,0.81,0.81,48.9,,,,,
CH,2024-08-05,80.1,-2.67,6.03,"Hendricks, Kyle",622534,543294,home_run,hit_into_play,,,,,6,Manuel Margot homers (4) on a fly ball to left center field.,R,R,R,CHC,MIN,X,,fly_ball,0,2,2024,-0.32,0.89,0.74,2.31,,,,0,5,Top,52.61,65.77,,,,,8.027305424091336,-116.50447563496688,-3.235860472049131,-4.275534558318787,18.71047205873786,-23.620445673920017,3.44,1.63,376.0,96.6,27.0,79.6,2190,5.6,746847,665804,683737,663538,670623,621020,664023,691718,643565,54.89,0.331,0.546,2.0,1.0,0.0,3.0,5.0,31,3,Changeup,0,1,1,0,2,0,2,0,Standard,Standard,222,-0.117,1.205,73.1,7.8,0.974,-1.205,96.6,-1,1,0.356,0.644,34,29,35,30,2,1,5.0,1.0,11.0,1.0,2.62,0.32,0.32,43.4,15.718464935995415,-15.357810854065086,23.8938953291236,41.83562589788623,44.207455370684805
SI,2024-08-05,87.6,-2.68,5.96,"Hendricks, Kyle",622534,543294,,foul,,,,,4,Manuel Margot homers (4) on a fly ball to left center field.,R,R,R,CHC,MIN,S,,,0,1,2024,-0.83,0.76,-0.45,2.3,,,,0,5,Top,,,,,,,7.005332946392053,-127.48453432497251,-4.315973591629646,-10.325548245185937,21.447363151378163,-23.246841700788355,3.44,1.63,3.0,79.0,-40.0,87.3,2046,5.7,746847,665804,683737,663538,670623,621020,664023,691718,643565,54.78,,,,,,,,31,2,Sinker,0,1,1,0,1,0,1,0,Standard,Standard,214,0.0,-0.054,73.6,7.1,,0.054,88.0,-1,1,0.356,0.644,34,29,35,30,2,1,5.0,1.0,11.0,1.0,2.17,0.83,0.83,42.6,18.36197973328437,-10.670543771564306,26.59813723819708,30.136033820976024,37.09437339286625
CU,2024-08-05,72.6,-2.65,5.97,"Hendricks, Kyle",622534,543294,,called_strike,,,,,5,Manuel Margot homers (4) on a fly ball to left center field.,R,R,R,CHC,MIN,S,,,0,0,2024,1.11,-0.86,-0.14,2.4,,,,0,5,Top,,,,,,,3.098914631584337,-105.69917979003525,1.6688377569760176,7.798650522986292,17.71948586051193,-39.12932607090483,3.0,1.27,,,,71.7,2928,5.5,746847,665804,683737,663538,670623,621020,664023,691718,643565,54.97,,,,,,,,31,1,Curveball,0,1,1,0,1,0,1,0,Standard,Standard,44,0.0,-0.037,,,,0.037,,-1,1,0.356,0.644,34,29,35,30,2,1,5.0,1.0,11.0,1.0,5.17,-1.11,-1.11,42.3,,,,,
CH,2024-08-05,81.5,-2.72,6.02,"Hendricks, Kyle",467793,543294,field_out,hit_into_play,,,,,7,Carlos Santana flies out to center fielder Pete Crow-Armstrong.,R,L,R,CHC,MIN,X,8.0,fly_ball,1,1,2024,-1.18,0.82,-0.47,1.62,,,,2,4,Top,136.11,94.02,,,,,7.226620586232917,-118.49009947395176,-4.838813212015183,-12.476671949114865,20.75144492945248,-23.74887492561869,3.44,1.72,263.0,75.5,35.0,80.7,2167,5.6,746847,665804,683737,663538,670623,621020,664023,691718,643565,54.93,0.197,0.196,0.0,1.0,0.0,0.0,3.0,27,3,Changeup,0,1,1,0,1,0,1,0,Infield shade,Standard,226,0.011,-0.244,78.6,7.4,0.252,0.244,88.0,-1,1,0.41,0.59,34,38,35,38,2,1,5.0,2.0,11.0,1.0,2.6,1.18,-1.18,40.2,-3.082893840998474,-8.306670229633689,38.97505562714581,42.59851037019008,37.661331183941336
CH,2024-08-05,80.6,-2.75,6.06,"Hendricks, Kyle",467793,543294,,ball,,,,,13,Carlos Santana flies out to center fielder Pete Crow-Armstrong.,R,L,R,CHC,MIN,B,,,0,1,2024,-1.12,0.89,-0.56,1.22,,,,2,4,Top,,,,,,,6.892805935204844,-117.2680549877092,-5.828533246609682,-11.516880301914007,18.36390161225618,-23.06021989472709,3.36,1.65,,,,80.2,2162,5.7,746847,665804,683737,663538,670623,621020,664023,691718,643565,54.84,,,,,,,,27,2,Changeup,0,1,1,0,1,0,1,0,Infield shade,Standard,227,0.0,0.029,,,,-0.029,,-1,1,0.41,0.59,34,38,35,38,2,1,5.0,2.0,11.0,1.0,2.57,1.12,-1.12,44.4,,,,,
CU,2024-08-05,73.3,-2.81,5.95,"Hendricks, Kyle",467793,543294,,called_strike,,,,,8,Carlos Santana flies out to center fielder Pete Crow-Armstrong.,R,L,R,CHC,MIN,S,,,0,0,2024,1.3,-0.61,-0.11,1.9,,,,2,4,Top,,,,,,,3.1632631514230085,-106.70706784577789,0.1882752345243756,9.37075351794249,18.8130315088574,-37.11095537811353,3.17,1.59,,,,72.1,2952,5.4,746847,665804,683737,663538,670623,621020,664023,691718,643565,55.08,,,,,,,,27,1,Curveball,0,1,1,0,1,0,1,0,Infield shade,Standard,43,0.0,-0.041,,,,0.041,,-1,1,0.41,0.59,34,38,35,38,2,1,5.0,2.0,11.0,1.0,4.86,-1.3,1.3,42.8,,,,,
SI,2024-08-05,87.7,-2.65,5.93,"Hendricks, Kyle",680777,543294,field_out,hit_into_play,,,,,6,Ryan Jeffers lines out sharply to third baseman Isaac Paredes.,R,R,R,CHC,MIN,X,5.0,line_drive,1,2,2024,-1.14,0.72,0.31,2.15,,,,1,4,Top,92.3,152.95,,,,,9.374335264551425,-127.47349332332249,-4.510790578334235,-14.248439727107115,23.264679528641334,-23.521526725572183,3.29,1.56,146.0,105.9,8.0,87.0,2091,5.6,746847,665804,683737,663538,670623,621020,664023,691718,643565,54.86,0.726,0.689,0.0,1.0,0.0,0.0,4.0,26,4,Sinker,0,1,1,0,1,0,1,0,Standard,Standard,213,0.016,-0.182,83.1,8.0,0.855,0.182,105.9,-1,1,0.394,0.606,34,27,35,27,2,1,5.0,1.0,11.0,2.0,2.22,1.14,1.14,41.5,5.345912972257393,-6.3874723584424205,34.07939935870931,39.2250527208663,31.793356266802743
CH,2024-08-05,80.6,-2.71,6.0,"Hendricks, Kyle",680777,543294,,foul,,,,,6,Ryan Jeffers lines out sharply to third baseman Isaac Paredes.,R,R,R,CHC,MIN,S,,,1,1,2024,-0.32,1.0,0.63,2.62,,,,1,4,Top,,,,,,,7.923620641520091,-117.29322383257548,-2.8255765076986745,-4.316632429060848,19.1295926632516,-22.510652675974573,3.29,1.56,9.0,37.2,-14.0,80.1,2161,5.6,746847,665804,683737,663538,670623,621020,664023,691718,643565,54.87,,,,,,,,26,3,Changeup,0,1,1,0,1,0,1,0,Standard,Standard,228,0.0,-0.061,77.9,8.8,,0.061,88.0,-1,1,0.394,0.606,34,27,35,27,2,1,5.0,1.0,11.0,2.0,2.46,0.32,0.32,43.7,23.100546967643307,-24.99672171846427,26.11086199369563,42.66690044360486,51.061979925343984
CH,2024-08-05,80.4,-2.69,6.0,"Hendricks, Kyle",680777,543294,,swinging_strike,,,,,6,Ryan Jeffers lines out sharply to third baseman Isaac Paredes.,R,R,R,CHC,MIN,S,,,1,0,2024,-0.47,1.2,0.59,2.13,,,,1,4,Top,,,,,,,8.064826648067404,-116.88026484880184,-4.167581085912556,-5.742252394829521,20.08455492771911,-20.52405357231684,3.29,1.56,,,,79.7,2210,5.7,746847,665804,683737,663538,670623,621020,664023,691718,643565,54.82,,,,,,,,26,2,Changeup,0,1,1,0,1,0,1,0,Standard,Standard,225,0.0,-0.051,74.1,9.6,,0.051,,-1,1,0.394,0.606,34,27,35,27,2,1,5.0,1.0,11.0,2.0,2.31,0.47,0.47,43.7,28.63761421484923,-47.803432115890544,29.912076978201245,40.66062862088718,57.89620049651616
CU,2024-08-05,72.8,-2.72,6.04,"Hendricks, Kyle",680777,543294,,ball,,,,,12,Ryan Jeffers lines out sharply to third baseman Isaac Paredes.,R,R,R,CHC,MIN,B,,,0,0,2024,1.35,-0.84,1.99,2.34,,,,1,4,Top,,,,,,,7.019207403399371,-105.82388306459876,1.417423731642821,8.850804722415685,19.15252124735915,-38.994939784024346,3.13,1.45,,,,71.5,2900,5.5,746847,665804,683737,663538,670623,621020,664023,691718,643565,55.05,,,,,,,,26,1,Curveball,0,1,1,0,1,0,1,0,Standard,Standard,43,0.0,0.039,,,,-0.039,,-1,1,0.394,0.606,34,27,35,27,2,1,5.0,1.0,11.0,2.0,5.18,-1.35,-1.35,46.1,,,,,
CH,2024-08-05,81.1,-2.77,6.07,"Hendricks, Kyle",596146,543294,field_out,hit_into_play,,,,,7,Max Kepler pops out to second baseman Nico Hoerner.,R,L,R,CHC,MIN,X,4.0,popup,1,2,2024,-1.34,0.58,-0.63,1.63,,,,0,4,Top,155.59,121.35,,,,,7.217799397276842,-117.94560170966558,-4.4185461262545696,-13.8450060564107,20.284955127417188,-26.133660492660823,3.54,1.64,210.0,70.7,48.0,80.3,2206,5.6,746847,665804,683737,663538,670623,621020,664023,691718,643565,54.95,0.154,0.143,0.0,1.0,0.0,0.0,3.0,25,5,Changeup,0,1,1,0,1,0,1,0,Infield shade,Standard,223,0.023,-0.186,65.2,8.2,0.178,0.186,88.0,-1,1,0.371,0.629,34,31,35,31,2,1,5.0,1.0,11.0,1.0,2.86,1.34,-1.34,44.7,15.352226979465954,-13.928350581931314,27.775929736452696,46.50903552163068,43.13937375645033
SI,2024-08-05,86.8,-2.58,5.95,"Hendricks, Kyle",596146,543294,,foul,,,,,3,Max Kepler pops out to second baseman Nico Hoerner.,R,L,R,CHC,MIN,S,,,1,2,2024,-1.07,0.71,0.76,3.07,,,,0,4,Top,,,,,,,10.035972718082762,-126.18539426149609,-2.2403674804268445,-13.299804951056275,21.166212307119185,-24.26868937771193,3.54,1.64,226.0,74.3,28.0,86.3,1901,5.6,746847,665804,683737,663538,670623,621020,664023,691718,643565,54.89,,,,,,,,25,4,Sinker,0,1,1,0,1,0,1,0,Infield shade,Standard,214,0.0,0.0,69.3,7.7,,0.0,88.0,-1,1,0.371,0.629,34,31,35,31,2,1,5.0,1.0,11.0,1.0,2.28,1.07,-1.07,43.3,19.13051715572916,-34.556765615489745,29.907638771166116,30.478303832000755,42.22333315644712
CH,2024-08-05,81.1,-2.69,6.06,"Hendricks, Kyle",596146,543294,,ball,,,,,13,Max Kepler pops out to second baseman Nico Hoerner.,R,L,R,CHC,MIN,B,,,0,2,2024,-1.26,0.78,-0.22,0.29,,,,0,4,Top,,,,,,,7.793175593755681,-117.7938516563212,-7.721558172903772,-13.180352569910957,20.16915795890731,-23.68993123024657,3.46,1.59,,,,80.3,2284,5.6,746847,665804,683737,663538,670623,621020,664023,691718,643565,54.91,,,,,,,,25,3,Changeup,0,1,1,0,1,0,1,0,Infield shade,Standard,229,0.0,0.023,,,,-0.023,,-1,1,0.371,0.629,34,31,35,31,2,1,5.0,1.0,11.0,1.0,2.67,1.26,-1.26,43.3,,,,,
CH,2024-08-05,80.3,-2.76,6.09,"Hendricks, Kyle",596146,543294,,foul,,,,,13,Max Kepler pops out to second baseman Nico Hoerner.,R,L,R,CHC,MIN,S,,,0,1,2024,-1.19,0.53,-0.89,2.33,,,,0,4,Top,,,,,,,6.2600760423433135,-116.77089807224448,-2.632241626368041,-12.01692001346535,20.69238490825665,-27.002801298175665,3.54,1.64,133.0,59.3,21.0,79.3,2181,5.5,746847,665804,683737,663538,670623,621020,664023,691718,643565,55.02,,,,,,,,25,2,Changeup,0,1,1,0,1,0,1,0,Standard,Standard,228,0.0,-0.054,66.5,7.8,,0.054,88.0,-1,1,0.371,0.629,34,31,35,31,2,1,5.0,1.0,11.0,1.0,2.99,1.19,-1.19,43.6,9.424128601628482,-12.988271673309152,28.877619781253912,49.62804873243616,39.50063501540644
SI,2024-08-05,84.8,-2.71,5.97,"Hendricks, Kyle",596146,543294,,called_strike,,,,,2,Max Kepler pops out to second baseman Nico Hoerner.,R,L,R,CHC,MIN,S,,,0,0,2024,-1.14,0.49,0.11,3.37,,,,0,4,Top,,,,,,,8.77612250533291,-123.35520123364516,-0.8234083775380676,-13.248997472163207,20.970583853227453,-27.109696505658025,3.44,1.6,,,,84.4,1877,5.7,746847,665804,683737,663538,670623,621020,664023,691718,643565,54.8,,,,,,,,25,1,Sinker,0,1,1,0,1,0,1,0,Standard,Standard,215,0.0,-0.037,,,,0.037,,-1,1,0.371,0.629,34,31,35,31,2,1,5.0,1.0,11.0,1.0,2.64,1.14,-1.14,42.7,,,,,
CH,2024-08-05,81.5,-2.38,6.06,"Hendricks, Kyle",670242,543294,double,hit_into_play,,,,,7,"Matt Wallner doubles (7) on a fly ball to center fielder Pete Crow-Armstrong. Trevor Larnach out at home on the throw, center fielder Pete Crow-Armstrong to shortstop Dansby Swanson to catcher Miguel Amaya.",R,L,R,CHC,MIN,X,8.0,fly_ball,0,1,2024,-1.29,0.61,-0.58,2.38,,,663616.0,2,3,Top,168.88,59.42,,,,,6.415716832829425,-118.58001996445246,-2.844680130375111,-13.342820022472877,21.709855382256123,-26.07615200451689,3.73,1.76,360.0,101.5,36.0,80.4,2267,5.4,746847,665804,683737,663538,670623,621020,664023,691718,643565,55.09,0.417,0.831,1.25,1.0,1.0,1.0,6.0,19,2,Changeup,0,1,1,0,1,0,1,0,Standard,Standard,228,0.023,0.912,75.7,7.9,1.603,-0.912,101.5,-1,1,0.407,0.593,34,26,35,27,2,1,5.0,1.0,11.0,2.0,2.81,1.29,-1.29,43.1,11.889559714585332,-16.8415890128389,27.32414355019309,49.44682673852517,43.30190782378679
CH,2024-08-05,80.9,-2.46,6.03,"Hendricks, Kyle",670242,543294,,called_strike,,,,,8,"Matt Wallner doubles (7) on a fly ball to center fielder Pete Crow-Armstrong. Trevor Larnach out at home on the throw, center fielder Pete Crow-Armstrong to shortstop Dansby Swanson to catcher Miguel Amaya.",R,L,R,CHC,MIN,S,,,0,0,2024,-1.19,0.81,0.14,1.69,,,663616.0,2,3,Top,,,,,,,7.935257026645904,-117.54390372547256,-4.548125961712301,-12.455806477086773,20.97701208409056,-23.9904285164689,3.51,1.73,,,,79.9,2237,5.5,746847,665804,683737,663538,670623,621020,664023,691718,643565,54.97,,,,,,,,19,1,Changeup,0,1,1,0,1,0,1,0,Standard,Standard,230,0.0,-0.047,,,,0.047,,-1,1,0.407,0.593,34,26,35,27,2,1,5.0,1.0,11.0,2.0,2.67,1.19,-1.19,44.0,,,,,
CH,2024-08-05,79.7,-2.38,5.98,"Hendricks, Kyle",668904,543294,sac_fly,hit_into_play,,,,,14,Royce Lewis out on a sacrifice fly to center fielder Pete Crow-Armstrong. Willi Castro scores.,R,R,R,CHC,MIN,X,8.0,line_drive,0,1,2024,-0.54,1.01,1.13,1.84,650489.0,,663616.0,1,3,Top,114.64,69.68,,,,,8.61204940593446,-115.8299027382529,-4.306892320829004,-6.268130276311641,18.483280756054523,-22.3899299212682,3.45,1.68,322.0,85.9,24.0,79.2,2063,5.7,746847,665804,683737,663538,670623,621020,664023,691718,643565,54.78,0.154,0.155,0.0,1.0,0.0,0.0,3.0,18,2,Changeup,0,0,0,0,1,0,1,0,Standard,Standard,229,-0.02,-0.095,65.1,8.4,0.235,0.095,88.0,0,0,0.427,0.573,34,25,35,25,2,1,5.0,1.0,11.0,1.0,2.54,0.54,0.54,42.0,6.152481156000912,-8.753072612897611,26.42233287901325,48.47071854449961,30.656063243016877
SI,2024-08-05,87.4,-2.26,5.97,"Hendricks, Kyle",668904,543294,,called_strike,,,,,9,Royce Lewis out on a sacrifice fly to center fielder Pete Crow-Armstrong. Willi Castro scores.,R,R,R,CHC,MIN,S,,,0,0,2024,-1.14,0.6,0.66,1.75,650489.0,,663616.0,1,3,Top,,,,,,,9.25315407151455,-127.06249256898504,-5.290862730082295,-14.106784975772278,22.81311528801572,-24.758486178347876,3.25,1.6,,,,86.7,2009,5.6,746847,665804,683737,663538,670623,621020,664023,691718,643565,54.87,,,,,,,,18,1,Sinker,0,0,0,0,0,0,0,0,Standard,Standard,213,0.0,-0.045,,,,0.045,,0,0,0.427,0.573,34,25,35,25,2,1,5.0,1.0,11.0,1.0,2.36,1.14,1.14,43.6,,,,,
SI,2024-08-05,86.5,-2.3,6.03,"Hendricks, Kyle",663616,543294,single,hit_into_play,,,,,8,Trevor Larnach singles on a ground ball to center fielder Pete Crow-Armstrong. Willi Castro to 3rd.,R,L,R,CHC,MIN,X,8.0,ground_ball,3,1,2024,-0.8,0.63,-0.01,2.42,,,650489.0,1,3,Top,142.86,99.97,,,,,7.003442400266098,-125.8706920311396,-3.7492154759589353,-9.834007178941125,21.017192158946436,-24.947677249718552,3.86,1.76,92.0,86.2,5.0,86.1,2002,5.6,746847,665804,683737,663538,670623,621020,664023,691718,643565,54.88,0.417,0.4,0.9,1.0,1.0,0.0,4.0,17,5,Sinker,0,0,0,0,0,0,0,0,Standard,Standard,212,-0.07,0.258,71.3,6.8,0.483,-0.258,88.0,0,0,0.497,0.503,34,27,35,27,2,1,5.0,1.0,11.0,2.0,2.38,0.8,-0.8,44.0,-2.6224425394014226,8.938580959096225,40.09638248241643,35.28589438518589,28.314560415767097
SI,2024-08-05,86.6,-2.42,6.0,"Hendricks, Kyle",663616,543294,,called_strike,,,,,3,Trevor Larnach singles on a ground ball to center fielder Pete Crow-Armstrong. Willi Castro to 3rd.,R,L,R,CHC,MIN,S,,,3,0,2024,-0.95,0.54,0.59,3.01,,,650489.0,1,3,Top,,,,,,,8.981601340537251,-125.90150395042184,-2.08259456227419,-11.721027280901874,21.76569368875233,-26.18041979630599,3.59,1.64,,,,85.8,2054,5.5,746847,665804,683737,663538,670623,621020,664023,691718,643565,54.99,,,,,,,,17,4,Sinker,0,0,0,0,0,0,0,0,Standard,Standard,215,0.0,-0.047,,,,0.047,,0,0,0.497,0.503,34,27,35,27,2,1,5.0,1.0,11.0,2.0,2.47,0.95,-0.95,41.5,,,,,
FF,2024-08-05,87.0,-2.51,5.93,"Hendricks, Kyle",663616,543294,,ball,,,,,11,Trevor Larnach singles on a ground ball to center fielder Pete Crow-Armstrong. Willi Castro to 3rd.,R,L,R,CHC,MIN,B,,,2,0,2024,-0.63,1.17,-1.04,3.03,,,650489.0,1,3,Top,,,,,,,4.762705382004168,-126.73996456525592,-3.2359733476750714,-7.743639945966703,23.03253772766297,-19.026262107552597,3.61,1.7,,,,86.5,2157,5.7,746847,665804,683737,663538,670623,621020,664023,691718,643565,54.82,,,,,,,,17,3,4-Seam Fastball,0,0,0,0,0,0,0,0,Standard,Standard,215,0.0,0.102,,,,-0.102,,0,0,0.497,0.503,34,27,35,27,2,1,5.0,1.0,11.0,2.0,1.81,0.63,-0.63,40.9,,,,,
CH,2024-08-05,80.7,-2.41,5.99,"Hendricks, Kyle",663616,543294,,ball,,,,,14,Trevor Larnach singles on a ground ball to center fielder Pete Crow-Armstrong. Willi Castro to 3rd.,R,L,R,CHC,MIN,B,,,1,0,2024,-1.3,0.51,0.28,0.95,,,650489.0,1,3,Top,,,,,,,8.324011584191888,-117.2613377662862,-5.505552104214223,-13.447287895982424,19.47903271907619,-26.68121052468148,3.72,1.71,,,,80.0,2174,5.6,746847,665804,683737,663538,670623,621020,664023,691718,643565,54.86,,,,,,,,17,2,Changeup,0,0,0,0,0,0,0,0,Standard,Standard,226,0.0,0.056,,,,-0.056,,0,0,0.497,0.503,34,27,35,27,2,1,5.0,1.0,11.0,2.0,2.97,1.3,-1.3,42.3,,,,,
SI,2024-08-05,86.3,-2.41,5.99,"Hendricks, Kyle",663616,543294,,ball,,,,,13,Trevor Larnach singles on a ground ball to center fielder Pete Crow-Armstrong. Willi Castro to 3rd.,R,L,R,CHC,MIN,B,,,0,0,2024,-0.99,0.57,-1.01,1.47,,,650489.0,1,3,Top,,,,,,,5.290314265644108,-125.68195878699606,-5.754923070378812,-11.507967591708244,21.51794197851575,-25.19253243335276,3.52,1.57,,,,86.1,1982,5.8,746847,665804,683737,663538,670623,621020,664023,691718,643565,54.73,,,,,,,,17,1,Sinker,0,0,0,0,0,0,0,0,Standard,Standard,210,0.0,0.036,,,,-0.036,,0,0,0.497,0.503,34,27,35,27,2,1,5.0,1.0,11.0,2.0,2.44,0.99,-0.99,42.1,,,,,
FF,2024-08-05,88.4,-2.87,5.79,"Hendricks, Kyle",650489,543294,walk,ball,,,,,13,Willi Castro walks.,R,L,R,CHC,MIN,B,,,3,2,2024,-0.62,1.07,-0.38,1.43,,,,1,3,Top,,,,,,,7.272383307308497,-128.46000461653057,-6.717765656082338,-8.371837883353148,25.8704684540744,-19.1053852274738,3.41,1.58,,,,87.5,2113,5.7,746847,665804,683737,663538,670623,621020,664023,691718,643565,54.79,,0.689131,0.7,1.0,0.0,0.0,,16,7,4-Seam Fastball,0,0,0,0,0,0,0,0,Standard,Standard,219,-0.028,0.348,,,,-0.348,,0,0,0.525,0.475,34,27,35,27,2,1,5.0,1.0,11.0,1.0,1.85,0.62,-0.62,40.0,,,,,
CH,2024-08-05,82.3,-2.78,5.99,"Hendricks, Kyle",650489,543294,,ball,,,,,13,Willi Castro walks.,R,L,R,CHC,MIN,B,,,2,2,2024,-1.11,0.63,-1.1,1.18,,,,1,3,Top,,,,,,,5.868163313110908,-119.71441853725166,-5.567073021049169,-11.765180516346842,21.682741485683263,-25.272353836885795,3.49,1.6,,,,81.4,2215,5.6,746847,665804,683737,663538,670623,621020,664023,691718,643565,54.92,,,,,,,,16,6,Changeup,0,0,0,0,0,0,0,0,Standard,Standard,229,0.0,0.108,,,,-0.108,,0,0,0.525,0.475,34,27,35,27,2,1,5.0,1.0,11.0,1.0,2.72,1.11,-1.11,41.7,,,,,
SI,2024-08-05,87.2,-2.77,5.92,"Hendricks, Kyle",650489,543294,,ball,,,,,12,Willi Castro walks.,R,L,R,CHC,MIN,B,,,1,2,2024,-0.99,0.53,1.25,2.52,,,,1,3,Top,,,,,,,11.524237358212751,-126.55691753733826,-3.122125675228662,-12.803869330339486,21.851548469638452,-26.01198979153133,3.39,1.59,,,,86.6,2080,5.7,746847,665804,683737,663538,670623,621020,664023,691718,643565,54.8,,,,,,,,16,5,Sinker,0,0,0,0,0,0,0,0,Standard,Standard,214,0.0,0.043,,,,-0.043,,0,0,0.525,0.475,34,27,35,27,2,1,5.0,1.0,11.0,1.0,2.45,0.99,-0.99,40.4,,,,,
CU,2024-08-05,75.2,-2.75,5.9,"Hendricks, Kyle",650489,543294,,foul,,,,,14,Willi Castro walks.,R,L,R,CHC,MIN,S,,,1,2,2024,1.26,-0.68,0.9,1.41,,,,1,3,Top,,,,,,,5.24362385791303,-109.37217516634772,-0.8936342186358683,9.02852716458134,21.46728090823185,-37.65945738186596,3.56,1.66,,,,73.9,3047,5.6,746847,665804,683737,663538,670623,621020,664023,691718,643565,54.87,,,,,,,,16,4,Curveball,0,0,0,0,0,0,0,0,Standard,Standard,45,0.0,0.0,70.7,6.9,,0.0,,0,0,0.525,0.475,34,27,35,27,2,1,5.0,1.0,11.0,1.0,4.75,-1.26,1.26,41.6,5.90905901125708,-15.072171491022909,45.44093795430396,22.849792527893865,36.375252504581255
SI,2024-08-05,87.0,-2.74,5.95,"Hendricks, Kyle",650489,543294,,ball,,,,,12,Willi Castro walks.,R,L,R,CHC,MIN,B,,,0,2,2024,-0.91,0.48,0.28,3.73,,,,1,3,Top,,,,,,,8.963850257483903,-126.52881181346348,-0.1807250589626199,-11.534800898200253,23.47588104640596,-27.130455575180477,3.41,1.62,,,,86.0,1971,5.5,746847,665804,683737,663538,670623,621020,664023,691718,643565,55.03,,,,,,,,16,3,Sinker,0,0,0,0,0,0,0,0,Standard,Standard,212,0.0,0.02,,,,-0.02,,0,0,0.525,0.475,34,27,35,27,2,1,5.0,1.0,11.0,1.0,2.51,0.91,-0.91,42.1,,,,,
CH,2024-08-05,81.5,-2.79,6.08,"Hendricks, Kyle",650489,543294,,foul,,,,,4,Willi Castro walks.,R,L,R,CHC,MIN,S,,,0,1,2024,-1.14,0.57,-0.57,2.48,,,,1,3,Top,,,,,,,7.103973312742773,-118.59980115934584,-2.663999438839838,-12.052924447938828,19.257769497033,-26.44195600463723,3.56,1.66,179.0,64.6,27.0,81.1,2236,5.7,746847,665804,683737,663538,670623,621020,664023,691718,643565,54.82,,,,,,,,16,2,Changeup,0,0,0,0,0,0,0,0,Standard,Standard,229,0.0,-0.057,70.7,6.6,,0.057,88.0,0,0,0.525,0.475,34,27,35,27,2,1,5.0,1.0,11.0,1.0,2.82,1.14,-1.14,45.1,2.8115344238246043,-1.779403108477156,35.950323611935126,39.4758797204688,28.347218677652897
CH,2024-08-05,81.3,-2.67,5.99,"Hendricks, Kyle",650489,543294,,foul,,,,,8,Willi Castro walks.,R,L,R,CHC,MIN,S,,,0,0,2024,-1.37,0.58,-0.14,1.56,,,,1,3,Top,,,,,,,8.182462683644337,-118.02787779206574,-4.352431228194376,-14.382043796036326,23.127586814077397,-26.13677917938076,3.56,1.66,2.0,30.7,-49.0,80.2,2155,5.7,746847,665804,683737,663538,670623,621020,664023,691718,643565,54.78,,,,,,,,16,1,Changeup,0,0,0,0,0,0,0,0,Standard,Standard,230,0.0,-0.037,65.7,8.0,,0.037,88.0,0,0,0.525,0.475,34,27,35,27,2,1,5.0,1.0,11.0,1.0,2.9,1.37,-1.37,43.3,26.565184052660783,-29.439465741656218,39.75870605836369,34.24924574427522,45.47314089882864
SI,2024-08-05,87.5,-2.71,6.01,"Hendricks, Kyle",668885,543294,field_out,hit_into_play,,,,,5,"Austin Martin grounds out, third baseman Isaac Paredes to first baseman Michael Busch.",R,R,R,CHC,MIN,X,5.0,ground_ball,2,2,2024,-1.12,0.64,0.27,2.04,,,,0,3,Top,97.56,160.39,,,,,9.362330344408804,-127.18848980002468,-4.767680810189863,-13.974551853446057,22.83359094278752,-24.43047653047946,3.15,1.51,28.0,90.8,-3.0,86.9,2042,5.7,746847,665804,683737,663538,670623,621020,664023,691718,643565,54.8,0.257,0.257,0.0,1.0,0.0,0.0,2.0,15,5,Sinker,0,0,0,0,0,0,0,0,Standard,Standard,214,0.025,-0.227,70.7,7.0,0.279,0.227,90.8,0,0,0.5,0.5,34,25,35,25,1,0,5.0,1.0,11.0,1.0,2.31,1.12,1.12,45.2,11.398921886365525,-3.480253707510044,38.730105549762726,39.11867735736889,38.42236901752487
CH,2024-08-05,81.0,-2.62,6.09,"Hendricks, Kyle",668885,543294,,ball,,,,,14,"Austin Martin grounds out, third baseman Isaac Paredes to first baseman Michael Busch.",R,R,R,CHC,MIN,B,,,1,2,2024,-0.23,1.01,1.52,0.9,,,,0,3,Top,,,,,,,9.523173199559425,-117.55572956852848,-6.869409711677776,-3.676630497684301,18.54276686113696,-21.724578130460674,3.1,1.53,,,,80.3,2159,5.6,746847,665804,683737,663538,670623,621020,664023,691718,643565,54.89,,,,,,,,15,4,Changeup,0,0,0,0,0,0,0,0,Standard,Standard,231,0.0,0.04,,,,-0.04,,0,0,0.5,0.5,34,25,35,25,1,0,5.0,1.0,11.0,1.0,2.44,0.23,0.23,45.8,,,,,
CU,2024-08-05,74.0,-2.69,6.02,"Hendricks, Kyle",668885,543294,,ball,,,,,14,"Austin Martin grounds out, third baseman Isaac Paredes to first baseman Michael Busch.",R,R,R,CHC,MIN,B,,,0,2,2024,1.36,-0.8,1.63,0.9,,,,0,3,Top,,,,,,,6.36209086344519,-107.62356344013467,-1.6676285191174078,9.205323447982758,21.226065007926582,-38.25139531780299,3.15,1.52,,,,72.7,2994,5.6,746847,665804,683737,663538,670623,621020,664023,691718,643565,54.88,,,,,,,,15,3,Curveball,0,0,0,0,0,0,0,0,Standard,Standard,40,0.0,0.023,,,,-0.023,,0,0,0.5,0.5,34,25,35,25,1,0,5.0,1.0,11.0,1.0,5.02,-1.36,-1.36,48.1,,,,,
SI,2024-08-05,86.9,-2.69,5.95,"Hendricks, Kyle",668885,543294,,called_strike,,,,,8,"Austin Martin grounds out, third baseman Isaac Paredes to first baseman Michael Busch.",R,R,R,CHC,MIN,S,,,0,1,2024,-1.14,0.86,-0.17,1.75,,,,0,3,Top,,,,,,,8.269908980433453,-126.31248751501874,-5.667176351713175,-13.785808348320664,22.57952204246202,-21.976719749849703,3.12,1.51,,,,86.4,1957,5.8,746847,665804,683737,663538,670623,621020,664023,691718,643565,54.75,,,,,,,,15,2,Sinker,0,0,0,0,0,0,0,0,Standard,Standard,213,0.0,-0.054,,,,0.054,,0,0,0.5,0.5,34,25,35,25,1,0,5.0,1.0,11.0,1.0,2.13,1.14,1.14,42.0,,,,,
SI,2024-08-05,86.5,-2.59,6.03,"Hendricks, Kyle",668885,543294,,foul,,,,,5,"Austin Martin grounds out, third baseman Isaac Paredes to first baseman Michael Busch.",R,R,R,CHC,MIN,S,,,0,0,2024,-1.26,0.64,0.06,2.58,,,,0,3,Top,,,,,,,8.775629411042067,-125.75927705261584,-3.3136427635596544,-15.104901738585664,23.67450378398083,-24.936609222465403,3.15,1.51,166.0,62.9,22.0,85.7,1968,5.6,746847,665804,683737,663538,670623,621020,664023,691718,643565,54.85,,,,,,,,15,1,Sinker,0,0,0,0,0,0,0,0,Standard,Standard,212,0.0,-0.037,61.7,6.1,,0.037,88.0,0,0,0.5,0.5,34,25,35,25,1,0,5.0,1.0,11.0,1.0,2.4,1.26,1.26,43.5,-10.954726236352943,12.13830254461126,42.45612524387627,35.852702884531084,24.705263955019788
CH,2024-08-05,79.8,-2.38,6.09,"Hendricks, Kyle",622534,543294,field_out,hit_into_play,,,,,8,Manuel Margot pops out to third baseman Isaac Paredes in foul territory.,R,R,R,CHC,MIN,X,5.0,popup,2,0,2024,-0.73,0.94,-0.03,1.97,,467793.0,,2,2,Top,81.13,167.74,,,,,6.417215483063841,-116.12372192025882,-4.121296815207564,-7.687635518170578,18.973018682659472,-23.07727180971763,3.44,1.63,129.0,76.3,67.0,79.0,2070,5.4,746847,665804,683737,663538,670623,621020,664023,691718,643565,55.06,0.009,0.011,0.0,1.0,0.0,0.0,3.0,11,3,Changeup,0,0,0,0,0,0,0,0,Standard,Standard,228,0.034,-0.339,64.6,7.8,0.014,0.339,88.0,0,0,0.516,0.484,34,29,35,30,1,0,5.0,1.0,11.0,1.0,2.6,0.73,0.73,43.4,14.13578736548081,-23.816005111952705,24.05491641227343,35.29147523881516,43.78694754920474
SI,2024-08-05,87.5,-2.36,6.04,"Hendricks, Kyle",622534,543294,,ball,,,,,12,Manuel Margot pops out to third baseman Isaac Paredes in foul territory.,R,R,R,CHC,MIN,B,,,1,0,2024,-1.21,0.71,1.02,3.19,,467793.0,,2,2,Top,,,,,,,10.481248180097309,-127.13237868592442,-2.214044264756277,-15.108003563299745,22.43566926395719,-24.21771370557389,3.05,1.3,,,,86.9,2002,5.7,746847,665804,683737,663538,670623,621020,664023,691718,643565,54.83,,,,,,,,11,2,Sinker,0,0,0,0,0,0,0,0,Standard,Standard,213,0.0,0.024,,,,-0.024,,0,0,0.516,0.484,34,29,35,30,1,0,5.0,1.0,11.0,1.0,2.25,1.21,1.21,45.1,,,,,
CH,2024-08-05,79.7,-2.31,6.13,"Hendricks, Kyle",622534,543294,,ball,,,,,14,Manuel Margot pops out to third baseman Isaac Paredes in foul territory.,R,R,R,CHC,MIN,B,,,0,0,2024,-0.63,0.93,0.8,1.18,,467793.0,,2,2,Top,,,,,,,7.8818497229413635,-115.77745736364092,-5.838900617312155,-7.101087293202449,20.65617604077141,-22.880496964163957,3.11,1.33,,,,78.7,2059,5.6,746847,665804,683737,663538,670623,621020,664023,691718,643565,54.93,,,,,,,,11,1,Changeup,0,0,0,0,0,0,0,0,Standard,Standard,224,0.0,0.014,,,,-0.014,,0,0,0.516,0.484,34,29,35,30,1,0,5.0,1.0,11.0,1.0,2.66,0.63,0.63,45.2,,,,,
CU,2024-08-05,75.7,-2.8,6.0,"Hendricks, Kyle",467793,543294,double,hit_into_play,,,,,14,Carlos Santana doubles (22) on a sharp line drive to right fielder Mike Tauchman.,R,L,R,CHC,MIN,X,9.0,line_drive,2,2,2024,1.23,-0.61,0.19,1.35,,,,2,2,Top,238.63,93.27,,,,,3.9800084348636258,-110.12626541502476,-1.3925530458213438,9.07114274881952,22.522459185563,-37.031598236211885,3.44,1.72,305.0,102.2,21.0,74.1,3063,5.4,746847,665804,683737,663538,670623,621020,664023,691718,643565,55.07,0.54,0.733,1.25,1.0,1.0,1.0,5.0,10,5,Curveball,0,0,0,0,0,0,0,0,Infield shade,Standard,38,-0.024,0.651,78.8,8.0,1.215,-0.651,102.2,0,0,0.54,0.46,34,38,35,38,1,0,5.0,2.0,11.0,1.0,4.64,-1.23,1.23,44.8,16.852526931383046,-12.951085707755544,35.9769990485306,36.91250620688977,42.92709144722184
CH,2024-08-05,81.5,-2.66,6.09,"Hendricks, Kyle",467793,543294,,ball,,,,,13,Carlos Santana doubles (22) on a sharp line drive to right fielder Mike Tauchman.,R,L,R,CHC,MIN,B,,,1,2,2024,-1.33,0.53,-0.56,0.45,,,,2,2,Top,,,,,,,7.164690722631867,-118.37142934781684,-7.042430102817094,-13.82307687142538,21.641369185082368,-25.999677156923056,3.37,1.65,,,,80.6,2116,5.7,746847,665804,683737,663538,670623,621020,664023,691718,643565,54.8,,,,,,,,10,4,Changeup,0,0,0,0,0,0,0,0,Infield shade,Standard,224,0.0,0.039,,,,-0.039,,0,0,0.54,0.46,34,38,35,38,1,0,5.0,2.0,11.0,1.0,2.9,1.33,-1.33,46.0,,,,,
CH,2024-08-05,81.7,-2.82,6.05,"Hendricks, Kyle",467793,543294,,foul,,,,,4,Carlos Santana doubles (22) on a sharp line drive to right fielder Mike Tauchman.,R,L,R,CHC,MIN,S,,,1,1,2024,-1.29,0.55,-0.74,2.26,,,,2,2,Top,,,,,,,7.023592233186002,-118.72989822213162,-2.9584621057182674,-13.568877356947064,22.66005728253476,-26.616786914065592,3.44,1.72,,,,80.3,2112,5.4,746847,665804,683737,663538,670623,621020,664023,691718,643565,55.1,,,,,,,,10,3,Changeup,0,0,0,0,0,0,0,0,Infield shade,Standard,228,0.0,-0.064,79.2,8.0,,0.064,,0,0,0.54,0.46,34,38,35,38,1,0,5.0,2.0,11.0,1.0,2.87,1.29,-1.29,41.5,17.65551905393962,-22.32544875852681,24.24394049256716,46.83599994250218,45.83868549080907
SI,2024-08-05,87.4,-2.64,6.08,"Hendricks, Kyle",467793,543294,,ball,,,,,13,Carlos Santana doubles (22) on a sharp line drive to right fielder Mike Tauchman.,R,L,R,CHC,MIN,B,,,0,1,2024,-1.25,0.73,-1.65,2.12,,,,2,2,Top,,,,,,,4.915322513695944,-127.16117284732486,-4.897688937457231,-14.621784537863554,23.985932397970675,-23.442248747326097,3.39,1.69,,,,86.7,1973,5.7,746847,665804,683737,663538,670623,621020,664023,691718,643565,54.83,,,,,,,,10,2,Sinker,0,0,0,0,0,0,0,0,Infield shade,Standard,213,0.0,0.029,,,,-0.029,,0,0,0.54,0.46,34,38,35,38,1,0,5.0,2.0,11.0,1.0,2.23,1.25,-1.25,44.9,,,,,
FF,2024-08-05,88.2,-2.78,5.93,"Hendricks, Kyle",467793,543294,,called_strike,,,,,1,Carlos Santana doubles (22) on a sharp line drive to right fielder Mike Tauchman.,R,L,R,CHC,MIN,S,,,0,0,2024,-0.75,1.19,-0.79,2.81,,,,2,2,Top,,,,,,,6.308614967920377,-128.27079033612844,-3.931404840835269,-9.553808543473233,26.65720604842748,-18.393587060005853,3.11,1.55,,,,87.1,2059,5.6,746847,665804,683737,663538,670623,621020,664023,691718,643565,54.85,,,,,,,,10,1,4-Seam Fastball,0,0,0,0,0,0,0,0,Infield shade,Standard,219,0.0,-0.041,,,,0.041,,0,0,0.54,0.46,34,38,35,38,1,0,5.0,2.0,11.0,1.0,1.74,0.75,-0.75,41.7,,,,,
SI,2024-08-05,88.0,-2.76,5.95,"Hendricks, Kyle",680777,543294,field_out,hit_into_play,,,,,14,"Ryan Jeffers grounds out, third baseman Isaac Paredes to first baseman Michael Busch.",R,R,R,CHC,MIN,X,5.0,ground_ball,2,1,2024,-1.09,0.56,0.06,1.4,,,,1,2,Top,84.57,143.35,,,,,8.975691656491634,-127.9524976923413,-6.114229950727071,-13.638621237756324,22.574501414715787,-24.99159086038068,3.29,1.56,5.0,99.6,-15.0,87.5,2014,5.7,746847,665804,683737,663538,670623,621020,664023,691718,643565,54.83,0.217,0.186,0.0,1.0,0.0,0.0,2.0,9,4,Sinker,0,0,0,0,0,0,0,0,Standard,Standard,215,0.017,-0.302,80.6,8.4,0.222,0.302,99.6,0,0,0.523,0.477,34,27,35,27,1,0,5.0,1.0,11.0,2.0,2.35,1.09,1.09,41.8,12.824708521449828,-5.5522277912354685,39.54129802958977,37.1723820336735,31.24621755621039
SI,2024-08-05,87.6,-2.68,5.95,"Hendricks, Kyle",680777,543294,,called_strike,,,,,9,"Ryan Jeffers grounds out, third baseman Isaac Paredes to first baseman Michael Busch.",R,R,R,CHC,MIN,S,,,2,0,2024,-1.05,0.6,0.68,1.79,,,,1,2,Top,,,,,,,10.16245878731138,-127.30114269090588,-5.176481584385016,-13.329328622963832,22.08718903616034,-24.78937641196817,3.29,1.63,,,,87.3,2093,5.8,746847,665804,683737,663538,670623,621020,664023,691718,643565,54.66,,,,,,,,9,3,Sinker,0,0,0,0,0,0,0,0,Standard,Standard,211,0.0,-0.065,,,,0.065,,0,0,0.523,0.477,34,27,35,27,1,0,5.0,1.0,11.0,2.0,2.34,1.05,1.05,41.7,,,,,
CH,2024-08-05,81.0,-2.64,6.1,"Hendricks, Kyle",680777,543294,,ball,,,,,14,"Ryan Jeffers grounds out, third baseman Isaac Paredes to first baseman Michael Busch.",R,R,R,CHC,MIN,B,,,1,0,2024,-0.6,1.17,1.14,1.35,,,,1,2,Top,,,,,,,9.46430553342276,-117.62700189486736,-6.224010261781027,-7.1969691431238445,18.915089366068354,-20.29670728590222,3.3,1.62,,,,80.5,2123,5.7,746847,665804,683737,663538,670623,621020,664023,691718,643565,54.77,,,,,,,,9,2,Changeup,0,0,0,0,0,0,0,0,Standard,Standard,228,0.0,0.072,,,,-0.072,,0,0,0.523,0.477,34,27,35,27,1,0,5.0,1.0,11.0,2.0,2.28,0.6,0.6,43.8,,,,,
SI,2024-08-05,87.2,-2.66,6.03,"Hendricks, Kyle",680777,543294,,ball,,,,,14,"Ryan Jeffers grounds out, third baseman Isaac Paredes to first baseman Michael Busch.",R,R,R,CHC,MIN,B,,,0,0,2024,-1.22,0.68,0.84,1.36,,,,1,2,Top,,,,,,,10.786536123328968,-126.49508631067631,-6.435899311281204,-15.12048232211468,22.49985814799829,-23.729664311558132,3.24,1.61,,,,86.7,2039,5.9,746847,665804,683737,663538,670623,621020,664023,691718,643565,54.63,,,,,,,,9,1,Sinker,0,0,0,0,0,0,0,0,Standard,Standard,214,0.0,0.039,,,,-0.039,,0,0,0.523,0.477,34,27,35,27,1,0,5.0,1.0,11.0,2.0,2.3,1.22,1.22,41.6,,,,,
CH,2024-08-05,80.6,-2.56,6.09,"Hendricks, Kyle",596146,543294,field_out,hit_into_play,,,,,13,"Max Kepler grounds out, shortstop Dansby Swanson to first baseman Michael Busch.",R,L,R,CHC,MIN,X,6.0,ground_ball,0,1,2024,-1.06,0.54,-1.03,1.94,,,,0,2,Top,119.17,146.12,,,,,5.32461810203979,-117.28637516453853,-3.574764978344223,-10.7811862332456,21.12464402329652,-26.69110618470047,3.54,1.64,76.0,67.3,7.0,79.7,2137,5.6,746847,665804,683737,663538,670623,621020,664023,691718,643565,54.93,0.166,0.165,0.0,1.0,0.0,0.0,2.0,8,2,Changeup,0,0,0,0,0,0,0,0,Standard,Standard,234,0.023,-0.217,67.1,8.0,0.166,0.217,88.0,0,0,0.5,0.5,34,31,35,31,1,0,5.0,1.0,11.0,1.0,2.95,1.06,-1.06,44.1,8.692732652476256,-15.734402830461848,28.30941104177502,51.21221159934615,37.69314454392059
FF,2024-08-05,87.1,-2.77,6.0,"Hendricks, Kyle",596146,543294,,called_strike,,,,,4,"Max Kepler grounds out, shortstop Dansby Swanson to first baseman Michael Busch.",R,L,R,CHC,MIN,S,,,0,0,2024,-0.53,1.38,-0.46,2.33,,,,0,2,Top,,,,,,,6.548517769400558,-126.55761682422008,-5.380521663670788,-7.062896757538886,26.171447588015653,-16.48199340029332,3.33,1.49,,,,85.8,2080,5.6,746847,665804,683737,663538,670623,621020,664023,691718,643565,54.93,,,,,,,,8,1,4-Seam Fastball,0,0,0,0,0,0,0,0,Standard,Standard,213,0.0,-0.037,,,,0.037,,0,0,0.5,0.5,34,31,35,31,1,0,5.0,1.0,11.0,1.0,1.64,0.53,-0.53,42.6,,,,,
CH,2024-08-05,82.2,-2.35,6.12,"Hendricks, Kyle",670242,543294,strikeout,swinging_strike,,,,,13,Matt Wallner strikes out swinging.,R,L,R,CHC,MIN,S,2.0,,1,2,2024,-1.36,0.73,-0.34,1.28,,663616.0,,2,1,Top,,,,,,,7.070171987349685,-119.5380754118148,-5.7902405648996025,-14.391260154512524,21.73286231010548,-24.238032547337927,3.73,1.76,,,,81.1,2171,5.5,746847,665804,683737,663538,670623,621020,664023,691718,643565,55.04,,0.0,0.0,1.0,0.0,0.0,,4,4,Changeup,0,0,0,0,0,0,0,0,Standard,Standard,224,0.032,-0.213,78.4,8.5,,0.213,,0,0,0.515,0.485,34,26,35,27,1,0,5.0,1.0,11.0,2.0,2.63,1.36,-1.36,44.5,25.29405267566698,-22.013058325179315,43.25699418359736,46.13838086439184,49.2961726523812
CH,2024-08-05,81.8,-2.42,6.13,"Hendricks, Kyle",670242,543294,,ball,,,,,13,Matt Wallner strikes out swinging.,R,L,R,CHC,MIN,B,,,0,2,2024,-1.21,0.84,-1.91,1.77,,663616.0,,2,1,Top,,,,,,,3.4325071170624613,-119.06574595917996,-4.852294807141536,-12.224180808440412,21.55944994392903,-23.4534817762931,3.58,1.67,,,,80.8,2188,5.5,746847,665804,683737,663538,670623,621020,664023,691718,643565,55.04,,,,,,,,4,3,Changeup,0,0,0,0,0,0,0,0,Standard,Standard,224,0.0,0.018,,,,-0.018,,0,0,0.515,0.485,34,26,35,27,1,0,5.0,1.0,11.0,2.0,2.55,1.21,-1.21,44.0,,,,,
CH,2024-08-05,80.9,-2.53,6.08,"Hendricks, Kyle",670242,543294,,swinging_strike,,,,,13,Matt Wallner strikes out swinging.,R,L,R,CHC,MIN,S,,,0,1,2024,-1.42,0.65,-0.87,2.14,,,663616.0,2,1,Top,,,,,,,6.311475419463884,-117.65851404448736,-3.405763045726236,-14.387405293679503,20.391386530580707,-25.67118909002524,3.73,1.76,,,,79.9,2088,5.5,746847,665804,683737,663538,670623,621020,664023,691718,643565,55.04,,,,,,,,4,2,Changeup,0,0,0,0,0,0,0,0,Standard,Standard,231,-0.01,-0.054,74.1,8.2,,0.054,,0,0,0.525,0.475,34,26,35,27,1,0,5.0,1.0,11.0,2.0,2.81,1.42,-1.42,43.0,17.025803029379723,-17.586483230572803,30.103995333105075,51.135425196181565,50.73706850966232
SI,2024-08-05,87.8,-2.34,6.06,"Hendricks, Kyle",670242,543294,,foul,,,,,13,Matt Wallner strikes out swinging.,R,L,R,CHC,MIN,S,,,0,0,2024,-1.02,0.7,-0.93,2.51,,,663616.0,2,1,Top,,,,,,,5.452345669544964,-127.78100730768084,-3.95101015093712,-12.25212951815812,23.67842476846271,-23.930222787419744,3.73,1.76,90.0,76.0,6.0,87.2,1992,5.7,746847,665804,683737,663538,670623,621020,664023,691718,643565,54.8,,,,,,,,4,1,Sinker,0,0,0,0,0,0,0,0,Standard,Standard,210,0.0,-0.047,86.8,6.6,,0.047,88.0,0,0,0.525,0.475,34,26,35,27,1,0,5.0,1.0,11.0,2.0,2.24,1.02,-1.02,44.6,-11.889832590458006,18.915837956164985,41.89306336726773,52.44005697290419,22.769000187513768
SI,2024-08-05,87.9,-2.35,6.02,"Hendricks, Kyle",668904,543294,strikeout,called_strike,,,,,8,Royce Lewis called out on strikes.,R,R,R,CHC,MIN,S,2.0,,1,2,2024,-1.08,0.5,0.09,1.87,,,663616.0,1,1,Top,,,,,,,8.004233630707535,-127.78663280316994,-4.944166796089364,-13.361142642824108,23.54683326287128,-25.9319148046341,3.24,1.62,,,,87.0,2087,5.5,746847,665804,683737,663538,670623,621020,664023,691718,643565,54.95,,0.0,0.0,1.0,0.0,0.0,,3,4,Sinker,0,0,0,0,0,0,0,0,Standard,Standard,212,0.028,-0.182,,,,0.182,,0,0,0.497,0.503,34,25,35,25,1,0,5.0,1.0,11.0,1.0,2.43,1.08,1.08,43.6,,,,,
CH,2024-08-05,79.6,-2.35,6.07,"Hendricks, Kyle",668904,543294,,ball,,,,,14,Royce Lewis called out on strikes.,R,R,R,CHC,MIN,B,,,0,2,2024,-0.28,1.05,0.99,1.17,,,663616.0,1,1,Top,,,,,,,7.710920042553806,-115.65903091742966,-5.93085450027808,-3.786056431609552,19.408740607539247,-21.854278447232016,3.25,1.59,,,,78.6,2049,5.5,746847,665804,683737,663538,670623,621020,664023,691718,643565,55.03,,,,,,,,3,3,Changeup,0,0,0,0,0,0,0,0,Standard,Standard,234,0.0,0.022,,,,-0.022,,0,0,0.497,0.503,34,25,35,25,1,0,5.0,1.0,11.0,1.0,2.53,0.28,0.28,43.9,,,,,
CH,2024-08-05,79.9,-2.34,6.09,"Hendricks, Kyle",668904,543294,,swinging_strike,,,,,14,Royce Lewis called out on strikes.,R,R,R,CHC,MIN,S,,,0,1,2024,-0.6,1.17,0.63,1.2,,,663616.0,1,1,Top,,,,,,,7.537298189660906,-116.07179425492455,-6.1919804934248095,-6.710427161478731,19.65469992675892,-20.65497519643164,3.45,1.68,,,,79.0,2014,5.6,746847,665804,683737,663538,670623,621020,664023,691718,643565,54.95,,,,,,,,3,2,Changeup,0,0,0,0,0,0,0,0,Standard,Standard,231,0.0,-0.052,72.2,8.8,,0.052,,0,0,0.497,0.503,34,25,35,25,1,0,5.0,1.0,11.0,1.0,2.39,0.6,0.6,43.8,19.75610676006407,-14.763104311958898,39.47487654847267,43.07534255890461,36.8052948428158
SI,2024-08-05,87.6,-2.33,6.05,"Hendricks, Kyle",668904,543294,,called_strike,,,,,6,Royce Lewis called out on strikes.,R,R,R,CHC,MIN,S,,,0,0,2024,-1.12,0.82,0.42,2.33,,,663616.0,1,1,Top,,,,,,,8.85548500401242,-127.26060587992468,-4.543311578586631,-13.926347885393152,23.55539606893069,-22.50618883145149,3.37,1.77,,,,87.0,2014,5.8,746847,665804,683737,663538,670623,621020,664023,691718,643565,54.73,,,,,,,,3,1,Sinker,0,0,0,0,0,0,0,0,Standard,Standard,210,0.0,-0.04,,,,0.04,,0,0,0.497,0.503,34,25,35,25,1,0,5.0,1.0,11.0,1.0,2.14,1.12,1.12,44.9,,,,,
CH,2024-08-05,82.7,-2.69,6.07,"Hendricks, Kyle",663616,543294,single,hit_into_play,,,,,7,Trevor Larnach singles on a ground ball to right fielder Mike Tauchman.,R,L,R,CHC,MIN,X,9.0,ground_ball,3,2,2024,-1.38,0.55,-0.67,1.88,,,,1,1,Top,182.38,105.49,,,,,7.166607825761545,-120.16432376081352,-4.086203890563433,-14.743713124307726,22.88193693143452,-26.232678056454876,3.86,1.76,135.0,88.8,8.0,81.5,2231,5.5,746847,665804,683737,663538,670623,621020,664023,691718,643565,55.0,0.529,0.49,0.9,1.0,1.0,0.0,4.0,2,10,Changeup,0,0,0,0,0,0,0,0,Infield shade,Standard,227,-0.025,0.345,71.2,7.5,0.598,-0.345,88.8,0,0,0.522,0.478,34,27,35,27,1,0,5.0,1.0,11.0,2.0,2.79,1.38,-1.38,42.1,9.453021553260143,-9.729891374446089,43.82341221111231,42.47221691734876,39.51851279887026
CH,2024-08-05,82.1,-2.67,6.07,"Hendricks, Kyle",663616,543294,,ball,,,,,13,Trevor Larnach singles on a ground ball to right fielder Mike Tauchman.,R,L,R,CHC,MIN,B,,,2,2,2024,-1.34,0.56,-0.25,0.66,,,,1,1,Top,,,,,,,7.928145001642287,-119.25700004803466,-6.7359262829632085,-14.22413534328067,20.856577084626004,-25.70295636491202,3.72,1.71,,,,81.1,2124,5.5,746847,665804,683737,663538,670623,621020,664023,691718,643565,55.0,,,,,,,,2,9,Changeup,0,0,0,0,0,0,0,0,Infield shade,Standard,226,0.0,0.108,,,,-0.108,,0,0,0.522,0.478,34,27,35,27,1,0,5.0,1.0,11.0,2.0,2.8,1.34,-1.34,44.3,,,,,
CH,2024-08-05,82.5,-2.71,6.1,"Hendricks, Kyle",663616,543294,,ball,,,,,13,Trevor Larnach singles on a ground ball to right fielder Mike Tauchman.,R,L,R,CHC,MIN,B,,,1,2,2024,-1.31,0.74,-0.95,0.71,,,,1,1,Top,,,,,,,6.437150438489226,-119.91995850949309,-7.136025145994057,-13.869214501436243,22.136181475008527,-23.81508887824684,3.74,1.73,,,,81.5,2183,5.6,746847,665804,683737,663538,670623,621020,664023,691718,643565,54.9,,,,,,,,2,8,Changeup,0,0,0,0,0,0,0,0,Infield shade,Standard,226,0.0,0.043,,,,-0.043,,0,0,0.522,0.478,34,27,35,27,1,0,5.0,1.0,11.0,2.0,2.6,1.31,-1.31,43.6,,,,,
SI,2024-08-05,88.5,-2.69,5.99,"Hendricks, Kyle",663616,543294,,foul,,,,,3,Trevor Larnach singles on a ground ball to right fielder Mike Tauchman.,R,L,R,CHC,MIN,S,,,1,2,2024,-0.81,0.45,0.57,3.33,,,,1,1,Top,,,,,,,9.5136177869957,-128.68594082604994,-1.4406585650045138,-10.836673906542428,23.07406237217628,-27.020056317041004,3.86,1.76,104.0,62.9,12.0,87.7,1995,5.5,746847,665804,683737,663538,670623,621020,664023,691718,643565,54.97,,,,,,,,2,7,Sinker,0,0,0,0,0,0,0,0,Infield shade,Standard,211,0.0,0.0,57.0,4.8,,0.0,88.0,0,0,0.522,0.478,34,27,35,27,1,0,5.0,1.0,11.0,2.0,2.43,0.81,-0.81,44.0,-28.924822701754973,23.874393628699465,44.17272903670023,26.10827275654241,13.792972479750611
CH,2024-08-05,81.9,-2.75,6.07,"Hendricks, Kyle",663616,543294,,foul,,,,,13,Trevor Larnach singles on a ground ball to right fielder Mike Tauchman.,R,L,R,CHC,MIN,S,,,1,2,2024,-1.39,0.54,-1.17,1.31,,,,1,1,Top,,,,,,,6.149901364336085,-119.14841527440151,-5.20282089052737,-14.401870133714292,21.106398745595875,-26.28914506460028,3.86,1.76,,,,81.1,2236,5.6,746847,665804,683737,663538,670623,621020,664023,691718,643565,54.93,,,,,,,,2,6,Changeup,0,0,0,0,0,0,0,0,Infield shade,Standard,224,0.0,0.0,63.5,8.1,,0.0,,0,0,0.522,0.478,34,27,35,27,1,0,5.0,1.0,11.0,2.0,2.84,1.39,-1.39,43.8,18.830968145348308,-11.73331318198494,44.977889496326,47.96290226182767,38.17933694077973
CH,2024-08-05,82.6,-2.62,6.1,"Hendricks, Kyle",663616,543294,,foul,,,,,13,Trevor Larnach singles on a ground ball to right fielder Mike Tauchman.,R,L,R,CHC,MIN,S,,,1,2,2024,-1.25,0.57,-0.15,1.62,,,,1,1,Top,,,,,,,7.932417879139823,-119.98116553977788,-4.736609927005588,-13.61697843180095,22.33165259050733,-25.923451051787165,3.86,1.76,2.0,47.7,-41.0,81.5,2226,5.5,746847,665804,683737,663538,670623,621020,664023,691718,643565,54.97,,,,,,,,2,5,Changeup,0,0,0,0,0,0,0,0,Infield shade,Standard,228,0.0,0.0,64.2,8.3,,0.0,88.0,0,0,0.522,0.478,34,27,35,27,1,0,5.0,1.0,11.0,2.0,2.77,1.25,-1.25,44.9,26.33678169787156,-27.30938781143779,44.523746031977474,37.02442668765646,45.60749283008988
CU,2024-08-05,75.3,-2.81,6.01,"Hendricks, Kyle",663616,543294,,foul,,,,,8,Trevor Larnach singles on a ground ball to right fielder Mike Tauchman.,R,L,R,CHC,MIN,S,,,1,2,2024,1.06,-0.74,-0.19,1.81,,,,1,1,Top,,,,,,,3.519763352428112,-109.55811139046055,-0.2063170502819888,7.781678822251469,21.302563882443284,-38.283125015970654,3.86,1.76,,,,73.9,3048,5.5,746847,665804,683737,663538,670623,621020,664023,691718,643565,54.98,,,,,,,,2,4,Curveball,0,0,0,0,0,0,0,0,Infield shade,Standard,42,0.0,0.0,65.0,7.0,,0.0,,0,0,0.522,0.478,34,27,35,27,1,0,5.0,1.0,11.0,2.0,4.79,-1.06,1.06,43.0,10.78571551124516,7.602149108657586,42.59017223764129,36.70009107418576,31.263481004850327
CH,2024-08-05,81.4,-2.78,6.02,"Hendricks, Kyle",663616,543294,,swinging_strike,,,,,13,Trevor Larnach singles on a ground ball to right fielder Mike Tauchman.,R,L,R,CHC,MIN,S,,,1,1,2024,-1.47,0.61,-0.63,0.66,,,,1,1,Top,,,,,,,7.497718108403428,-118.16240514894004,-6.489419892902708,-15.173620894522696,21.57576283010708,-25.43581475412309,3.86,1.76,,,,80.3,2228,5.5,746847,665804,683737,663538,670623,621020,664023,691718,643565,54.96,,,,,,,,2,3,Changeup,0,0,0,0,0,0,0,0,Infield shade,Standard,226,0.0,-0.061,70.3,8.6,,0.061,,0,0,0.522,0.478,34,27,35,27,1,0,5.0,1.0,11.0,2.0,2.84,1.47,-1.47,42.5,28.05521317972336,-23.90223962117866,46.522079925017245,41.43410290743223,47.94487811019341
SI,2024-08-05,87.7,-2.78,6.06,"Hendricks, Kyle",663616,543294,,ball,,,,,13,Trevor Larnach singles on a ground ball to right fielder Mike Tauchman.,R,L,R,CHC,MIN,B,,,0,1,2024,-1.27,0.5,-1.66,1.83,,,,1,1,Top,,,,,,,5.233679419646097,-127.6542162853884,-5.125971444947124,-14.921431795215192,25.093170204497117,-25.83137626345368,3.71,1.69,,,,86.7,2019,5.5,746847,665804,683737,663538,670623,621020,664023,691718,643565,54.96,,,,,,,,2,2,Sinker,0,0,0,0,0,0,0,0,Infield shade,Standard,209,0.0,0.024,,,,-0.024,,0,0,0.522,0.478,34,27,35,27,1,0,5.0,1.0,11.0,2.0,2.45,1.27,-1.27,44.2,,,,,
FF,2024-08-05,88.3,-2.79,5.94,"Hendricks, Kyle",663616,543294,,called_strike,,,,,13,Trevor Larnach singles on a ground ball to right fielder Mike Tauchman.,R,L,R,CHC,MIN,S,,,0,0,2024,-0.52,1.21,-0.48,1.56,,,,1,1,Top,,,,,,,6.587468910232981,-128.32689377500586,-7.026779207473587,-7.041800603103325,24.53764210481776,-17.57757798503675,3.63,1.69,,,,87.3,2145,5.5,746847,665804,683737,663538,670623,621020,664023,691718,643565,54.95,,,,,,,,2,1,4-Seam Fastball,0,0,0,0,0,0,0,0,Infield shade,Standard,217,0.0,-0.037,,,,0.037,,0,0,0.522,0.478,34,27,35,27,1,0,5.0,1.0,11.0,2.0,1.71,0.52,-0.52,42.3,,,,,
SI,2024-08-05,87.6,-2.67,6.0,"Hendricks, Kyle",650489,543294,strikeout,called_strike,,,,,6,Willi Castro called out on strikes.,R,L,R,CHC,MIN,S,2.0,,2,2,2024,-1.01,0.52,0.67,2.14,,,,0,1,Top,,,,,,,9.986430582624989,-127.3549580705795,-4.274376520082398,-12.838583254688125,22.387452116714226,-25.874167296649308,3.27,1.51,,,,86.9,2060,5.6,746847,665804,683737,663538,670623,621020,664023,691718,643565,54.93,,0.0,0.0,1.0,0.0,0.0,,1,5,Sinker,0,0,0,0,0,0,0,0,Standard,Standard,213,0.022,-0.227,,,,0.227,,0,0,0.5,0.5,34,27,35,27,1,0,5.0,1.0,11.0,1.0,2.42,1.01,-1.01,40.3,,,,,
CH,2024-08-05,82.1,-2.71,6.12,"Hendricks, Kyle",650489,543294,,ball,,,,,13,Willi Castro called out on strikes.,R,L,R,CHC,MIN,B,,,1,2,2024,-1.27,0.58,-1.45,0.98,,,,0,1,Top,,,,,,,5.243006191776275,-119.50315448503255,-6.226698591163926,-13.18728714471654,20.151426118324185,-25.642772360343795,3.38,1.62,,,,81.4,2254,5.5,746847,665804,683737,663538,670623,621020,664023,691718,643565,54.99,,,,,,,,1,4,Changeup,0,0,0,0,0,0,0,0,Standard,Standard,225,0.0,0.04,,,,-0.04,,0,0,0.5,0.5,34,27,35,27,1,0,5.0,1.0,11.0,1.0,2.76,1.27,-1.27,44.0,,,,,
CH,2024-08-05,81.1,-2.77,6.09,"Hendricks, Kyle",650489,543294,,called_strike,,,,,14,Willi Castro called out on strikes.,R,L,R,CHC,MIN,S,,,1,1,2024,-1.19,0.61,0.0,1.26,,,,0,1,Top,,,,,,,8.34114704222528,-117.7786575436385,-5.299167519703035,-12.582219603673678,20.962537224640105,-25.694266416050297,3.48,1.63,,,,80.3,2244,5.7,746847,665804,683737,663538,670623,621020,664023,691718,643565,54.79,,,,,,,,1,3,Changeup,0,0,0,0,0,0,0,0,Standard,Standard,230,0.0,-0.056,,,,0.056,,0,0,0.5,0.5,34,27,35,27,1,0,5.0,1.0,11.0,1.0,2.85,1.19,-1.19,44.3,,,,,
FF,2024-08-05,87.2,-2.76,6.0,"Hendricks, Kyle",650489,543294,,called_strike,,,,,7,Willi Castro called out on strikes.,R,L,R,CHC,MIN,S,,,1,0,2024,-0.44,1.19,-0.73,2.08,,,,0,1,Top,,,,,,,5.6958453164796925,-126.8332140409344,-5.691998170428926,-5.783862891019038,23.4069540935012,-18.321079890681435,3.51,1.6,,,,86.5,2147,5.6,746847,665804,683737,663538,670623,621020,664023,691718,643565,54.88,,,,,,,,1,2,4-Seam Fastball,0,0,0,0,0,0,0,0,Standard,Standard,211,0.0,-0.049,,,,0.049,,0,0,0.5,0.5,34,27,35,27,1,0,5.0,1.0,11.0,1.0,1.78,0.44,-0.44,42.0,,,,,
FF,2024-08-05,87.5,-2.81,5.94,"Hendricks, Kyle",650489,543294,,ball,,,,,14,Willi Castro called out on strikes.,R,L,R,CHC,MIN,B,,,0,0,2024,-0.41,1.21,0.47,1.42,,,,0,1,Top,,,,,,,8.584045790063003,-127.02077947279876,-7.159632193891192,-6.052464548923078,24.343147511827773,-17.813562784757686,3.47,1.58,,,,86.3,2134,5.5,746847,665804,683737,663538,670623,621020,664023,691718,643565,54.99,,,,,,,,1,1,4-Seam Fastball,0,0,0,0,0,0,0,0,Standard,Standard,214,0.0,0.038,,,,-0.038,,0,0,0.5,0.5,34,27,35,27,1,0,5.0,1.0,11.0,1.0,1.77,0.41,-0.41,42.1,,,,,
SI,2024-07-31,87.8,-2.26,6.05,"Hendricks, Kyle",663697,543294,grounded_into_double_play,hit_into_play,,,,,4,"Jonathan India grounds into a double play, second baseman Nico Hoerner to shortstop Dansby Swanson to first baseman Patrick Wisdom. Santiago Espinal out at 2nd. Jonathan India out at 1st.",R,R,R,CIN,CHC,X,4.0,ground_ball,1,0,2024,-0.92,0.48,-0.67,2.26,,,669289.0,1,5,Bot,142.48,150.11,,,,,5.653053157569807,-127.81440314726508,-4.067226039140403,-11.186350066747552,23.41020057559328,-26.342312717920933,3.3,1.53,24.0,91.7,-4.0,87.0,2016,5.5,746678,542194,621550,663538,670623,621020,664023,691718,673548,54.98,0.291,0.274,0.0,1.0,0.0,0.0,2.0,43,2,Sinker,3,6,3,6,6,3,3,6,Standard,Standard,208,-0.055,-0.35,57.4,6.3,0.359,0.35,91.7,-3,-3,0.183,0.183,34,27,35,28,3,2,5.0,1.0,5.0,2.0,2.45,0.92,0.92,44.6,-18.9006980762528,35.17794878534683,38.09728965851999,31.46198034432764,18.45430714135284
SI,2024-07-31,87.8,-2.25,6.04,"Hendricks, Kyle",663697,543294,,ball,,,,,14,"Jonathan India grounds into a double play, second baseman Nico Hoerner to shortstop Dansby Swanson to first baseman Patrick Wisdom. Santiago Espinal out at 2nd. Jonathan India out at 1st.",R,R,R,CIN,CHC,B,,,0,0,2024,-1.09,0.67,0.92,2.0,,,669289.0,1,5,Bot,,,,,,,9.777072138625195,-127.46206534029618,-5.046632098237916,-13.742137534781197,23.78757541923414,-23.994252972584224,3.42,1.53,,,,87.0,1982,5.7,746678,542194,621550,663538,670623,621020,664023,691718,673548,54.77,,,,,,,,43,1,Sinker,3,6,3,6,6,3,3,6,Standard,Standard,211,0.0,0.036,,,,-0.036,,-3,-3,0.183,0.183,34,27,35,28,3,2,5.0,1.0,5.0,2.0,2.28,1.09,1.09,44.1,,,,,
SI,2024-07-31,86.8,-2.23,6.12,"Hendricks, Kyle",666181,543294,field_out,hit_into_play,,,,,11,Will Benson flies out to left fielder Ian Happ.,R,L,R,CIN,CHC,X,7.0,fly_ball,0,1,2024,-0.9,0.8,-1.05,2.9,,,669289.0,0,5,Bot,51.43,100.13,,,,,4.5735420582972335,-126.3931457377112,-3.159797299463448,-10.555669596630729,24.274982156820855,-23.17783893454852,3.72,1.78,306.0,89.4,39.0,85.9,2000,5.5,746678,542194,621550,663538,670623,621020,664023,691718,673548,54.97,0.014,0.023,0.0,1.0,0.0,0.0,3.0,42,2,Sinker,3,6,3,6,6,3,3,6,Standard,Standard,203,-0.04,-0.204,70.5,7.1,0.039,0.204,89.4,-3,-3,0.223,0.223,34,26,35,26,2,1,5.0,2.0,5.0,3.0,2.21,0.9,-0.9,46.2,11.121255006859602,6.538928446686939,25.24673576355605,48.68759216221705,20.91864703182404
SI,2024-07-31,87.1,-2.31,6.09,"Hendricks, Kyle",666181,543294,,foul,,,,,4,Will Benson flies out to left fielder Ian Happ.,R,L,R,CIN,CHC,S,,,0,0,2024,-0.98,0.73,-0.62,2.87,,,669289.0,0,5,Bot,,,,,,,5.9781974945911065,-126.81306479626136,-3.08485924727024,-11.764463151382577,23.671138563659845,-23.87363882522691,3.72,1.78,203.0,72.1,27.0,86.3,2073,5.6,746678,542194,621550,663538,670623,621020,664023,691718,673548,54.95,,,,,,,,42,1,Sinker,3,6,3,6,6,3,3,6,Standard,Standard,208,0.0,-0.042,70.5,6.9,,0.042,88.0,-3,-3,0.223,0.223,34,26,35,26,2,1,5.0,2.0,5.0,3.0,2.25,0.98,-0.98,43.2,3.825739601541811,9.985832019416709,35.25382183614209,43.87706530236171,15.041539696161877
SI,2024-07-31,87.3,-2.74,6.06,"Hendricks, Kyle",669289,543294,single,hit_into_play,,,,,1,Santiago Espinal singles on a ground ball to right fielder Seiya Suzuki.,R,R,R,CIN,CHC,X,9.0,ground_ball,0,1,2024,-1.05,0.55,-0.73,3.24,,,,0,5,Bot,180.02,154.6,,,,,6.8928611621687725,-127.06825483008188,-1.825005600127112,-12.717537046800528,23.383144766957667,-25.9745874555709,3.33,1.54,110.0,68.7,10.0,86.6,2111,5.6,746678,542194,621550,663538,670623,621020,664023,691718,673548,54.92,0.257,0.241,0.9,1.0,1.0,0.0,2.0,41,2,Sinker,3,6,3,6,6,3,3,6,Standard,Standard,207,0.044,0.485,60.8,5.6,0.292,-0.485,88.0,-3,-3,0.179,0.179,34,29,35,30,2,1,5.0,1.0,5.0,2.0,2.41,1.05,1.05,43.7,-13.146800925925495,29.247392826539496,34.9714526075704,28.81181814835073,13.428822376776088
CH,2024-07-31,79.8,-2.68,6.14,"Hendricks, Kyle",669289,543294,,foul_tip,,,,,5,Santiago Espinal singles on a ground ball to right fielder Seiya Suzuki.,R,R,R,CIN,CHC,S,,,0,0,2024,-0.27,1.12,0.05,2.71,,,,0,5,Bot,,,,,,,6.41887300435123,-116.10828245345792,-2.971543396297685,-3.4862397496601605,19.26908393160937,-21.61499914566837,3.33,1.54,,,,79.1,2032,5.5,746678,542194,621550,663538,670623,621020,664023,691718,673548,54.98,,,,,,,,41,1,Changeup,3,6,3,6,6,3,3,6,Standard,Standard,227,0.0,-0.037,65.3,6.5,,0.037,,-3,-3,0.179,0.179,34,29,35,30,2,1,5.0,1.0,5.0,2.0,2.42,0.27,0.27,44.1,-1.4616125475235764,18.648149717066065,36.58803200600831,39.432192323179024,21.48682140339214
CH,2024-07-31,81.5,-2.38,6.13,"Hendricks, Kyle",641584,543294,home_run,hit_into_play,,,,,4,Jake Fraley homers (3) on a fly ball to right field. Tyler Stephenson scores. Jeimer Candelario scores.,R,L,R,CIN,CHC,X,,fly_ball,2,2,2024,-1.19,0.65,-0.59,2.12,,663886.0,600869.0,0,5,Bot,207.97,77.95,,,,,6.197971872047359,-118.6378538639415,-3.69276622634336,-12.36961959186094,20.55495392186462,-25.4920706560785,3.32,1.56,368.0,97.9,36.0,80.6,2169,5.4,746678,542194,621550,663538,670623,621020,664023,691718,673548,55.06,0.223,0.453,2.0,1.0,0.0,3.0,5.0,40,5,Changeup,0,6,0,6,6,3,3,6,Standard,Standard,225,0.098,1.021,75.9,7.7,0.856,-1.021,97.9,-6,-6,0.081,0.081,34,29,35,29,2,1,5.0,1.0,5.0,5.0,2.75,1.19,-1.19,44.6,19.656641864059125,-14.35944552003927,32.90185221361924,42.1853576986447,41.01741121409277
CH,2024-07-31,81.1,-2.31,6.1,"Hendricks, Kyle",641584,543294,,blocked_ball,,,,,13,Jake Fraley homers (3) on a fly ball to right field. Tyler Stephenson scores. Jeimer Candelario scores.,R,L,R,CIN,CHC,B,,,1,2,2024,-1.33,0.62,-0.91,0.59,,663886.0,600869.0,0,5,Bot,,,,,,,5.580461475882388,-117.84442031569615,-6.791906696270157,-13.468477642104784,21.94803437893484,-25.333400538282195,3.34,1.56,,,,79.9,1969,5.5,746678,542194,621550,663538,670623,621020,664023,691718,673548,54.98,,,,,,,,40,4,Changeup,0,6,0,6,6,0,0,6,Standard,Standard,225,0.0,0.026,,,,-0.026,,-6,-6,0.081,0.081,34,29,35,29,2,1,5.0,1.0,5.0,5.0,2.85,1.33,-1.33,44.6,,,,,
CH,2024-07-31,82.2,-2.45,6.09,"Hendricks, Kyle",641584,543294,,swinging_strike,,,,,7,Jake Fraley homers (3) on a fly ball to right field. Tyler Stephenson scores. Jeimer Candelario scores.,R,L,R,CIN,CHC,S,,,1,1,2024,-1.2,0.92,-0.5,1.65,,663886.0,600869.0,0,5,Bot,,,,,,,6.622081571686806,-119.53550968114702,-5.258961812491995,-12.75041227007145,21.490520606394405,-22.553191186454686,3.32,1.56,,,,81.0,2093,5.4,746678,542194,621550,663538,670623,621020,664023,691718,673548,55.11,,,,,,,,40,3,Changeup,0,6,0,6,6,0,0,6,Standard,Standard,227,0.0,-0.069,66.5,8.5,,0.069,,-6,-6,0.081,0.081,34,29,35,29,2,1,5.0,1.0,5.0,5.0,2.44,1.2,-1.2,41.3,33.28602281919636,-39.044620226725854,38.43356267448541,42.43288279704083,51.54935714370703
SI,2024-07-31,88.3,-2.4,6.01,"Hendricks, Kyle",641584,543294,,ball,,,,,13,Jake Fraley homers (3) on a fly ball to right field. Tyler Stephenson scores. Jeimer Candelario scores.,R,L,R,CIN,CHC,B,,,0,1,2024,-1.15,0.47,-1.64,1.57,,663886.0,600869.0,0,5,Bot,,,,,,,4.172745012434028,-128.4985249048715,-5.69140425805073,-13.647514312351229,24.17137997948131,-26.014492189935748,3.35,1.56,,,,87.5,2032,5.6,746678,542194,621550,663538,670623,621020,664023,691718,673548,54.93,,,,,,,,40,2,Sinker,0,6,0,6,6,0,0,6,Standard,Standard,209,0.0,0.034,,,,-0.034,,-6,-6,0.081,0.081,34,29,35,29,2,1,5.0,1.0,5.0,5.0,2.43,1.15,-1.15,43.9,,,,,
CH,2024-07-31,80.7,-2.38,6.16,"Hendricks, Kyle",641584,543294,,foul,,,,,11,Jake Fraley homers (3) on a fly ball to right field. Tyler Stephenson scores. Jeimer Candelario scores.,R,L,R,CIN,CHC,S,,,0,0,2024,-1.16,0.56,-0.91,2.64,,663886.0,600869.0,0,5,Bot,,,,,,,5.373031702607465,-117.53519217598657,-2.291350508697593,-11.7152807216045,20.242286617550608,-26.73792466186497,3.32,1.56,4.0,63.6,-37.0,79.8,2083,5.4,746678,542194,621550,663538,670623,621020,664023,691718,673548,55.12,,,,,,,,40,1,Changeup,0,6,0,6,6,0,0,6,Standard,Standard,224,0.0,-0.044,66.1,7.6,,0.044,88.0,-6,-6,0.081,0.081,34,29,35,29,2,1,5.0,1.0,5.0,5.0,2.91,1.16,-1.16,45.3,18.854747716218814,-16.610763580058507,24.35277819033346,47.858812416726,39.44434332545844
SI,2024-07-31,86.6,-2.48,6.01,"Hendricks, Kyle",600869,543294,single,hit_into_play,,,,,13,Jeimer Candelario singles on a sharp line drive to center fielder Pete Crow-Armstrong. Tyler Stephenson to 2nd.,R,L,R,CIN,CHC,X,8.0,line_drive,0,1,2024,-1.07,0.62,-0.02,1.35,,,663886.0,0,5,Bot,146.63,72.99,,,,,7.9338627085908895,-125.88980408600966,-6.185451251678716,-12.894150180746818,22.93841166638684,-24.51496228101121,3.4,1.63,276.0,106.6,11.0,85.8,1984,5.6,746678,542194,621550,663538,670623,621020,664023,691718,673548,54.89,0.937,0.953,0.9,1.0,1.0,0.0,4.0,39,2,Sinker,0,6,0,6,6,0,0,6,Standard,Standard,216,0.027,0.492,,,1.261,-0.492,106.6,-6,-6,0.054,0.054,34,30,35,31,2,1,5.0,1.0,5.0,2.0,2.4,1.07,-1.07,42.4,,,,,
SI,2024-07-31,86.7,-2.44,6.0,"Hendricks, Kyle",600869,543294,,called_strike,,,,,9,Jeimer Candelario singles on a sharp line drive to center fielder Pete Crow-Armstrong. Tyler Stephenson to 2nd.,R,L,R,CIN,CHC,S,,,0,0,2024,-1.03,0.59,0.48,1.87,,,663886.0,0,5,Bot,,,,,,,8.953460322349509,-125.99952103509136,-4.881784396465289,-12.681548572971383,22.30919978813091,-25.08571242541006,3.37,1.63,,,,86.0,2063,5.6,746678,542194,621550,663538,670623,621020,664023,691718,673548,54.87,,,,,,,,39,1,Sinker,0,6,0,6,6,0,0,6,Standard,Standard,212,0.0,-0.042,,,,0.042,,-6,-6,0.054,0.054,34,30,35,31,2,1,5.0,1.0,5.0,2.0,2.42,1.03,-1.03,43.6,,,,,
SI,2024-07-31,88.1,-2.68,6.01,"Hendricks, Kyle",663886,543294,walk,ball,,,,,14,Tyler Stephenson walks.,R,R,R,CIN,CHC,B,,,3,2,2024,-1.07,0.5,1.13,1.16,,,,0,5,Bot,,,,,,,11.305857885056303,-127.90000161052868,-6.710323483370001,-13.856944890724662,21.7907429371649,-25.54933479181054,3.24,1.48,,,,87.4,2047,5.6,746678,542194,621550,663538,670623,621020,664023,691718,673548,54.88,,0.689131,0.7,1.0,0.0,0.0,,38,6,Sinker,0,6,0,6,6,0,0,6,Standard,Standard,214,0.015,0.371,,,,-0.371,,-6,-6,0.039,0.039,34,27,35,28,2,1,5.0,1.0,5.0,2.0,2.41,1.07,1.07,43.8,,,,,
FF,2024-07-31,88.7,-2.71,6.02,"Hendricks, Kyle",663886,543294,,ball,,,,,11,Tyler Stephenson walks.,R,R,R,CIN,CHC,B,,,2,2,2024,-0.46,1.2,-1.22,3.75,,,,0,5,Bot,,,,,,,4.551730190595408,-129.2225288000859,-2.083073272340003,-6.069212931054034,22.79082074831588,-18.363799159097685,3.3,1.48,,,,88.2,2191,5.5,746678,542194,621550,663538,670623,621020,664023,691718,673548,54.96,,,,,,,,38,5,4-Seam Fastball,0,6,0,6,6,0,0,6,Standard,Standard,213,0.0,0.107,,,,-0.107,,-6,-6,0.039,0.039,34,27,35,28,2,1,5.0,1.0,5.0,2.0,1.65,0.46,0.46,42.3,,,,,
CU,2024-07-31,74.5,-2.63,6.13,"Hendricks, Kyle",663886,543294,,foul,,,,,5,Tyler Stephenson walks.,R,R,R,CIN,CHC,S,,,2,1,2024,1.43,-0.86,0.14,2.44,,,,0,5,Bot,,,,,,,3.1197592699895207,-108.4100808783398,1.175800911309534,10.577143328125675,20.953824278362635,-39.391222871093866,3.23,1.48,5.0,64.3,-29.0,73.0,3010,5.4,746678,542194,621550,663538,670623,621020,664023,691718,673548,55.09,,,,,,,,38,4,Curveball,0,6,0,6,6,0,0,6,Standard,Standard,48,0.0,-0.069,71.7,7.9,,0.069,88.0,-6,-6,0.039,0.039,34,27,35,28,2,1,5.0,1.0,5.0,2.0,5.01,-1.43,-1.43,43.5,25.221166698217186,-6.431736035314643,40.08046568595268,38.0197806416616,37.594450840044026
SI,2024-07-31,87.8,-2.57,6.08,"Hendricks, Kyle",663886,543294,,ball,,,,,13,Tyler Stephenson walks.,R,R,R,CIN,CHC,B,,,1,1,2024,-1.18,0.69,-1.5,2.29,,,,0,5,Bot,,,,,,,4.954027771944447,-127.75314412843018,-4.425879286839814,-13.989607488767165,25.822648162904432,-23.880258205622887,3.3,1.48,,,,86.5,2131,5.4,746678,542194,621550,663538,670623,621020,664023,691718,673548,55.06,,,,,,,,38,3,Sinker,0,6,0,6,6,0,0,6,Standard,Standard,211,0.0,0.053,,,,-0.053,,-6,-6,0.039,0.039,34,27,35,28,2,1,5.0,1.0,5.0,2.0,2.26,1.18,1.18,44.6,,,,,
CH,2024-07-31,80.9,-2.53,6.17,"Hendricks, Kyle",663886,543294,,ball,,,,,14,Tyler Stephenson walks.,R,R,R,CIN,CHC,B,,,0,1,2024,-0.14,0.76,1.25,2.22,,,,0,5,Bot,,,,,,,8.5488342279558,-117.53981585205842,-3.5870068502648147,-2.805230458128364,20.99409912515367,-24.59336100304988,3.28,1.48,,,,80.0,2003,5.6,746678,542194,621550,663538,670623,621020,664023,691718,673548,54.91,,,,,,,,38,2,Changeup,0,6,0,6,6,0,0,6,Standard,Standard,227,0.0,0.025,,,,-0.025,,-6,-6,0.039,0.039,34,27,35,28,2,1,5.0,1.0,5.0,2.0,2.71,0.14,0.14,45.6,,,,,
CH,2024-07-31,80.4,-2.68,6.2,"Hendricks, Kyle",663886,543294,,foul,,,,,3,Tyler Stephenson walks.,R,R,R,CIN,CHC,S,,,0,0,2024,-0.07,1.04,0.42,3.28,,,,0,5,Bot,,,,,,,6.883777761318348,-116.9368043568097,-1.7842342680973486,-1.8349951756826453,20.077445050894948,-22.47685980888166,3.23,1.48,184.0,72.8,58.0,79.4,2193,5.4,746678,542194,621550,663538,670623,621020,664023,691718,673548,55.06,,,,,,,,38,1,Changeup,0,6,0,6,6,0,0,6,Standard,Standard,231,0.0,-0.037,70.9,7.1,,0.037,88.0,-6,-6,0.039,0.039,34,27,35,28,2,1,5.0,1.0,5.0,2.0,2.47,0.07,0.07,44.1,5.212049253665311,7.556848854562973,32.29895298071383,42.8283097781981,24.44151605909581
SI,2024-07-31,88.4,-2.26,6.03,"Hendricks, Kyle",670770,543294,walk,ball,,,,,11,"Cubs challenged (tag play), call on the field was overturned: TJ Friedl walks. Elly De La Cruz caught stealing 3rd base, catcher Christian Bethancourt to third baseman Isaac Paredes.",R,L,R,CIN,CHC,B,2.0,,3,2,2024,-1.01,0.42,-0.55,4.47,,682829.0,,2,4,Bot,,,,,,,6.1519835496479285,-128.6881277669389,1.314484259121417,-12.475465608750362,25.73618920197455,-27.92086634685299,3.01,1.45,,,,87.2,2030,5.4,746678,542194,621550,663538,670623,621020,664023,691718,673548,55.06,,0.689131,0.7,1.0,0.0,0.0,,34,6,Sinker,0,6,0,6,6,0,0,6,Standard,Standard,209,-0.01,0.115,,,,-0.115,,-6,-6,0.043,0.043,34,28,35,29,2,1,5.0,1.0,5.0,2.0,2.48,1.01,-1.01,43.3,,,,,
CH,2024-07-31,82.8,-2.28,6.06,"Hendricks, Kyle",670770,543294,,ball,,,,,13,"Cubs challenged (tag play), call on the field was overturned: TJ Friedl walks. Elly De La Cruz caught stealing 3rd base, catcher Christian Bethancourt to third baseman Isaac Paredes.",R,L,R,CIN,CHC,B,,,2,2,2024,-1.19,0.52,-0.14,0.71,,682829.0,,2,4,Bot,,,,,,,7.079511050988118,-120.21846083911907,-6.632323293462421,-12.854617531801203,22.75347628808308,-26.017108069488152,3.08,1.45,,,,81.6,2237,5.5,746678,542194,621550,663538,670623,621020,664023,691718,673548,54.98,,,,,,,,34,5,Changeup,0,6,0,6,6,0,0,6,Standard,Standard,226,0.0,0.049,,,,-0.049,,-6,-6,0.043,0.043,34,28,35,29,2,1,5.0,1.0,5.0,2.0,2.81,1.19,-1.19,44.1,,,,,
CH,2024-07-31,82.5,-2.34,6.07,"Hendricks, Kyle",670770,543294,,blocked_ball,,,,,14,"Cubs challenged (tag play), call on the field was overturned: TJ Friedl walks. Elly De La Cruz caught stealing 3rd base, catcher Christian Bethancourt to third baseman Isaac Paredes.",R,L,R,CIN,CHC,B,,,1,2,2024,-1.19,0.59,0.03,0.3,,682829.0,,2,4,Bot,,,,,,,7.547020234617333,-119.73483675700476,-7.645518951162801,-12.867699775868353,22.01743924187958,-25.219391867477377,3.07,1.45,,,,81.3,2192,5.5,746678,542194,621550,663538,670623,621020,664023,691718,673548,54.98,,,,,,,,34,4,Changeup,0,6,0,6,6,0,0,6,Standard,Standard,229,0.0,0.037,,,,-0.037,,-6,-6,0.043,0.043,34,28,35,29,2,1,5.0,1.0,5.0,2.0,2.76,1.19,-1.19,44.0,,,,,
CU,2024-07-31,74.6,-2.38,6.04,"Hendricks, Kyle",670770,543294,,foul,,,,,8,"Cubs challenged (tag play), call on the field was overturned: TJ Friedl walks. Elly De La Cruz caught stealing 3rd base, catcher Christian Bethancourt to third baseman Isaac Paredes.",R,L,R,CIN,CHC,S,,,1,1,2024,1.46,-0.76,-0.01,1.88,,682829.0,,2,4,Bot,,,,,,,2.262547716186852,-108.51388216090828,0.1042057285558273,10.896862670083946,22.476992772551856,-38.38323211231025,3.09,1.45,44.0,83.4,0.0,72.8,3106,5.4,746678,542194,621550,663538,670623,621020,664023,691718,673548,55.14,,,,,,,,34,3,Curveball,0,6,0,6,6,0,0,6,Standard,Standard,41,0.0,-0.06,85.3,7.8,,0.06,88.0,-6,-6,0.043,0.043,34,28,35,29,2,1,5.0,1.0,5.0,2.0,4.92,-1.46,1.46,42.4,17.98536520026048,-30.27099257606904,32.54815366111554,35.03892097783211,60.35817818857944
CH,2024-07-31,81.6,-2.32,6.09,"Hendricks, Kyle",670770,543294,,called_strike,,,,,7,"Cubs challenged (tag play), call on the field was overturned: TJ Friedl walks. Elly De La Cruz caught stealing 3rd base, catcher Christian Bethancourt to third baseman Isaac Paredes.",R,L,R,CIN,CHC,S,,,1,0,2024,-1.18,0.63,-0.43,1.77,,682829.0,,2,4,Bot,,,,,,,6.430247854953171,-118.65955958099552,-4.275530217126806,-12.4223762542534,23.236254903466296,-25.59915042636768,3.09,1.45,,,,80.4,2203,5.6,746678,542194,621550,663538,670623,621020,664023,691718,673548,54.94,,,,,,,,34,2,Changeup,0,6,0,6,6,0,0,6,Standard,Standard,227,0.0,-0.043,,,,0.043,,-6,-6,0.043,0.043,34,28,35,29,2,1,5.0,1.0,5.0,2.0,2.81,1.18,-1.18,45.0,,,,,
SI,2024-07-31,87.1,-2.35,6.04,"Hendricks, Kyle",670770,543294,,ball,,,,,13,"Cubs challenged (tag play), call on the field was overturned: TJ Friedl walks. Elly De La Cruz caught stealing 3rd base, catcher Christian Bethancourt to third baseman Isaac Paredes.",R,L,R,CIN,CHC,B,,,0,0,2024,-1.13,0.61,-1.17,1.69,,682829.0,,2,4,Bot,,,,,,,5.095708755220151,-126.69348223821218,-5.485142849553675,-13.1621937467548,25.39629294031856,-24.660960482749456,3.17,1.45,,,,86.2,2032,5.7,746678,542194,621550,663538,670623,621020,664023,691718,673548,54.79,,,,,,,,34,1,Sinker,0,6,0,6,6,0,0,6,Standard,Standard,214,0.0,0.014,,,,-0.014,,-6,-6,0.043,0.043,34,28,35,29,2,1,5.0,1.0,5.0,2.0,2.39,1.13,-1.13,43.7,,,,,
CH,2024-07-31,79.5,-2.34,6.03,"Hendricks, Kyle",668715,543294,field_out,hit_into_play,,,,,9,Spencer Steer flies out to left fielder Ian Happ.,R,R,R,CIN,CHC,X,7.0,fly_ball,0,1,2024,-0.54,1.13,0.53,1.88,,682829.0,,1,4,Bot,98.07,102.27,,,,,7.19746614728598,-115.59388743918323,-4.434175587132724,-6.153028604197074,20.83446609644849,-21.39483511663309,3.31,1.57,251.0,74.5,39.0,78.5,2028,5.6,746678,542194,621550,663538,670623,621020,664023,691718,673548,54.92,0.18,0.162,0.0,1.0,0.0,0.0,3.0,33,2,Changeup,0,6,0,6,6,0,0,6,Standard,Standard,229,-0.013,-0.226,73.9,8.2,0.193,0.226,88.0,-6,-6,0.056,0.056,34,26,35,27,2,1,5.0,1.0,5.0,2.0,2.47,0.54,0.54,42.8,24.92299134262481,-18.562809801148205,30.143244700608424,42.433300528964864,46.09777814590986
SI,2024-07-31,88.3,-2.37,5.96,"Hendricks, Kyle",668715,543294,,swinging_strike,,,,,1,Spencer Steer flies out to left fielder Ian Happ.,R,R,R,CIN,CHC,S,,,0,0,2024,-0.94,0.79,-0.65,3.12,,682829.0,,1,4,Bot,,,,,,,6.046261998897771,-128.57514418858838,-2.480243277384986,-11.679192695422394,24.903124173989507,-23.13127652514737,3.31,1.57,,,,87.5,2062,5.6,746678,542194,621550,663538,670623,621020,664023,691718,673548,54.93,,,,,,,,33,1,Sinker,0,6,0,6,6,0,0,6,Standard,Standard,217,0.0,-0.036,73.0,6.9,,0.036,,-6,-6,0.056,0.056,34,26,35,27,2,1,5.0,1.0,5.0,2.0,2.12,0.94,0.94,42.1,12.56127731902063,-4.016116991151937,22.678761017472997,28.339980053390747,28.32326758780478
FF,2024-07-31,88.6,-2.78,6.02,"Hendricks, Kyle",682829,543294,double,hit_into_play,,,,,4,Elly De La Cruz doubles (22) on a sharp line drive to center fielder Pete Crow-Armstrong.,R,L,R,CIN,CHC,X,8.0,line_drive,1,0,2024,-0.53,1.3,-0.74,2.64,,,,1,4,Bot,69.98,64.12,,,,,6.016767657678328,-128.86388976439588,-4.883102008761338,-7.115660886571648,25.426172974842032,-16.883217245826742,3.71,1.74,324.0,107.4,18.0,87.7,2059,5.6,746678,542194,621550,663538,670623,621020,664023,691718,673548,54.87,0.6,0.758,1.25,1.0,1.0,1.0,6.0,32,2,4-Seam Fastball,0,6,0,6,6,0,0,6,Standard,Standard,216,0.014,0.618,74.9,7.2,1.232,-0.618,107.4,-6,-6,0.042,0.042,34,22,35,22,2,1,5.0,1.0,5.0,2.0,1.6,0.53,-0.53,43.2,6.018472539288723,11.48370008642335,33.47455467489549,46.75986575309453,32.74660649146672
CH,2024-07-31,81.3,-2.62,6.1,"Hendricks, Kyle",682829,543294,,ball,,,,,13,Elly De La Cruz doubles (22) on a sharp line drive to center fielder Pete Crow-Armstrong.,R,L,R,CIN,CHC,B,,,0,0,2024,-1.27,0.53,-0.49,1.4,,,,1,4,Bot,,,,,,,7.110581246260892,-118.21809903209184,-4.897949498400398,-13.248757064243245,21.825418242573587,-26.49335644510125,3.56,1.68,,,,80.5,2148,5.7,746678,542194,621550,663538,670623,621020,664023,691718,673548,54.79,,,,,,,,32,1,Changeup,0,6,0,6,6,0,0,6,Standard,Standard,225,0.0,0.039,,,,-0.039,,-6,-6,0.042,0.042,34,22,35,22,2,1,5.0,1.0,5.0,2.0,2.92,1.27,-1.27,45.1,,,,,
SI,2024-07-31,88.5,-2.6,6.0,"Hendricks, Kyle",663697,543294,strikeout,swinging_strike,,,,,11,Jonathan India strikes out swinging.,R,R,R,CIN,CHC,S,2.0,,1,2,2024,-1.02,0.48,-1.35,2.7,,,,0,4,Bot,,,,,,,5.1198616558919925,-128.86894927676562,-3.008837628016319,-12.434056908413938,24.646277531958017,-26.4387112380942,3.3,1.53,,,,87.8,2011,5.6,746678,542194,621550,663538,670623,621020,664023,691718,673548,54.88,,0.0,0.0,1.0,0.0,0.0,,31,4,Sinker,0,6,0,6,6,0,0,6,Standard,Standard,213,-0.009,-0.186,28.9,4.6,,0.186,,-6,-6,0.051,0.051,34,27,35,28,2,1,5.0,1.0,5.0,2.0,2.41,1.02,1.02,42.5,-22.105826030846018,44.64594478482395,42.79235587117375,20.338125830630467,12.980979527884134
SI,2024-07-31,86.8,-2.62,6.12,"Hendricks, Kyle",663697,543294,,called_strike,,,,,9,Jonathan India strikes out swinging.,R,R,R,CIN,CHC,S,,,1,1,2024,-0.96,0.56,0.68,1.94,,,,0,4,Bot,,,,,,,9.728679732641652,-126.12561967124036,-4.928644562086905,-12.147085969067046,23.49761342393993,-25.425283295398987,3.34,1.53,,,,86.0,1998,5.7,746678,542194,621550,663538,670623,621020,664023,691718,673548,54.81,,,,,,,,31,3,Sinker,0,6,0,6,6,0,0,6,Standard,Standard,211,0.0,-0.056,,,,0.056,,-6,-6,0.051,0.051,34,27,35,28,2,1,5.0,1.0,5.0,2.0,2.46,0.96,0.96,46.4,,,,,
CH,2024-07-31,80.1,-2.58,6.17,"Hendricks, Kyle",663697,543294,,ball,,,,,14,Jonathan India strikes out swinging.,R,R,R,CIN,CHC,B,,,0,1,2024,-0.26,0.99,1.25,1.09,,,,0,4,Bot,,,,,,,8.847851717310263,-116.36310279700264,-6.369067711265496,-3.8488501395069834,19.71015867256693,-22.15740610415171,3.34,1.53,,,,79.5,2146,5.8,746678,542194,621550,663538,670623,621020,664023,691718,673548,54.75,,,,,,,,31,2,Changeup,0,6,0,6,6,0,0,6,Standard,Standard,227,0.0,0.025,,,,-0.025,,-6,-6,0.051,0.051,34,27,35,28,2,1,5.0,1.0,5.0,2.0,2.55,0.26,0.26,45.5,,,,,
CH,2024-07-31,80.1,-2.68,6.18,"Hendricks, Kyle",663697,543294,,called_strike,,,,,6,Jonathan India strikes out swinging.,R,R,R,CIN,CHC,S,,,0,0,2024,-0.43,1.0,0.81,2.25,,,,0,4,Bot,,,,,,,8.394162395398686,-116.3588833685282,-3.8599852033558895,-5.413566973653198,20.123115051052523,-22.485316923485424,3.23,1.53,,,,79.3,2132,5.7,746678,542194,621550,663538,670623,621020,664023,691718,673548,54.85,,,,,,,,31,1,Changeup,0,6,0,6,6,0,0,6,Standard,Standard,224,0.0,-0.037,,,,0.037,,-6,-6,0.051,0.051,34,27,35,28,2,1,5.0,1.0,5.0,2.0,2.54,0.43,0.43,44.2,,,,,
CH,2024-07-31,82.7,-2.61,6.08,"Hendricks, Kyle",666181,543294,strikeout,swinging_strike,,,,,14,Will Benson strikes out swinging.,R,L,R,CIN,CHC,S,2.0,,3,2,2024,-1.35,0.69,0.37,1.16,,,,2,3,Bot,,,,,,,9.286549311116827,-120.08090526251502,-5.971814050859025,-14.796375255256253,22.68553235444068,-24.54173040524931,3.72,1.78,,,,81.7,2202,5.7,746678,542194,621550,663538,670623,621020,664023,691718,673548,54.84,,0.0,0.0,1.0,0.0,0.0,,26,7,Changeup,0,6,0,6,6,0,0,6,Standard,Standard,228,-0.004,-0.325,73.3,8.7,,0.325,,-6,-6,0.047,0.047,34,26,35,26,1,0,5.0,2.0,5.0,3.0,2.66,1.35,-1.35,40.6,33.94814785066913,-41.19251811881239,44.46496913660688,32.66789956499426,49.50121632052681
FF,2024-07-31,89.9,-2.75,5.93,"Hendricks, Kyle",666181,543294,,ball,,,,,13,Will Benson strikes out swinging.,R,L,R,CIN,CHC,B,,,2,2,2024,-0.76,1.31,-1.7,2.02,,,,2,3,Bot,,,,,,,4.147244471885593,-130.72954338993722,-6.41176414881225,-9.619856348576182,27.11786867649566,-16.031830833145538,3.63,1.78,,,,88.8,2179,5.6,746678,542194,621550,663538,670623,621020,664023,691718,673548,54.9,,,,,,,,26,6,4-Seam Fastball,0,6,0,6,6,0,0,6,Infield shade,Standard,216,0.0,0.106,,,,-0.106,,-6,-6,0.047,0.047,34,26,35,26,1,0,5.0,2.0,5.0,3.0,1.51,0.76,-0.76,40.2,,,,,
SI,2024-07-31,88.2,-2.52,6.08,"Hendricks, Kyle",666181,543294,,foul,,,,,2,Will Benson strikes out swinging.,R,L,R,CIN,CHC,S,,,2,2,2024,-1.1,0.67,0.2,3.16,,,,2,3,Bot,,,,,,,8.77944816197733,-128.27750409598917,-2.4012483915613574,-13.879534269681653,25.161640227198006,-24.41930274816588,3.72,1.78,,,,87.4,2042,5.7,746678,542194,621550,663538,670623,621020,664023,691718,673548,54.81,,,,,,,,26,5,Sinker,0,6,0,6,6,0,0,6,Standard,Standard,213,0.0,0.0,41.3,4.3,,0.0,,-6,-6,0.047,0.047,34,26,35,26,1,0,5.0,2.0,5.0,3.0,2.25,1.1,-1.1,44.6,-19.71940345096923,63.80987037023765,36.86273702528376,32.20756881432957,-10.794436383781736
FF,2024-07-31,88.6,-2.66,5.95,"Hendricks, Kyle",666181,543294,,called_strike,,,,,9,Will Benson strikes out swinging.,R,L,R,CIN,CHC,S,,,2,1,2024,-0.39,1.25,0.37,1.85,,,,2,3,Bot,,,,,,,8.10186776769059,-128.75640018840565,-6.516078231381185,-5.920855074508942,24.9459751388811,-17.115649177170745,3.68,1.78,,,,87.7,2112,5.6,746678,542194,621550,663538,670623,621020,664023,691718,673548,54.88,,,,,,,,26,4,4-Seam Fastball,0,6,0,6,6,0,0,6,Standard,Standard,213,0.0,-0.084,,,,0.084,,-6,-6,0.047,0.047,34,26,35,26,1,0,5.0,2.0,5.0,3.0,1.65,0.39,-0.39,41.9,,,,,
SI,2024-07-31,87.0,-2.58,6.11,"Hendricks, Kyle",666181,543294,,foul,,,,,4,Will Benson strikes out swinging.,R,L,R,CIN,CHC,S,,,2,0,2024,-0.88,0.8,-0.66,2.47,,,,2,3,Bot,,,,,,,6.309883246003161,-126.59942049724512,-4.204191699739027,-10.7079440180738,23.67227842593876,-22.95373132260722,3.72,1.78,107.0,77.8,79.0,86.1,2085,5.5,746678,542194,621550,663538,670623,621020,664023,691718,673548,54.96,,,,,,,,26,3,Sinker,0,6,0,6,6,0,0,6,Standard,Standard,208,0.0,-0.061,76.1,7.7,,0.061,88.0,-6,-6,0.047,0.047,34,26,35,26,1,0,5.0,2.0,5.0,3.0,2.2,0.88,-0.88,45.0,16.403294322317493,-3.280491358430945,30.22019894923849,45.05868389495179,29.693280311496583
SI,2024-07-31,86.9,-2.59,6.13,"Hendricks, Kyle",666181,543294,,ball,,,,,11,Will Benson strikes out swinging.,R,L,R,CIN,CHC,B,,,1,0,2024,-0.81,0.83,-1.38,3.06,,,,2,3,Bot,,,,,,,4.487663049992109,-126.54504958347502,-2.9031240757003225,-9.624077566925378,23.88398532689003,-22.867451698868887,3.7,1.78,,,,86.1,2102,5.6,746678,542194,621550,663538,670623,621020,664023,691718,673548,54.92,,,,,,,,26,2,Sinker,0,6,0,6,6,0,0,6,Standard,Standard,207,0.0,0.068,,,,-0.068,,-6,-6,0.047,0.047,34,26,35,26,1,0,5.0,2.0,5.0,3.0,2.17,0.81,-0.81,44.9,,,,,
FF,2024-07-31,88.2,-2.73,5.96,"Hendricks, Kyle",666181,543294,,ball,,,,,11,Will Benson strikes out swinging.,R,L,R,CIN,CHC,B,,,0,0,2024,-0.42,1.22,-1.52,2.84,,,,2,3,Bot,,,,,,,3.756328117738547,-128.45719499337247,-4.028664320554446,-5.438917396603458,24.15662190375119,-18.05404386773528,3.72,1.78,,,,87.5,2043,5.6,746678,542194,621550,663538,670623,621020,664023,691718,673548,54.94,,,,,,,,26,1,4-Seam Fastball,0,6,0,6,6,0,0,6,Standard,Standard,212,0.0,0.04,,,,-0.04,,-6,-6,0.047,0.047,34,26,35,26,1,0,5.0,2.0,5.0,3.0,1.69,0.42,-0.42,40.9,,,,,
CH,2024-07-31,80.9,-2.67,6.15,"Hendricks, Kyle",669289,543294,field_out,hit_into_play,,,,,1,"Santiago Espinal grounds out, shortstop Dansby Swanson to first baseman Patrick Wisdom.",R,R,R,CIN,CHC,X,6.0,ground_ball,1,1,2024,-0.42,1.12,-0.29,3.24,,,,1,3,Bot,118.2,159.57,,,,,6.015129838082161,-117.72431784257115,-2.034298488460214,-4.939991906168431,19.98262555156812,-21.46976765497164,3.33,1.54,2.0,52.9,-59.0,80.3,2128,5.6,746678,542194,621550,663538,670623,621020,664023,691718,673548,54.87,0.217,0.21,0.0,1.0,0.0,0.0,1.0,25,3,Changeup,0,6,0,6,6,0,0,6,Standard,Standard,221,-0.006,-0.243,69.2,7.6,0.217,0.243,88.0,-6,-6,0.053,0.053,34,29,35,30,1,0,5.0,1.0,5.0,2.0,2.33,0.42,0.42,43.9,19.26426384652463,-23.4098769578514,27.831812581100756,34.093449425287034,43.4760071124388
SI,2024-07-31,87.4,-2.56,6.11,"Hendricks, Kyle",669289,543294,,ball,,,,,14,"Santiago Espinal grounds out, shortstop Dansby Swanson to first baseman Patrick Wisdom.",R,R,R,CIN,CHC,B,,,0,1,2024,-1.0,0.55,0.96,1.7,,,,1,3,Bot,,,,,,,10.372277552459828,-126.84463750824304,-5.570000994411495,-12.78768172089965,23.61566780773619,-25.29217513274969,3.32,1.54,,,,86.6,2092,5.7,746678,542194,621550,663538,670623,621020,664023,691718,673548,54.8,,,,,,,,25,2,Sinker,0,6,0,6,6,0,0,6,Standard,Standard,208,0.0,0.024,,,,-0.024,,-6,-6,0.053,0.053,34,29,35,30,1,0,5.0,1.0,5.0,2.0,2.43,1.0,1.0,44.7,,,,,
FF,2024-07-31,86.9,-2.61,6.04,"Hendricks, Kyle",669289,543294,,called_strike,,,,,9,"Santiago Espinal grounds out, shortstop Dansby Swanson to first baseman Patrick Wisdom.",R,R,R,CIN,CHC,S,,,0,0,2024,-0.49,1.38,0.62,2.05,,,,1,3,Bot,,,,,,,8.661084349962277,-126.26074480856718,-6.14064110763523,-6.916023621902166,24.89012055306895,-16.327632494304407,3.33,1.54,,,,86.2,2091,5.9,746678,542194,621550,663538,670623,621020,664023,691718,673548,54.62,,,,,,,,25,1,4-Seam Fastball,0,6,0,6,6,0,0,6,Standard,Standard,209,0.0,-0.037,,,,0.037,,-6,-6,0.053,0.053,34,29,35,30,1,0,5.0,1.0,5.0,2.0,1.64,0.49,0.49,43.9,,,,,
SI,2024-07-31,86.4,-2.62,6.2,"Hendricks, Kyle",641584,543294,field_out,hit_into_play,,,,,11,"Jake Fraley grounds out, shortstop Dansby Swanson to first baseman Patrick Wisdom.",R,L,R,CIN,CHC,X,6.0,ground_ball,0,0,2024,-1.06,0.61,-0.85,2.5,,,,0,3,Bot,111.37,125.14,,,,,6.300666712785079,-125.6598529245783,-3.824887205046148,-12.47906036187181,24.34846015210565,-25.10948033427781,3.32,1.56,5.0,93.6,-24.0,85.5,2060,5.6,746678,542194,621550,663538,670623,621020,664023,691718,673548,54.85,0.111,0.102,0.0,1.0,0.0,0.0,2.0,24,1,Sinker,0,6,0,6,6,0,0,6,Standard,Standard,209,-0.01,-0.254,67.5,6.3,0.128,0.254,93.6,-6,-6,0.063,0.063,34,29,35,29,1,0,5.0,1.0,5.0,5.0,2.43,1.06,-1.06,46.0,-7.884142018911798,16.28555121332218,34.11743720233888,47.36440351737741,16.565796957794923
SI,2024-07-31,88.4,-2.6,6.07,"Hendricks, Kyle",600869,543294,strikeout,swinging_strike,,,,,3,Jeimer Candelario strikes out swinging.,R,L,R,CIN,CHC,S,2.0,,2,2,2024,-1.1,0.66,0.4,3.17,,,,2,2,Bot,,,,,,,9.452326187134704,-128.54288028289173,-2.361478327359535,-14.105511874740214,24.64392647006085,-24.582725541321643,3.4,1.63,,,,87.5,2090,5.6,746678,542194,621550,663538,670623,621020,664023,691718,673548,54.9,,0.0,0.0,1.0,0.0,0.0,,15,5,Sinker,0,2,0,2,2,0,0,2,Standard,Standard,210,-0.011,-0.219,58.6,5.5,,0.219,,-2,-2,0.29,0.29,34,30,35,31,1,0,5.0,1.0,5.0,2.0,2.25,1.1,-1.1,44.2,-13.182162820294764,26.26834524382177,42.64487008838399,28.736113994083976,8.9357397451755
CH,2024-07-31,81.9,-2.61,6.04,"Hendricks, Kyle",600869,543294,,foul,,,,,13,Jeimer Candelario strikes out swinging.,R,L,R,CIN,CHC,S,,,2,1,2024,-1.38,0.67,-0.06,1.31,,,,2,2,Bot,,,,,,,8.279586713286495,-118.86564834683249,-5.302961174700327,-14.654866354361996,23.02195709446209,-24.92889004003996,3.4,1.63,,,,80.6,2168,5.6,746678,542194,621550,663538,670623,621020,664023,691718,673548,54.9,,,,,,,,15,4,Changeup,0,2,0,2,2,0,0,2,Standard,Standard,227,0.0,-0.084,70.9,9.0,,0.084,,-2,-2,0.29,0.29,34,30,35,31,1,0,5.0,1.0,5.0,2.0,2.74,1.38,-1.38,41.9,25.706098601210247,-30.1150691646454,40.038164106498215,37.41093718613224,49.28789363906678
CU,2024-07-31,75.9,-2.66,6.06,"Hendricks, Kyle",600869,543294,,ball,,,,,14,Jeimer Candelario strikes out swinging.,R,L,R,CIN,CHC,B,,,1,1,2024,1.41,-0.72,0.36,1.5,,,,2,2,Bot,,,,,,,3.73815972009445,-110.46358265763156,-1.0909893732506295,10.656930520618886,22.58634489553673,-38.01045425518368,3.3,1.62,,,,74.2,3081,5.4,746678,542194,621550,663538,670623,621020,664023,691718,673548,55.13,,,,,,,,15,3,Curveball,0,2,0,2,2,0,0,2,Standard,Standard,41,0.0,0.058,,,,-0.058,,-2,-2,0.29,0.29,34,30,35,31,1,0,5.0,1.0,5.0,2.0,4.72,-1.41,1.41,42.3,,,,,
FF,2024-07-31,89.2,-2.72,6.03,"Hendricks, Kyle",600869,543294,,ball,,,,,11,Jeimer Candelario strikes out swinging.,R,L,R,CIN,CHC,B,,,0,1,2024,-0.52,1.33,-1.33,2.98,,,,2,2,Bot,,,,,,,4.449991141067265,-129.80927786706766,-4.23520203901002,-6.829009439078768,26.781010383559902,-16.420756104343656,3.45,1.63,,,,88.1,2150,5.5,746678,542194,621550,663538,670623,621020,664023,691718,673548,54.95,,,,,,,,15,2,4-Seam Fastball,0,2,0,2,2,0,0,2,Standard,Standard,218,0.0,0.029,,,,-0.029,,-2,-2,0.29,0.29,34,30,35,31,1,0,5.0,1.0,5.0,2.0,1.53,0.52,-0.52,42.1,,,,,
SI,2024-07-31,88.2,-2.56,6.05,"Hendricks, Kyle",600869,543294,,called_strike,,,,,8,Jeimer Candelario strikes out swinging.,R,L,R,CIN,CHC,S,,,0,0,2024,-1.2,0.83,-0.19,1.54,,,,2,2,Bot,,,,,,,8.156300632467882,-128.19556205632625,-6.565869863102303,-14.889872563928035,24.908301224753583,-21.85287236407203,3.48,1.66,,,,87.5,2110,5.8,746678,542194,621550,663538,670623,621020,664023,691718,673548,54.73,,,,,,,,15,1,Sinker,0,2,0,2,2,0,0,2,Standard,Standard,210,0.0,-0.041,,,,0.041,,-2,-2,0.29,0.29,34,30,35,31,1,0,5.0,1.0,5.0,2.0,2.09,1.2,-1.2,44.8,,,,,
FF,2024-07-31,89.9,-2.58,6.0,"Hendricks, Kyle",663886,543294,strikeout,swinging_strike,,,,,12,Tyler Stephenson strikes out swinging.,R,R,R,CIN,CHC,S,2.0,,3,2,2024,-0.43,1.32,1.15,2.59,,,,1,2,Bot,,,,,,,10.044448820549016,-130.56772173917426,-5.210158730143434,-6.979139352969861,26.477413374311848,-16.125777154621257,3.23,1.48,,,,89.0,2182,5.7,746678,542194,621550,663538,670623,621020,664023,691718,673548,54.75,,0.0,0.0,1.0,0.0,0.0,,14,6,4-Seam Fastball,0,2,0,2,2,0,0,2,Standard,Standard,216,-0.017,-0.332,69.2,7.6,,0.332,,-2,-2,0.307,0.307,34,27,35,28,1,0,5.0,1.0,5.0,2.0,1.5,0.43,0.43,43.1,9.420214332041924,14.489588320443852,33.062741731967684,51.70060119994194,14.562167546015072
SI,2024-07-31,90.0,-2.57,6.02,"Hendricks, Kyle",663886,543294,,ball,,,,,14,Tyler Stephenson strikes out swinging.,R,R,R,CIN,CHC,B,,,2,2,2024,-1.08,0.65,0.9,1.73,,,,1,2,Bot,,,,,,,10.753092231912872,-130.56671789515894,-6.011133362615926,-14.470583813492382,25.159859764047805,-23.64940979449371,3.23,1.48,,,,89.1,2009,5.7,746678,542194,621550,663538,670623,621020,664023,691718,673548,54.79,,,,,,,,14,5,Sinker,0,2,0,2,2,0,0,2,Standard,Standard,216,0.0,0.108,,,,-0.108,,-2,-2,0.307,0.307,34,27,35,28,1,0,5.0,1.0,5.0,2.0,2.16,1.08,1.08,43.2,,,,,
CH,2024-07-31,81.4,-2.6,6.1,"Hendricks, Kyle",663886,543294,,foul,,,,,1,Tyler Stephenson strikes out swinging.,R,R,R,CIN,CHC,S,,,2,1,2024,-0.54,1.1,-0.37,2.73,,,,1,2,Bot,,,,,,,5.968813083628722,-118.54392256812604,-3.122217586399611,-6.158125048814702,20.53544926900752,-21.32196803223748,3.23,1.48,23.0,88.3,-6.0,80.6,2084,5.5,746678,542194,621550,663538,670623,621020,664023,691718,673548,55.0,,,,,,,,14,4,Changeup,0,2,0,2,2,0,0,2,Standard,Standard,225,0.0,-0.078,74.9,7.6,,0.078,88.3,-2,-2,0.307,0.307,34,27,35,28,1,0,5.0,1.0,5.0,2.0,2.3,0.54,0.54,45.4,22.773946363346536,-10.436241760605148,36.924511507626185,32.844133096287564,37.705393270056256
SI,2024-07-31,88.6,-2.62,6.03,"Hendricks, Kyle",663886,543294,,ball,,,,,13,Tyler Stephenson strikes out swinging.,R,R,R,CIN,CHC,B,,,1,1,2024,-1.16,0.86,-1.69,1.28,,,,1,2,Bot,,,,,,,4.638046848412415,-128.8503781982707,-7.280301119359601,-13.940399758192564,24.51693347720165,-21.356896027954036,3.27,1.48,,,,87.9,2003,5.7,746678,542194,621550,663538,670623,621020,664023,691718,673548,54.82,,,,,,,,14,3,Sinker,0,2,0,2,2,0,0,2,Standard,Standard,212,0.0,0.059,,,,-0.059,,-2,-2,0.307,0.307,34,27,35,28,1,0,5.0,1.0,5.0,2.0,2.03,1.16,1.16,43.3,,,,,
CU,2024-07-31,75.4,-2.58,6.08,"Hendricks, Kyle",663886,543294,,ball,,,,,14,Tyler Stephenson strikes out swinging.,R,R,R,CIN,CHC,B,,,0,1,2024,1.17,-0.92,1.65,0.64,,,,1,2,Bot,,,,,,,6.630015376164142,-109.63002515961868,-2.477317958245797,8.099788889534297,20.848214469039707,-39.2845125507043,3.21,1.48,,,,74.2,3026,5.6,746678,542194,621550,663538,670623,621020,664023,691718,673548,54.92,,,,,,,,14,2,Curveball,0,2,0,2,2,0,0,2,Standard,Standard,41,0.0,0.024,,,,-0.024,,-2,-2,0.307,0.307,34,27,35,28,1,0,5.0,1.0,5.0,2.0,4.96,-1.17,-1.17,44.2,,,,,
SI,2024-07-31,87.8,-2.6,6.05,"Hendricks, Kyle",663886,543294,,called_strike,,,,,9,Tyler Stephenson strikes out swinging.,R,R,R,CIN,CHC,S,,,0,0,2024,-1.1,0.76,0.75,1.86,,,,1,2,Bot,,,,,,,10.249292083092593,-127.53518033973783,-5.619221459585072,-13.930384372272169,22.16827876331139,-22.866158171573613,3.26,1.48,,,,87.3,2041,5.8,746678,542194,621550,663538,670623,621020,664023,691718,673548,54.74,,,,,,,,14,1,Sinker,0,2,0,2,2,0,0,2,Standard,Standard,209,0.0,-0.037,,,,0.037,,-2,-2,0.307,0.307,34,27,35,28,1,0,5.0,1.0,5.0,2.0,2.17,1.1,1.1,43.8,,,,,
SI,2024-07-31,87.1,-2.58,6.05,"Hendricks, Kyle",670770,543294,field_out,hit_into_play,,,,,5,TJ Friedl grounds out to first baseman Patrick Wisdom.,R,L,R,CIN,CHC,X,3.0,ground_ball,2,1,2024,-0.85,0.52,-0.06,1.97,,,,0,2,Bot,154.61,165.88,,,,,7.710628347490551,-126.63167648645816,-4.711563405266978,-10.638953855308143,22.75692702599258,-25.850782392749178,3.09,1.45,8.0,89.8,-15.0,86.5,1939,5.7,746678,542194,621550,663538,670623,621020,664023,691718,673548,54.79,0.129,0.12,0.0,1.0,0.0,0.0,2.0,13,4,Sinker,0,2,0,2,2,0,0,2,Standard,Standard,212,-0.024,-0.296,71.6,6.9,0.143,0.296,89.8,-2,-2,0.331,0.331,34,28,35,29,1,0,5.0,1.0,5.0,2.0,2.46,0.85,-0.85,44.7,3.4320782844404816,-5.627344496232431,34.53930833402751,34.29704192210073,41.60140350528224
CU,2024-07-31,74.9,-2.71,6.06,"Hendricks, Kyle",670770,543294,,ball,,,,,13,TJ Friedl grounds out to first baseman Patrick Wisdom.,R,L,R,CIN,CHC,B,,,1,1,2024,1.16,-0.98,-0.99,0.83,,,,0,2,Bot,,,,,,,1.4765911131547609,-109.05011927165798,-1.8581962932106488,8.93592510826309,20.249062383676865,-39.857093407638544,3.12,1.45,,,,73.6,3068,5.4,746678,542194,621550,663538,670623,621020,664023,691718,673548,55.06,,,,,,,,13,3,Curveball,0,2,0,2,2,0,0,2,Standard,Standard,47,0.0,0.053,,,,-0.053,,-2,-2,0.331,0.331,34,28,35,29,1,0,5.0,1.0,5.0,2.0,5.06,-1.16,1.16,42.2,,,,,
SI,2024-07-31,86.6,-2.6,6.17,"Hendricks, Kyle",670770,543294,,ball,,,,,11,TJ Friedl grounds out to first baseman Patrick Wisdom.,R,L,R,CIN,CHC,B,,,0,1,2024,-1.04,0.79,-1.03,3.11,,,,0,2,Bot,,,,,,,5.795454830762749,-126.18673521301912,-2.7964326014299843,-12.18208234328473,21.448680675649804,-23.35777313453868,3.24,1.54,,,,86.2,1973,5.6,746678,542194,621550,663538,670623,621020,664023,691718,673548,54.94,,,,,,,,13,2,Sinker,0,2,0,2,2,0,0,2,Standard,Standard,212,0.0,0.025,,,,-0.025,,-2,-2,0.331,0.331,34,28,35,29,1,0,5.0,1.0,5.0,2.0,2.2,1.04,-1.04,45.1,,,,,
FF,2024-07-31,87.2,-2.67,6.06,"Hendricks, Kyle",670770,543294,,called_strike,,,,,1,TJ Friedl grounds out to first baseman Patrick Wisdom.,R,L,R,CIN,CHC,S,,,0,0,2024,-0.52,1.27,-0.48,2.87,,,,0,2,Bot,,,,,,,6.237274011697345,-126.91045654704784,-4.128906822897313,-6.774674029716444,23.035630254692755,-17.78363586911888,3.13,1.58,,,,86.6,2129,5.6,746678,542194,621550,663538,670623,621020,664023,691718,673548,54.86,,,,,,,,13,1,4-Seam Fastball,0,2,0,2,2,0,0,2,Standard,Standard,209,0.0,-0.037,,,,0.037,,-2,-2,0.331,0.331,34,28,35,29,1,0,5.0,1.0,5.0,2.0,1.7,0.52,-0.52,43.8,,,,,
SI,2024-07-31,88.6,-2.68,6.05,"Hendricks, Kyle",668715,543294,field_out,hit_into_play,,,,,1,"Spencer Steer grounds out, third baseman Isaac Paredes to first baseman Patrick Wisdom.",R,R,R,CIN,CHC,X,5.0,ground_ball,1,2,2024,-1.19,0.5,-0.69,2.85,,,,2,1,Bot,105.1,163.95,,,,,7.250213564565039,-128.9094877772139,-2.815325650518383,-14.692145187416903,24.9525648706076,-26.185578677039796,3.31,1.57,4.0,58.6,-39.0,87.8,2086,5.7,746678,542194,621550,663538,670623,621020,664023,691718,673548,54.84,0.157,0.151,0.0,1.0,0.0,0.0,1.0,6,4,Sinker,0,0,0,0,0,0,0,0,Standard,Standard,208,-0.01,-0.18,62.7,6.2,0.167,0.18,88.0,0,0,0.51,0.51,34,26,35,27,1,0,5.0,1.0,5.0,2.0,2.39,1.19,1.19,42.9,2.849732104357764,3.981362205010573,26.848383262046656,26.49558820787128,25.072566039809946
CH,2024-07-31,81.4,-2.52,6.06,"Hendricks, Kyle",668715,543294,,ball,,,,,14,"Spencer Steer grounds out, third baseman Isaac Paredes to first baseman Patrick Wisdom.",R,R,R,CIN,CHC,B,,,0,2,2024,-0.22,0.88,1.83,0.45,,,,2,1,Bot,,,,,,,10.041964115440726,-118.08282396632164,-7.61377389824962,-3.810829722390525,20.072809384739656,-22.68174859726795,3.34,1.57,,,,80.6,2084,5.6,746678,542194,621550,663538,670623,621020,664023,691718,673548,54.86,,,,,,,,6,3,Changeup,0,0,0,0,0,0,0,0,Standard,Standard,231,0.0,0.023,,,,-0.023,,0,0,0.51,0.51,34,26,35,27,1,0,5.0,1.0,5.0,2.0,2.55,0.22,0.22,44.7,,,,,
CH,2024-07-31,81.3,-2.68,6.18,"Hendricks, Kyle",668715,543294,,swinging_strike,,,,,6,"Spencer Steer grounds out, third baseman Isaac Paredes to first baseman Patrick Wisdom.",R,R,R,CIN,CHC,S,,,0,1,2024,-0.42,1.01,0.42,2.53,,,,2,1,Bot,,,,,,,7.633846425453656,-118.16428168411385,-3.501217853176532,-5.299402713250044,20.78434603924878,-22.22321771370608,3.31,1.57,,,,80.4,2038,5.5,746678,542194,621550,663538,670623,621020,664023,691718,673548,54.97,,,,,,,,6,2,Changeup,0,0,0,0,0,0,0,0,Standard,Standard,221,0.0,-0.058,72.3,8.2,,0.058,,0,0,0.51,0.51,34,26,35,27,1,0,5.0,1.0,5.0,2.0,2.43,0.42,0.42,45.5,24.04395600737132,-39.95593209633852,23.81330161410287,37.94902480439744,56.18320306795764
SI,2024-07-31,87.7,-2.57,6.02,"Hendricks, Kyle",668715,543294,,called_strike,,,,,9,"Spencer Steer grounds out, third baseman Isaac Paredes to first baseman Patrick Wisdom.",R,R,R,CIN,CHC,S,,,0,0,2024,-1.21,0.62,0.81,1.91,,,,2,1,Bot,,,,,,,10.542119512314343,-127.32348285718676,-5.050578163361759,-15.30693665892202,24.50937638280076,-24.55400039020082,3.25,1.57,,,,86.9,2003,5.7,746678,542194,621550,663538,670623,621020,664023,691718,673548,54.76,,,,,,,,6,1,Sinker,0,0,0,0,0,0,0,0,Standard,Standard,213,0.0,-0.041,,,,0.041,,0,0,0.51,0.51,34,26,35,27,1,0,5.0,1.0,5.0,2.0,2.34,1.21,1.21,42.2,,,,,
FF,2024-07-31,88.0,-2.62,6.05,"Hendricks, Kyle",682829,543294,field_out,hit_into_play,,,,,13,"Elly De La Cruz grounds out, shortstop Dansby Swanson to first baseman Patrick Wisdom.",R,L,R,CIN,CHC,X,6.0,ground_ball,1,0,2024,-0.71,1.2,-0.89,2.03,,,,1,1,Bot,115.01,136.57,,,,,5.580565128084533,-127.99832511235044,-6.07303040539543,-8.994928968494827,26.7665405677963,-17.867359329549668,3.71,1.74,80.0,75.0,7.0,86.9,2125,5.6,746678,542194,621550,663538,670623,621020,664023,691718,673548,54.87,0.246,0.279,0.0,1.0,0.0,0.0,2.0,5,2,4-Seam Fastball,0,0,0,0,0,0,0,0,Standard,Standard,211,-0.016,-0.295,75.7,8.4,0.267,0.295,88.0,0,0,0.526,0.526,34,22,35,22,1,0,5.0,1.0,5.0,2.0,1.74,0.71,-0.71,41.2,21.106691934471066,-11.012323239306031,33.6183156404509,48.47749700905328,47.35744411321932
FF,2024-07-31,89.5,-2.67,5.99,"Hendricks, Kyle",682829,543294,,ball,,,,,13,"Elly De La Cruz grounds out, shortstop Dansby Swanson to first baseman Patrick Wisdom.",R,L,R,CIN,CHC,B,,,0,0,2024,-0.74,1.1,-1.66,2.42,,,,1,1,Bot,,,,,,,4.001971273964772,-130.22396640858025,-5.08284768049003,-9.23750082134384,26.945789030486186,-18.74765977395405,3.66,1.74,,,,88.6,2163,5.7,746678,542194,621550,663538,670623,621020,664023,691718,673548,54.82,,,,,,,,5,1,4-Seam Fastball,0,0,0,0,0,0,0,0,Standard,Standard,212,0.0,0.039,,,,-0.039,,0,0,0.526,0.526,34,22,35,22,1,0,5.0,1.0,5.0,2.0,1.74,0.74,-0.74,40.9,,,,,
SI,2024-07-31,89.7,-2.67,6.0,"Hendricks, Kyle",663697,543294,field_out,hit_into_play,,,,,8,Jonathan India pops out to second baseman Nico Hoerner.,R,R,R,CIN,CHC,X,4.0,popup,3,2,2024,-1.06,0.42,-0.19,1.9,,,,0,1,Bot,163.47,130.44,,,,,8.305035140606238,-130.43778371288855,-5.068200429454259,-13.758113680614215,24.013252155846377,-26.55077998823728,3.3,1.53,197.0,66.5,39.0,89.3,2061,5.8,746678,542194,621550,663538,670623,621020,664023,691718,673548,54.67,0.566,0.546,0.0,1.0,0.0,0.0,4.0,4,8,Sinker,0,0,0,0,0,0,0,0,Standard,Standard,212,-0.021,-0.333,76.3,7.3,0.655,0.333,88.0,0,0,0.547,0.547,34,27,35,28,1,0,5.0,1.0,5.0,2.0,2.39,1.06,1.06,42.1,-2.052603221187923,1.4857820633207588,37.57834624474863,33.435618814271855,31.06462429511909
SI,2024-07-31,88.4,-2.51,6.11,"Hendricks, Kyle",663697,543294,,ball,,,,,12,Jonathan India pops out to second baseman Nico Hoerner.,R,R,R,CIN,CHC,B,,,2,2,2024,-0.93,0.51,1.44,2.71,,,,0,1,Bot,,,,,,,11.427782190267754,-128.3719898474893,-3.310964684619384,-12.417121789594,22.467157102983933,-25.969669308289923,3.41,1.53,,,,87.9,2152,5.7,746678,542194,621550,663538,670623,621020,664023,691718,673548,54.76,,,,,,,,4,7,Sinker,0,0,0,0,0,0,0,0,Standard,Standard,207,0.0,0.107,,,,-0.107,,0,0,0.547,0.547,34,27,35,28,1,0,5.0,1.0,5.0,2.0,2.38,0.93,0.93,45.8,,,,,
CU,2024-07-31,76.0,-2.69,6.1,"Hendricks, Kyle",663697,543294,,foul,,,,,14,Jonathan India pops out to second baseman Nico Hoerner.,R,R,R,CIN,CHC,S,,,2,2,2024,1.32,-0.93,0.84,2.17,,,,0,1,Bot,,,,,,,4.934679492523904,-110.56346274551402,0.5458334339262922,9.838991022740828,21.40478170600119,-40.10187084543235,3.3,1.53,3.0,88.3,-35.0,74.6,3017,5.5,746678,542194,621550,663538,670623,621020,664023,691718,673548,55.05,,,,,,,,4,6,Curveball,0,0,0,0,0,0,0,0,Standard,Standard,43,0.0,0.0,70.6,7.8,,0.0,88.3,0,0,0.547,0.547,34,27,35,28,1,0,5.0,1.0,5.0,2.0,4.91,-1.32,-1.32,43.4,22.29576423343957,-17.16557786192266,17.253367451574928,45.06516807112391,45.07223248340224
CH,2024-07-31,81.4,-2.61,6.2,"Hendricks, Kyle",663697,543294,,foul,,,,,6,Jonathan India pops out to second baseman Nico Hoerner.,R,R,R,CIN,CHC,S,,,2,2,2024,-0.4,1.13,0.4,2.63,,,,0,1,Bot,,,,,,,7.431962779026653,-118.44510301054147,-3.584160581345172,-5.101956311028101,20.698915468998045,-21.036177062441624,3.3,1.53,15.0,77.6,-10.0,80.7,2166,5.6,746678,542194,621550,663538,670623,621020,664023,691718,673548,54.91,,,,,,,,4,5,Changeup,0,0,0,0,0,0,0,0,Standard,Standard,222,0.0,0.0,59.2,8.1,,0.0,88.0,0,0,0.547,0.547,34,27,35,28,1,0,5.0,1.0,5.0,2.0,2.29,0.4,0.4,45.2,28.18441919216321,-27.07616832535392,23.509288847445468,41.07953196352215,45.43110142434056
FF,2024-07-31,87.8,-2.62,6.12,"Hendricks, Kyle",663697,543294,,ball,,,,,11,Jonathan India pops out to second baseman Nico Hoerner.,R,R,R,CIN,CHC,B,,,1,2,2024,-0.36,1.5,0.0,4.53,,,,0,1,Bot,,,,,,,6.981880820775326,-127.71559507315531,-0.7980342345377789,-5.396263831909639,26.76901094056064,-15.830306307902127,3.3,1.53,,,,86.6,2133,5.6,746678,542194,621550,663538,670623,621020,664023,691718,673548,54.88,,,,,,,,4,4,4-Seam Fastball,0,0,0,0,0,0,0,0,Standard,Standard,214,0.0,0.04,,,,-0.04,,0,0,0.547,0.547,34,27,35,28,1,0,5.0,1.0,5.0,2.0,1.46,0.36,0.36,40.1,,,,,
SI,2024-07-31,88.6,-2.59,6.11,"Hendricks, Kyle",663697,543294,,foul,,,,,13,Jonathan India pops out to second baseman Nico Hoerner.,R,R,R,CIN,CHC,S,,,1,1,2024,-1.05,0.76,-1.1,2.15,,,,0,1,Bot,,,,,,,5.747390999174364,-128.938389949588,-5.1936447664547885,-12.900636919863484,25.18117552759608,-22.780061340906933,3.3,1.53,25.0,88.2,-3.0,87.8,2105,5.6,746678,542194,621550,663538,670623,621020,664023,691718,673548,54.87,,,,,,,,4,3,Sinker,0,0,0,0,0,0,0,0,Infield shade,Standard,212,0.0,-0.056,79.1,7.6,,0.056,88.2,0,0,0.547,0.547,34,27,35,28,1,0,5.0,1.0,5.0,2.0,2.13,1.05,1.05,44.2,25.246602780303864,-22.211688753388216,31.138889768712197,24.745587235769168,36.62818278361193
CH,2024-07-31,81.1,-2.63,6.16,"Hendricks, Kyle",663697,543294,,ball,,,,,14,Jonathan India pops out to second baseman Nico Hoerner.,R,R,R,CIN,CHC,B,,,0,1,2024,-0.41,1.18,1.39,1.72,,,,0,1,Bot,,,,,,,9.622613663246453,-117.75106221572496,-5.52925133467185,-5.448568210125017,19.9301312175941,-20.31621262078675,3.33,1.53,,,,80.4,2161,5.7,746678,542194,621550,663538,670623,621020,664023,691718,673548,54.83,,,,,,,,4,2,Changeup,0,0,0,0,0,0,0,0,Infield shade,Standard,229,0.0,0.025,,,,-0.025,,0,0,0.547,0.547,34,27,35,28,1,0,5.0,1.0,5.0,2.0,2.27,0.41,0.41,44.7,,,,,
FF,2024-07-31,87.4,-2.67,6.04,"Hendricks, Kyle",663697,543294,,called_strike,,,,,14,Jonathan India pops out to second baseman Nico Hoerner.,R,R,R,CIN,CHC,S,,,0,0,2024,-0.31,1.36,1.07,2.34,,,,0,1,Bot,,,,,,,9.555941610605348,-126.90303909573537,-5.5425501283006655,-5.219429589226172,24.10022088223369,-16.44360693355047,3.42,1.58,,,,86.7,2184,5.8,746678,542194,621550,663538,670623,621020,664023,691718,673548,54.72,,,,,,,,4,1,4-Seam Fastball,0,0,0,0,0,0,0,0,Infield shade,Standard,214,0.0,-0.037,,,,0.037,,0,0,0.547,0.547,34,27,35,28,1,0,5.0,1.0,5.0,2.0,1.62,0.31,0.31,42.8,,,,,
CH,2024-07-26,82.1,-2.75,5.91,"Hendricks, Kyle",686681,543294,field_out,hit_into_play,,,,,7,Michael Massey flies out to left fielder Ian Happ.,R,L,R,KC,CHC,X,7.0,fly_ball,1,1,2024,-1.13,0.46,-0.42,1.78,,,,2,5,Bot,64.36,116.09,,,,,7.352990183905094,-119.4239593552172,-3.7206733033030552,-12.207274093422283,20.37057776131733,-27.29690283676544,3.33,1.54,256.0,83.7,49.0,81.5,2308,5.6,746277,665804,683737,663538,670156,621020,664023,691718,673548,54.85,0.003,0.003,0.0,1.0,0.0,0.0,3.0,40,3,Changeup,6,0,6,0,0,6,6,0,Standard,Standard,227,-0.001,-0.244,74.5,7.4,0.003,0.244,88.0,6,6,0.978,0.978,34,26,35,26,3,2,6.0,2.0,5.0,1.0,2.9,1.13,-1.13,42.7,10.04591798582529,-3.129037575823708,36.35195728665508,39.83314613104114,31.630786834685267
FF,2024-07-26,88.4,-2.8,5.77,"Hendricks, Kyle",686681,543294,,ball,,,,,11,Michael Massey flies out to left fielder Ian Happ.,R,L,R,KC,CHC,B,,,0,1,2024,-0.4,1.22,-1.1,3.27,,,,2,5,Bot,,,,,,,4.91152587514506,-128.74308943155305,-2.5706270377034235,-5.384747024589806,24.774058192442137,-18.228235197119147,3.44,1.54,,,,87.9,2106,5.8,746277,665804,683737,663538,670156,621020,664023,691718,673548,54.74,,,,,,,,40,2,4-Seam Fastball,6,0,6,0,0,6,6,0,Standard,Standard,216,0.0,0.029,,,,-0.029,,6,6,0.978,0.978,34,26,35,26,3,2,6.0,2.0,5.0,1.0,1.67,0.4,-0.4,37.9,,,,,
SI,2024-07-26,87.2,-2.74,5.85,"Hendricks, Kyle",686681,543294,,called_strike,,,,,3,Michael Massey flies out to left fielder Ian Happ.,R,L,R,KC,CHC,S,,,0,0,2024,-1.03,0.62,0.32,3.28,,,,2,5,Bot,,,,,,,9.370717579910014,-126.7780158700171,-1.3742553915933633,-12.81734979998308,21.46860712264342,-25.331234474806884,3.41,1.51,,,,86.9,2136,5.8,746277,665804,683737,663538,670156,621020,664023,691718,673548,54.75,,,,,,,,40,1,Sinker,6,0,6,0,0,6,6,0,Standard,Standard,214,0.0,-0.041,,,,0.041,,6,6,0.978,0.978,34,26,35,26,3,2,6.0,2.0,5.0,1.0,2.34,1.03,-1.03,41.5,,,,,
SI,2024-07-26,89.0,-2.32,5.85,"Hendricks, Kyle",521692,543294,home_run,hit_into_play,,,,,5,Salvador Perez homers (19) on a fly ball to left field. Bobby Witt Jr. scores. Vinnie Pasquantino scores.,R,R,R,KC,CHC,X,,fly_ball,3,2,2024,-1.02,0.4,-0.08,2.49,677951.0,,686469.0,2,5,Bot,32.99,69.01,,,,,7.520292860618229,-129.58727144693174,-3.113818961966733,-12.943963699454692,22.665244301366087,-27.277307320156687,3.66,1.73,429.0,109.9,24.0,88.5,2090,5.6,746277,665804,683737,663538,670156,621020,664023,691718,673548,54.92,0.989,1.973,2.0,1.0,0.0,3.0,6.0,39,6,Sinker,3,0,3,0,0,6,6,0,Standard,Standard,213,0.086,1.503,77.5,8.0,3.808,-1.503,109.9,3,3,0.892,0.892,34,34,35,34,3,2,6.0,2.0,5.0,1.0,2.44,1.02,1.02,42.4,12.890112728542883,-16.646245242099123,30.44711016954511,34.49739392715358,37.47723683737735
CU,2024-07-26,74.6,-2.2,5.85,"Hendricks, Kyle",521692,543294,,ball,,,,,14,Salvador Perez homers (19) on a fly ball to left field. Bobby Witt Jr. scores. Vinnie Pasquantino scores.,R,R,R,KC,CHC,B,,,2,2,2024,1.23,-1.05,1.57,0.89,677951.0,,686469.0,2,5,Bot,,,,,,,5.532745698352977,-108.55503803766452,-1.0734185762152164,8.54130129299858,21.0381368433942,-40.47486733931589,3.54,1.53,,,,73.5,3129,5.7,746277,665804,683737,663538,670156,621020,664023,691718,673548,54.82,,,,,,,,39,5,Curveball,3,0,3,0,0,3,3,0,Standard,Standard,41,0.0,0.08,,,,-0.08,,3,3,0.892,0.892,34,34,35,34,3,2,6.0,2.0,5.0,1.0,5.19,-1.23,-1.23,40.3,,,,,
CU,2024-07-26,74.9,-2.26,5.84,"Hendricks, Kyle",521692,543294,,ball,,,,,14,Salvador Perez homers (19) on a fly ball to left field. Bobby Witt Jr. scores. Vinnie Pasquantino scores.,R,R,R,KC,CHC,B,,,1,2,2024,1.27,-0.95,1.72,1.09,677951.0,,686469.0,2,5,Bot,,,,,,,5.893173798873333,-108.89908015521392,-0.884317690055023,8.876018938977928,20.862871676838957,-39.77341580692881,3.51,1.56,,,,73.6,3161,5.5,746277,665804,683737,663538,670156,621020,664023,691718,673548,54.97,,,,,,,,39,4,Curveball,3,0,3,0,0,3,3,0,Standard,Standard,43,0.0,0.045,,,,-0.045,,3,3,0.892,0.892,34,34,35,34,3,2,6.0,2.0,5.0,1.0,5.05,-1.27,-1.27,42.4,,,,,
CH,2024-07-26,80.3,-2.21,5.94,"Hendricks, Kyle",521692,543294,,ball,,,,,14,Salvador Perez homers (19) on a fly ball to left field. Bobby Witt Jr. scores. Vinnie Pasquantino scores.,R,R,R,KC,CHC,B,,,0,2,2024,-0.59,0.8,1.86,1.13,677951.0,,686469.0,2,5,Bot,,,,,,,10.009760152188376,-116.63503944954738,-5.545295430595129,-6.99251253290102,17.215479469953912,-23.986532201940424,3.48,1.53,,,,80.1,2229,5.8,746277,665804,683737,663538,670156,621020,664023,691718,673548,54.74,,,,,,,,39,3,Changeup,3,0,3,0,0,3,3,0,Standard,Standard,235,0.0,0.035,,,,-0.035,,3,3,0.892,0.892,34,34,35,34,3,2,6.0,2.0,5.0,1.0,2.68,0.59,0.59,44.7,,,,,
SI,2024-07-26,87.9,-2.21,5.93,"Hendricks, Kyle",521692,543294,,foul,,,,,1,Salvador Perez homers (19) on a fly ball to left field. Bobby Witt Jr. scores. Vinnie Pasquantino scores.,R,R,R,KC,CHC,S,,,0,1,2024,-1.09,0.62,-0.63,3.59,677951.0,,686469.0,2,5,Bot,,,,,,,5.998254238425368,-128.11018930124877,-0.9614582756721192,-13.18447674446612,22.04836694744752,-25.26497074967772,3.66,1.73,118.0,76.1,9.0,87.5,1975,5.6,746277,665804,683737,663538,670156,621020,664023,691718,673548,54.95,,,,,,,,39,2,Sinker,3,0,3,0,0,3,3,0,Standard,Standard,211,0.0,-0.082,68.2,6.6,,0.082,88.0,3,3,0.892,0.892,34,34,35,34,3,2,6.0,2.0,5.0,1.0,2.28,1.09,1.09,43.9,12.29073593205005,-0.5771612784343968,28.518325209781565,26.855433634849746,16.967767180147057
SI,2024-07-26,88.8,-2.32,5.84,"Hendricks, Kyle",521692,543294,,foul,,,,,4,Salvador Perez homers (19) on a fly ball to left field. Bobby Witt Jr. scores. Vinnie Pasquantino scores.,R,R,R,KC,CHC,S,,,0,0,2024,-1.14,0.61,-0.66,2.4,677951.0,,686469.0,2,5,Bot,,,,,,,6.383753731209522,-129.21938478987053,-3.693159355870828,-14.0766263064372,23.2205508550436,-24.82076737137238,3.66,1.73,6.0,84.0,-23.0,88.6,2088,5.9,746277,665804,683737,663538,670156,621020,664023,691718,673548,54.65,,,,,,,,39,1,Sinker,3,0,3,0,0,3,3,0,Standard,Standard,216,0.0,-0.046,69.4,7.5,,0.046,88.0,3,3,0.892,0.892,34,34,35,34,3,2,6.0,2.0,5.0,1.0,2.25,1.14,1.14,42.1,11.891057472137575,-7.807120257626964,38.24195724773248,26.99949607414964,27.541181000389983
CH,2024-07-26,82.3,-2.36,5.99,"Hendricks, Kyle",686469,543294,single,hit_into_play,,,,,13,Vinnie Pasquantino singles on a sharp line drive to right fielder Seiya Suzuki. Adam Frazier scores. Bobby Witt Jr. to 3rd.,R,L,R,KC,CHC,X,9.0,line_drive,1,2,2024,-1.26,0.39,-1.16,1.88,,624428.0,677951.0,2,5,Bot,168.3,69.41,,,,,5.079655938706189,-119.77861259937792,-3.5685625607730893,-13.076990033579316,21.068148969713363,-27.96516805451861,3.54,1.64,300.0,101.0,14.0,81.4,2228,5.5,746277,665804,683737,663538,670156,621020,664023,691718,673548,55.02,0.829,0.828,0.9,1.0,1.0,0.0,4.0,38,4,Changeup,2,0,2,0,0,3,3,0,Standard,Standard,227,0.076,0.655,70.2,7.9,1.073,-0.655,101.0,2,2,0.816,0.816,34,26,35,27,3,2,6.0,2.0,5.0,1.0,2.95,1.26,-1.26,43.5,11.124642095464306,-3.881937657072608,27.49958169226552,49.01666769769591,31.73116329340951
CH,2024-07-26,81.5,-2.34,5.96,"Hendricks, Kyle",686469,543294,,foul,,,,,13,Vinnie Pasquantino singles on a sharp line drive to right fielder Seiya Suzuki. Adam Frazier scores. Bobby Witt Jr. to 3rd.,R,L,R,KC,CHC,S,,,1,1,2024,-1.26,0.51,-0.44,1.49,,624428.0,677951.0,2,5,Bot,,,,,,,6.577979354530997,-118.59636287270088,-4.492892688506069,-13.06882148072282,19.24325735232841,-26.709197025766574,3.54,1.64,11.0,86.0,-8.0,80.9,2203,5.5,746277,665804,683737,663538,670156,621020,664023,691718,673548,54.96,,,,,,,,38,3,Changeup,2,0,2,0,0,2,2,0,Standard,Standard,226,0.0,-0.076,77.6,8.3,,0.076,88.0,2,2,0.816,0.816,34,26,35,27,3,2,6.0,2.0,5.0,1.0,2.88,1.26,-1.26,43.9,12.505649074411204,-25.23978849377109,33.17577005632361,40.61290591828203,41.93530075579635
CH,2024-07-26,81.3,-2.25,5.98,"Hendricks, Kyle",686469,543294,,called_strike,,,,,1,Vinnie Pasquantino singles on a sharp line drive to right fielder Seiya Suzuki. Adam Frazier scores. Bobby Witt Jr. to 3rd.,R,L,R,KC,CHC,S,,,1,0,2024,-1.13,0.69,-0.67,2.88,,624428.0,677951.0,2,5,Bot,,,,,,,5.605968211119292,-118.39934510104176,-1.7593466635888104,-11.707080159514389,19.383912947411197,-25.50021559640019,3.47,1.47,,,,80.5,2184,5.3,746277,665804,683737,663538,670156,621020,664023,691718,673548,55.15,,,,,,,,38,2,Changeup,2,0,2,0,0,2,2,0,Standard,Standard,224,0.0,-0.042,,,,0.042,,2,2,0.816,0.816,34,26,35,27,3,2,6.0,2.0,5.0,1.0,2.71,1.13,-1.13,45.2,,,,,
SI,2024-07-26,88.2,-2.38,5.87,"Hendricks, Kyle",686469,543294,,ball,,,,,11,Vinnie Pasquantino singles on a sharp line drive to right fielder Seiya Suzuki. Adam Frazier scores. Bobby Witt Jr. to 3rd.,R,L,R,KC,CHC,B,,,0,0,2024,-1.05,0.69,-1.06,2.75,,624428.0,677951.0,2,5,Bot,,,,,,,5.292226795545307,-128.47919667026207,-3.01066319213183,-12.67864655940862,22.28971478547101,-24.03527692238965,3.5,1.47,,,,87.7,2054,5.5,746277,665804,683737,663538,670156,621020,664023,691718,673548,54.96,,,,,,,,38,1,Sinker,2,0,2,0,0,2,2,0,Standard,Standard,213,0.0,0.026,,,,-0.026,,2,2,0.816,0.816,34,26,35,27,3,2,6.0,2.0,5.0,1.0,2.19,1.05,-1.05,41.9,,,,,
CH,2024-07-26,79.9,-2.25,5.98,"Hendricks, Kyle",677951,543294,single,hit_into_play,,,,,9,Bobby Witt Jr. singles on a ground ball to center fielder Pete Crow-Armstrong. Adam Frazier to 2nd.,R,R,R,KC,CHC,X,8.0,ground_ball,1,0,2024,-0.61,0.83,0.81,2.17,,,624428.0,2,5,Bot,122.33,87.32,,,,,7.783783870745349,-116.1679283551091,-3.270882954728172,-6.831613015217501,18.46152353660967,-24.222618078066844,3.53,1.67,10.0,110.9,-11.0,79.3,2213,5.6,746277,665804,683737,663538,670156,621020,664023,691718,673548,54.91,0.303,0.341,0.9,1.0,1.0,0.0,2.0,37,2,Changeup,2,0,2,0,0,2,2,0,Standard,Standard,225,0.013,0.324,,,0.313,-0.324,110.9,2,2,0.803,0.803,34,24,35,24,3,2,6.0,2.0,5.0,1.0,2.7,0.61,0.61,43.6,,,,,
CH,2024-07-26,80.2,-2.19,6.02,"Hendricks, Kyle",677951,543294,,ball,,,,,14,Bobby Witt Jr. singles on a ground ball to center fielder Pete Crow-Armstrong. Adam Frazier to 2nd.,R,R,R,KC,CHC,B,,,0,0,2024,-0.47,0.7,0.84,1.04,,,624428.0,2,5,Bot,,,,,,,7.503443885462052,-116.70780983812816,-5.689526313201209,-5.520272533556155,18.028591204147904,-24.92371233007525,3.44,1.5,,,,79.8,2064,5.6,746277,665804,683737,663538,670156,621020,664023,691718,673548,54.9,,,,,,,,37,1,Changeup,2,0,2,0,0,2,2,0,Standard,Standard,225,0.0,0.034,,,,-0.034,,2,2,0.803,0.803,34,24,35,24,3,2,6.0,2.0,5.0,1.0,2.79,0.47,0.47,44.9,,,,,
CH,2024-07-26,81.7,-2.37,5.96,"Hendricks, Kyle",624428,543294,single,hit_into_play,,,,,5,Adam Frazier singles on a fly ball to right fielder Seiya Suzuki. Garrett Hampson scores. Kyle Isbel scores.,R,L,R,KC,CHC,X,9.0,fly_ball,1,1,2024,-1.14,0.66,-0.13,2.22,641658.0,664728.0,,2,5,Bot,183.75,113.26,,,,,7.152392438844156,-118.92096368870604,-3.1798421366808025,-12.156821252635329,20.34232767890515,-25.45766914411224,3.11,1.44,228.0,69.1,41.0,81.0,2143,5.6,746277,665804,683737,663538,670156,621020,664023,691718,673548,54.92,0.434,0.432,0.9,1.0,1.0,0.0,3.0,36,3,Changeup,0,0,0,0,0,2,2,0,Infield shade,Standard,225,0.226,0.736,66.3,8.2,0.525,-0.736,88.0,0,0,0.577,0.577,34,32,35,33,3,2,6.0,2.0,5.0,3.0,2.72,1.14,-1.14,43.8,26.94744642379484,-30.548068538031774,35.72447902322033,31.7286926037506,44.71929663412865
CU,2024-07-26,74.4,-2.36,5.91,"Hendricks, Kyle",624428,543294,,called_strike,,,,,2,Adam Frazier singles on a fly ball to right fielder Seiya Suzuki. Garrett Hampson scores. Kyle Isbel scores.,R,L,R,KC,CHC,S,,,1,0,2024,1.18,-0.83,0.27,2.54,641658.0,,664728.0,2,5,Bot,,,,,,,3.291288284821049,-108.25978634882873,1.7699780137545604,8.583432030698448,20.38188089946939,-39.24915609427945,3.09,1.25,,,,73.1,2996,5.5,746277,665804,683737,663538,670156,621020,664023,691718,673548,55.0,,,,,,,,36,2,Curveball,0,0,0,0,0,0,0,0,Standard,Standard,42,0.011,-0.045,,,,0.045,,0,0,0.566,0.566,34,32,35,33,3,2,6.0,2.0,5.0,3.0,4.98,-1.18,1.18,41.7,,,,,
SI,2024-07-26,87.2,-2.22,5.93,"Hendricks, Kyle",624428,543294,,ball,,,,,12,Adam Frazier singles on a fly ball to right fielder Seiya Suzuki. Garrett Hampson scores. Kyle Isbel scores.,R,L,R,KC,CHC,B,,,0,0,2024,-1.01,0.55,0.69,3.47,641658.0,,664728.0,2,5,Bot,,,,,,,8.963073339927966,-126.85471557498045,-0.9563765156947616,-12.611874886423998,22.248651944628016,-26.20726127380629,2.98,1.25,,,,86.8,2084,5.7,746277,665804,683737,663538,670156,621020,664023,691718,673548,54.8,,,,,,,,36,1,Sinker,0,0,0,0,0,0,0,0,Standard,Standard,212,0.0,0.03,,,,-0.03,,0,0,0.566,0.566,34,32,35,33,3,2,6.0,2.0,5.0,3.0,2.42,1.01,-1.01,43.6,,,,,
CH,2024-07-26,81.3,-2.34,5.95,"Hendricks, Kyle",664728,543294,single,hit_into_play,,,,,13,Kyle Isbel singles on a ground ball to left fielder Ian Happ. Garrett Hampson to 3rd.,R,L,R,KC,CHC,X,7.0,ground_ball,0,1,2024,-1.21,0.55,-0.3,1.42,,,641658.0,2,5,Bot,85.78,103.59,,,,,6.786177735036975,-118.3176948496335,-4.684777419883888,-12.609954020882114,17.668453650099988,-26.33862946071105,3.42,1.6,16.0,68.7,-4.0,80.9,2233,5.5,746277,665804,683737,663538,670156,621020,664023,691718,673548,55.0,0.086,0.077,0.9,1.0,1.0,0.0,2.0,35,2,Changeup,0,0,0,0,0,0,0,0,Standard,Standard,224,0.035,0.404,72.8,8.1,0.104,-0.404,88.0,0,0,0.531,0.531,34,27,35,27,2,1,6.0,2.0,5.0,2.0,2.84,1.21,-1.21,43.6,12.760988834682657,-20.95859942771325,30.339958302448185,40.205438641119706,45.275681143870905
FF,2024-07-26,87.5,-2.4,5.81,"Hendricks, Kyle",664728,543294,,foul,,,,,6,Kyle Isbel singles on a ground ball to left fielder Ian Happ. Garrett Hampson to 3rd.,R,L,R,KC,CHC,S,,,0,0,2024,-0.59,1.15,0.45,2.8,,,641658.0,2,5,Bot,,,,,,,7.99764762618755,-127.37300338481478,-3.584585454442835,-7.76226165423968,20.42585489804518,-19.04820561828617,3.42,1.6,172.0,70.4,28.0,87.4,2123,5.7,746277,665804,683737,663538,670156,621020,664023,691718,673548,54.77,,,,,,,,35,1,4-Seam Fastball,0,0,0,0,0,0,0,0,Standard,Standard,218,0.0,-0.047,72.5,6.9,,0.047,88.0,0,0,0.531,0.531,34,27,35,27,2,1,6.0,2.0,5.0,2.0,1.78,0.59,-0.59,39.6,4.661003394519022,-7.23423641620463,27.882833249604563,29.25608647673817,27.36537336742925
SI,2024-07-26,87.9,-2.68,5.8,"Hendricks, Kyle",641658,543294,single,hit_into_play,,,,,8,Garrett Hampson singles on a line drive to right fielder Seiya Suzuki.,R,R,R,KC,CHC,X,9.0,line_drive,0,0,2024,-1.18,0.47,-0.19,1.61,,,,2,5,Bot,177.36,114.81,,,,,8.398724935895444,-127.76755443544738,-5.050844446368405,-14.5757536876317,22.683304839875653,-26.235945715581984,3.46,1.6,208.0,97.4,11.0,87.7,2107,5.9,746277,665804,683737,663538,670156,621020,664023,691718,673548,54.61,0.857,0.81,0.9,1.0,1.0,0.0,4.0,34,1,Sinker,0,0,0,0,0,0,0,0,Standard,Standard,215,0.017,0.333,70.6,6.7,1.011,-0.333,97.4,0,0,0.514,0.514,34,29,35,30,2,1,6.0,2.0,5.0,1.0,2.46,1.18,1.18,42.5,-10.08417288659702,11.105715725194518,43.548462747377584,33.69451297344459,23.93220914257148
SI,2024-07-26,88.5,-2.59,5.84,"Hendricks, Kyle",679845,543294,field_out,hit_into_play,,,,,6,"Nick Loftin grounds out, pitcher Kyle Hendricks to first baseman Michael Busch.",R,R,R,KC,CHC,X,1.0,ground_ball,3,2,2024,-0.88,0.59,0.58,2.84,,,,1,5,Bot,120.81,178.87,,,,,9.48439845337979,-128.710515637583,-2.578360229821306,-11.448437675417852,21.206466759354097,-25.247495523354484,3.51,1.7,4.0,90.3,-37.0,88.5,2123,5.8,746277,665804,683737,663538,670156,621020,664023,691718,673548,54.66,0.049,0.061,0.0,1.0,0.0,0.0,2.0,33,11,Sinker,0,0,0,0,0,0,0,0,Standard,Standard,214,-0.022,-0.332,70.7,6.8,0.049,0.332,90.3,0,0,0.536,0.536,34,25,35,26,2,1,6.0,2.0,5.0,1.0,2.28,0.88,0.88,44.2,-4.034126308361622,18.263491044276567,26.30925542849043,44.62101268302443,20.342316514895007
SI,2024-07-26,88.3,-2.7,5.8,"Hendricks, Kyle",679845,543294,,foul,,,,,9,"Nick Loftin grounds out, pitcher Kyle Hendricks to first baseman Michael Busch.",R,R,R,KC,CHC,S,,,3,2,2024,-1.06,0.7,0.29,1.88,,,,1,5,Bot,,,,,,,9.386053220991588,-128.38983598375776,-4.9645120792714685,-13.495929343745344,22.662605953096165,-23.56026581651257,3.51,1.7,3.0,69.6,-36.0,88.1,2098,5.9,746277,665804,683737,663538,670156,621020,664023,691718,673548,54.62,,,,,,,,33,10,Sinker,0,0,0,0,0,0,0,0,Standard,Standard,215,0.0,0.0,71.2,8.0,,0.0,88.0,0,0,0.536,0.536,34,25,35,26,2,1,6.0,2.0,5.0,1.0,2.19,1.06,1.06,43.0,14.298724996511549,-6.513853100893027,33.11464973386057,40.37085402751468,34.18712628287951
SI,2024-07-26,89.2,-2.65,5.81,"Hendricks, Kyle",679845,543294,,foul,,,,,14,"Nick Loftin grounds out, pitcher Kyle Hendricks to first baseman Michael Busch.",R,R,R,KC,CHC,S,,,3,2,2024,-0.98,0.69,0.47,1.36,,,,1,5,Bot,,,,,,,9.612076461746664,-129.5722059427052,-6.422950735279149,-12.81845697329546,21.71052910772678,-23.27167339983832,3.51,1.7,2.0,38.4,-36.0,89.0,2109,5.8,746277,665804,683737,663538,670156,621020,664023,691718,673548,54.66,,,,,,,,33,9,Sinker,0,0,0,0,0,0,0,0,Standard,Standard,212,0.0,0.0,65.6,7.7,,0.0,88.0,0,0,0.536,0.536,34,25,35,26,2,1,6.0,2.0,5.0,1.0,2.14,0.98,0.98,42.0,6.853701684326642,6.869719790081151,37.33534838683244,42.46710771940131,23.06995747127448
SI,2024-07-26,88.6,-2.65,5.84,"Hendricks, Kyle",679845,543294,,foul,,,,,2,"Nick Loftin grounds out, pitcher Kyle Hendricks to first baseman Michael Busch.",R,R,R,KC,CHC,S,,,3,2,2024,-0.96,0.6,0.02,3.37,,,,1,5,Bot,,,,,,,8.441371031439951,-128.93011351313112,-1.3456319424761314,-12.282731423065682,21.69576500434418,-25.322169862747028,3.51,1.7,312.0,86.9,30.0,88.4,2017,5.7,746277,665804,683737,663538,670156,621020,664023,691718,673548,54.76,,,,,,,,33,8,Sinker,0,0,0,0,0,0,0,0,Standard,Standard,218,0.0,0.0,65.5,5.5,,0.0,88.0,0,0,0.536,0.536,34,25,35,26,2,1,6.0,2.0,5.0,1.0,2.26,0.96,0.96,43.6,-8.714875045575493,31.637837615642084,29.208476463772765,37.86388258945557,14.55745857280521
SI,2024-07-26,88.3,-2.61,5.88,"Hendricks, Kyle",679845,543294,,ball,,,,,12,"Nick Loftin grounds out, pitcher Kyle Hendricks to first baseman Michael Busch.",R,R,R,KC,CHC,B,,,2,2,2024,-0.92,0.71,1.26,3.06,,,,1,5,Bot,,,,,,,11.206496191133908,-128.22131601951438,-2.318374788936892,-12.172159667083704,21.98207767190813,-23.956278400203846,3.44,1.57,,,,87.9,2069,5.8,746277,665804,683737,663538,670156,621020,664023,691718,673548,54.71,,,,,,,,33,7,Sinker,0,0,0,0,0,0,0,0,Standard,Standard,211,0.0,0.108,,,,-0.108,,0,0,0.536,0.536,34,25,35,26,2,1,6.0,2.0,5.0,1.0,2.18,0.92,0.92,42.8,,,,,
CH,2024-07-26,81.6,-2.67,5.95,"Hendricks, Kyle",679845,543294,,foul,,,,,5,"Nick Loftin grounds out, pitcher Kyle Hendricks to first baseman Michael Busch.",R,R,R,KC,CHC,S,,,2,2,2024,-0.41,1.05,0.24,2.4,,,,1,5,Bot,,,,,,,7.24202502798391,-118.75262351822174,-3.52268527893826,-5.0669658367533055,17.677381792721356,-21.71797776754701,3.51,1.7,4.0,74.6,-31.0,81.5,2248,5.7,746277,665804,683737,663538,670156,621020,664023,691718,673548,54.8,,,,,,,,33,6,Changeup,0,0,0,0,0,0,0,0,Standard,Standard,223,0.0,0.0,70.8,8.1,,0.0,88.0,0,0,0.536,0.536,34,25,35,26,2,1,6.0,2.0,5.0,1.0,2.31,0.41,0.41,45.7,16.270627175095942,-21.37021013063288,28.04342481521954,39.5916722528001,44.34449111823117
FF,2024-07-26,88.6,-2.79,5.78,"Hendricks, Kyle",679845,543294,,ball,,,,,12,"Nick Loftin grounds out, pitcher Kyle Hendricks to first baseman Michael Busch.",R,R,R,KC,CHC,B,,,1,2,2024,-0.46,1.16,0.35,4.21,,,,1,5,Bot,,,,,,,8.532916380767604,-128.8987832873896,-0.2560880718094828,-6.658332947610281,22.51415148310277,-19.27768332421029,3.45,1.56,,,,88.3,2113,5.8,746277,665804,683737,663538,670156,621020,664023,691718,673548,54.71,,,,,,,,33,5,4-Seam Fastball,0,0,0,0,0,0,0,0,Standard,Standard,214,0.0,0.043,,,,-0.043,,0,0,0.536,0.536,34,25,35,26,2,1,6.0,2.0,5.0,1.0,1.71,0.46,0.46,41.4,,,,,
CU,2024-07-26,75.6,-2.65,5.84,"Hendricks, Kyle",679845,543294,,foul,,,,,14,"Nick Loftin grounds out, pitcher Kyle Hendricks to first baseman Michael Busch.",R,R,R,KC,CHC,S,,,1,2,2024,1.19,-1.02,1.02,1.64,,,,1,5,Bot,,,,,,,5.468888372360123,-110.05243931809623,0.1560971376212721,8.667645285280596,19.96918620803364,-40.68379570572801,3.51,1.7,1.0,58.3,-57.0,74.7,3097,5.6,746277,665804,683737,663538,670156,621020,664023,691718,673548,54.86,,,,,,,,33,4,Curveball,0,0,0,0,0,0,0,0,Standard,Standard,45,0.0,0.0,66.0,8.1,,0.0,88.0,0,0,0.536,0.536,34,25,35,26,2,1,6.0,2.0,5.0,1.0,5.01,-1.19,-1.19,42.5,15.938231948292737,-4.23304835825374,30.646038615354087,48.96927176303066,37.76505478236552
SI,2024-07-26,88.0,-2.77,5.85,"Hendricks, Kyle",679845,543294,,foul,,,,,4,"Nick Loftin grounds out, pitcher Kyle Hendricks to first baseman Michael Busch.",R,R,R,KC,CHC,S,,,1,1,2024,-1.11,0.48,-0.7,2.74,,,,1,5,Bot,,,,,,,7.256578033810305,-128.16642576667388,-2.527366892384209,-13.689810569092169,22.31463675773024,-26.52809964864843,3.51,1.7,6.0,76.1,-23.0,87.8,2000,5.8,746277,665804,683737,663538,670156,621020,664023,691718,673548,54.72,,,,,,,,33,3,Sinker,0,0,0,0,0,0,0,0,Standard,Standard,216,0.0,-0.061,68.6,5.8,,0.061,88.0,0,0,0.536,0.536,34,25,35,26,2,1,6.0,2.0,5.0,1.0,2.42,1.11,1.11,43.8,-9.726936974665003,19.22207840580086,37.26333948013736,27.213480089333945,17.573014635191665
CH,2024-07-26,81.8,-2.61,5.96,"Hendricks, Kyle",679845,543294,,ball,,,,,14,"Nick Loftin grounds out, pitcher Kyle Hendricks to first baseman Michael Busch.",R,R,R,KC,CHC,B,,,0,1,2024,-0.22,0.97,1.55,0.44,,,,1,5,Bot,,,,,,,9.666959508442485,-118.7437527654792,-7.728993267233875,-3.683678051630357,19.587981174066645,-21.748711725365,3.42,1.59,,,,81.2,2191,5.7,746277,665804,683737,663538,670156,621020,664023,691718,673548,54.77,,,,,,,,33,2,Changeup,0,0,0,0,0,0,0,0,Standard,Standard,220,0.0,0.024,,,,-0.024,,0,0,0.536,0.536,34,25,35,26,2,1,6.0,2.0,5.0,1.0,2.42,0.22,0.22,44.7,,,,,
SI,2024-07-26,87.9,-2.6,5.86,"Hendricks, Kyle",679845,543294,,called_strike,,,,,6,"Nick Loftin grounds out, pitcher Kyle Hendricks to first baseman Michael Busch.",R,R,R,KC,CHC,S,,,0,0,2024,-1.02,0.45,0.78,2.53,,,,1,5,Bot,,,,,,,10.179979369703698,-127.7419399141268,-2.967635304347046,-13.074451869788552,22.122366321530656,-26.814107315949595,3.45,1.53,,,,87.6,2062,5.8,746277,665804,683737,663538,670156,621020,664023,691718,673548,54.68,,,,,,,,33,1,Sinker,0,0,0,0,0,0,0,0,Standard,Standard,211,0.0,-0.037,,,,0.037,,0,0,0.536,0.536,34,25,35,26,2,1,6.0,2.0,5.0,1.0,2.47,1.02,1.02,44.2,,,,,
SI,2024-07-26,87.9,-2.56,5.87,"Hendricks, Kyle",592669,543294,strikeout,swinging_strike,,,,,5,Hunter Renfroe strikes out swinging.,R,R,R,KC,CHC,S,2.0,,2,2,2024,-0.95,0.51,0.12,2.51,,,,0,5,Bot,,,,,,,8.367092537139179,-127.95005111703492,-3.1673931894712397,-11.98389377387882,22.20769676719228,-26.135271287815403,3.51,1.7,,,,87.7,2023,5.8,746277,665804,683737,663538,670156,621020,664023,691718,673548,54.72,,0.0,0.0,1.0,0.0,0.0,,32,5,Sinker,0,0,0,0,0,0,0,0,Standard,Standard,212,-0.029,-0.227,71.6,7.9,,0.227,,0,0,0.565,0.565,34,32,35,32,2,1,6.0,3.0,5.0,1.0,2.4,0.95,0.95,43.9,5.237350108266905,-9.046356663503293,20.536148839099333,38.97218076862698,36.26462935867727
CH,2024-07-26,81.0,-2.63,5.98,"Hendricks, Kyle",592669,543294,,ball,,,,,14,Hunter Renfroe strikes out swinging.,R,R,R,KC,CHC,B,,,1,2,2024,-0.23,0.98,1.35,1.53,,,,0,5,Bot,,,,,,,9.191545199691552,-117.69123518407189,-5.227125431161314,-3.58983453557258,17.847929726042228,-22.282605488,3.24,1.44,,,,80.5,2235,5.6,746277,665804,683737,663538,670156,621020,664023,691718,673548,54.89,,,,,,,,32,4,Changeup,0,0,0,0,0,0,0,0,Standard,Standard,226,0.0,0.04,,,,-0.04,,0,0,0.565,0.565,34,32,35,32,2,1,6.0,3.0,5.0,1.0,2.45,0.23,0.23,43.3,,,,,
SI,2024-07-26,89.2,-2.5,5.87,"Hendricks, Kyle",592669,543294,,ball,,,,,14,Hunter Renfroe strikes out swinging.,R,R,R,KC,CHC,B,,,0,2,2024,-1.01,0.42,1.67,1.75,,,,0,5,Bot,,,,,,,12.207058405606931,-129.43720455199832,-5.036797190732596,-13.656569169419562,22.22607254004604,-26.59979391954549,3.39,1.56,,,,88.7,2066,5.8,746277,665804,683737,663538,670156,621020,664023,691718,673548,54.74,,,,,,,,32,3,Sinker,0,0,0,0,0,0,0,0,Standard,Standard,213,0.0,0.023,,,,-0.023,,0,0,0.565,0.565,34,32,35,32,2,1,6.0,3.0,5.0,1.0,2.42,1.01,1.01,44.1,,,,,
CU,2024-07-26,73.4,-2.66,5.92,"Hendricks, Kyle",592669,543294,,called_strike,,,,,4,Hunter Renfroe strikes out swinging.,R,R,R,KC,CHC,S,,,0,1,2024,1.13,-0.98,-0.43,2.14,,,,0,5,Bot,,,,,,,2.5327514511223117,-106.76442661039168,1.382871024219558,8.106635993512045,19.983825145643756,-40.08185790997742,3.36,1.44,,,,72.3,2927,5.6,746277,665804,683737,663538,670156,621020,664023,691718,673548,54.85,,,,,,,,32,2,Curveball,0,0,0,0,0,0,0,0,Standard,Standard,43,0.0,-0.054,,,,0.054,,0,0,0.565,0.565,34,32,35,32,2,1,6.0,3.0,5.0,1.0,5.24,-1.13,-1.13,43.2,,,,,
CH,2024-07-26,79.8,-2.7,6.0,"Hendricks, Kyle",592669,543294,,called_strike,,,,,6,Hunter Renfroe strikes out swinging.,R,R,R,KC,CHC,S,,,0,0,2024,-0.25,0.98,0.53,2.49,,,,0,5,Bot,,,,,,,7.465805321574922,-116.13281984346666,-2.9014518105593514,-3.5256626721597963,18.673314148808164,-22.929790131953,3.24,1.39,,,,79.2,2174,5.6,746277,665804,683737,663538,670156,621020,664023,691718,673548,54.94,,,,,,,,32,1,Changeup,0,0,0,0,0,0,0,0,Standard,Standard,219,0.0,-0.037,,,,0.037,,0,0,0.565,0.565,34,32,35,32,2,1,6.0,3.0,5.0,1.0,2.56,0.25,0.25,44.8,,,,,
CH,2024-07-26,81.7,-2.73,5.95,"Hendricks, Kyle",686681,543294,field_out,hit_into_play,,,,,13,Michael Massey grounds out to first baseman Michael Busch.,R,L,R,KC,CHC,X,3.0,ground_ball,1,1,2024,-1.13,0.52,-0.47,1.14,,,,2,4,Bot,160.91,154.97,,,,,7.158476720761974,-118.94127069776825,-5.346060890662224,-11.98825125834909,17.96737476088855,-26.462240370131408,3.45,1.65,17.0,76.4,-3.0,81.5,2238,5.7,746277,665804,683737,663538,670156,621020,664023,691718,673548,54.81,0.106,0.087,0.0,1.0,0.0,0.0,2.0,27,3,Changeup,0,0,0,0,0,0,0,0,Standard,Standard,226,-0.013,-0.244,75.2,7.9,0.125,0.244,88.0,0,0,0.513,0.513,34,26,35,26,2,1,6.0,2.0,5.0,1.0,2.83,1.13,-1.13,43.2,15.46854858657432,-8.675765879317362,38.372999400400666,41.03966009178687,39.89470064972549
CH,2024-07-26,82.4,-2.67,5.96,"Hendricks, Kyle",686681,543294,,ball,,,,,14,Michael Massey grounds out to first baseman Michael Busch.,R,L,R,KC,CHC,B,,,0,1,2024,-0.93,0.49,0.1,0.5,,,,2,4,Bot,,,,,,,7.97945060127329,-119.80005360517956,-6.863992900315888,-10.288936907050116,18.84745829196546,-26.41187653522257,3.41,1.54,,,,82.1,2297,5.7,746277,665804,683737,663538,670156,621020,664023,691718,673548,54.8,,,,,,,,27,2,Changeup,0,0,0,0,0,0,0,0,Standard,Standard,229,0.0,0.029,,,,-0.029,,0,0,0.513,0.513,34,26,35,26,2,1,6.0,2.0,5.0,1.0,2.82,0.93,-0.93,45.2,,,,,
FF,2024-07-26,88.1,-2.73,5.8,"Hendricks, Kyle",686681,543294,,called_strike,,,,,5,Michael Massey grounds out to first baseman Michael Busch.,R,L,R,KC,CHC,S,,,0,0,2024,-0.51,1.23,0.07,2.17,,,,2,4,Bot,,,,,,,7.811218810005162,-128.1610132757008,-5.297880838854344,-7.120585470054639,23.28448052368184,-17.690691527342274,3.36,1.51,,,,87.8,2082,5.9,746277,665804,683737,663538,670156,621020,664023,691718,673548,54.63,,,,,,,,27,1,4-Seam Fastball,0,0,0,0,0,0,0,0,Standard,Standard,216,0.0,-0.041,,,,0.041,,0,0,0.513,0.513,34,26,35,26,2,1,6.0,2.0,5.0,1.0,1.68,0.51,-0.51,40.6,,,,,
SI,2024-07-26,87.7,-2.73,5.86,"Hendricks, Kyle",521692,543294,field_out,hit_into_play,,,,,11,Salvador Perez lines out to shortstop Dansby Swanson.,R,R,R,KC,CHC,X,6.0,line_drive,1,1,2024,-0.88,0.64,-1.11,3.06,,,,1,4,Bot,91.09,146.11,,,,,5.686657206828535,-127.72735631166276,-2.060183866530549,-10.765662211856377,21.8748043728777,-24.85559702381885,3.66,1.73,162.0,52.8,31.0,87.6,2091,5.8,746277,665804,683737,663538,670156,621020,664023,691718,673548,54.7,0.214,0.193,0.0,1.0,0.0,0.0,1.0,26,3,Sinker,0,0,0,0,0,0,0,0,Standard,Standard,208,-0.019,-0.243,70.0,6.6,0.214,0.243,88.0,0,0,0.532,0.532,34,34,35,34,2,1,6.0,2.0,5.0,1.0,2.27,0.88,0.88,42.0,5.800122680031963,-0.2219889230451827,31.909108432941444,21.75116614746173,25.17648188753068
CH,2024-07-26,80.5,-2.54,5.91,"Hendricks, Kyle",521692,543294,,ball,,,,,14,Salvador Perez lines out to shortstop Dansby Swanson.,R,R,R,KC,CHC,B,,,0,1,2024,0.01,0.75,3.04,-0.08,,,,1,4,Bot,,,,,,,12.205541039696396,-116.57812172228644,-8.036275451435186,-1.7789882938859385,17.97655337111656,-23.980796989116683,3.59,1.59,,,,80.1,2222,5.9,746277,665804,683737,663538,670156,621020,664023,691718,673548,54.59,,,,,,,,26,2,Changeup,0,0,0,0,0,0,0,0,Standard,Standard,233,0.0,0.024,,,,-0.024,,0,0,0.532,0.532,34,34,35,34,2,1,6.0,2.0,5.0,1.0,2.75,-0.01,-0.01,43.9,,,,,
SI,2024-07-26,87.9,-2.68,5.9,"Hendricks, Kyle",521692,543294,,called_strike,,,,,2,Salvador Perez lines out to shortstop Dansby Swanson.,R,R,R,KC,CHC,S,,,0,0,2024,-1.07,0.63,0.06,2.97,,,,1,4,Bot,,,,,,,8.775091170974758,-127.78617987569253,-2.343801949732488,-13.4557464496482,22.60267009478677,-24.943335992217296,3.45,1.39,,,,87.6,2075,5.8,746277,665804,683737,663538,670156,621020,664023,691718,673548,54.66,,,,,,,,26,1,Sinker,0,0,0,0,0,0,0,0,Standard,Standard,213,0.0,-0.037,,,,0.037,,0,0,0.532,0.532,34,34,35,34,2,1,6.0,2.0,5.0,1.0,2.29,1.07,1.07,42.0,,,,,
FF,2024-07-26,87.1,-2.87,5.83,"Hendricks, Kyle",686469,543294,field_out,hit_into_play,,,,,1,Vinnie Pasquantino flies out to left fielder Ian Happ.,R,L,R,KC,CHC,X,7.0,fly_ball,0,0,2024,-0.42,1.07,-0.45,3.4,,,,0,4,Bot,81.59,111.76,,,,,6.576554681015339,-126.76328457129048,-1.916218747341294,-5.715228970439512,22.744830682240945,-20.37800425843641,3.54,1.64,245.0,87.5,55.0,86.6,2061,5.7,746277,665804,683737,663538,670156,621020,664023,691718,673548,54.79,0.009,0.008,0.0,1.0,0.0,0.0,3.0,25,1,4-Seam Fastball,0,0,0,0,0,0,0,0,Standard,Standard,209,-0.027,-0.254,70.7,6.5,0.009,0.254,88.0,0,0,0.559,0.559,34,26,35,27,2,1,6.0,2.0,5.0,1.0,1.9,0.42,-0.42,41.7,5.323759621270031,1.8800022584308,22.87670915334792,41.04707765584264,25.94561017226952
SI,2024-07-26,89.4,-2.79,5.81,"Hendricks, Kyle",677951,543294,field_out,hit_into_play,,,,,5,Bobby Witt Jr. pops out to shortstop Dansby Swanson.,R,R,R,KC,CHC,X,6.0,popup,3,1,2024,-1.09,0.71,-0.23,2.65,,,,2,3,Bot,120.63,157.34,,,,,8.529205759074573,-130.01274630242543,-3.263643934796934,-14.154854162354685,26.109408242889767,-23.65493970004222,3.53,1.67,112.0,78.0,68.0,88.7,2135,5.8,746277,665804,683737,663538,670156,621020,664023,691718,673548,54.7,0.006,0.006,0.0,1.0,0.0,0.0,3.0,20,5,Sinker,0,0,0,0,0,0,0,0,Standard,Standard,217,-0.012,-0.414,,,0.008,0.414,88.0,0,0,0.512,0.512,34,24,35,24,2,1,6.0,2.0,5.0,1.0,2.14,1.09,1.09,41.3,,,,,
CU,2024-07-26,75.1,-2.59,5.91,"Hendricks, Kyle",677951,543294,,ball,,,,,14,Bobby Witt Jr. pops out to shortstop Dansby Swanson.,R,R,R,KC,CHC,B,,,2,1,2024,1.36,-0.86,1.47,0.94,,,,2,3,Bot,,,,,,,5.935041583339482,-109.1990685747336,-1.5451665492865836,9.724573966975276,20.756790102465605,-38.976986448692784,3.38,1.5,,,,74.1,3099,5.7,746277,665804,683737,663538,670156,621020,664023,691718,673548,54.76,,,,,,,,20,4,Curveball,0,0,0,0,0,0,0,0,Standard,Standard,37,0.0,0.112,,,,-0.112,,0,0,0.512,0.512,34,24,35,24,2,1,6.0,2.0,5.0,1.0,4.94,-1.36,-1.36,43.6,,,,,
CH,2024-07-26,81.6,-2.61,5.96,"Hendricks, Kyle",677951,543294,,ball,,,,,14,Bobby Witt Jr. pops out to shortstop Dansby Swanson.,R,R,R,KC,CHC,B,,,1,1,2024,-0.31,0.86,0.87,1.79,,,,2,3,Bot,,,,,,,8.3128746278265,-118.72709442298564,-4.532321983555657,-4.2847244774203705,18.396515144195973,-23.349658711676724,3.41,1.53,,,,81.4,2295,5.7,746277,665804,683737,663538,670156,621020,664023,691718,673548,54.79,,,,,,,,20,3,Changeup,0,0,0,0,0,0,0,0,Standard,Standard,232,0.0,0.058,,,,-0.058,,0,0,0.512,0.512,34,24,35,24,2,1,6.0,2.0,5.0,1.0,2.51,0.31,0.31,45.1,,,,,
CH,2024-07-26,81.2,-2.56,5.94,"Hendricks, Kyle",677951,543294,,ball,,,,,14,Bobby Witt Jr. pops out to shortstop Dansby Swanson.,R,R,R,KC,CHC,B,,,0,1,2024,-0.15,0.73,1.73,1.22,,,,2,3,Bot,,,,,,,9.76084688066301,-117.93723425909567,-5.377823500444106,-2.997712418257378,18.697266751742998,-24.496331927576296,3.41,1.56,,,,80.7,2154,5.7,746277,665804,683737,663538,670156,621020,664023,691718,673548,54.85,,,,,,,,20,2,Changeup,0,0,0,0,0,0,0,0,Standard,Standard,231,0.0,0.029,,,,-0.029,,0,0,0.512,0.512,34,24,35,24,2,1,6.0,2.0,5.0,1.0,2.69,0.15,0.15,41.6,,,,,
CU,2024-07-26,75.8,-2.68,5.96,"Hendricks, Kyle",677951,543294,,called_strike,,,,,5,Bobby Witt Jr. pops out to shortstop Dansby Swanson.,R,R,R,KC,CHC,S,,,0,0,2024,1.45,-0.78,0.04,2.67,,,,2,3,Bot,,,,,,,3.0496664680865746,-110.29325182529894,1.5987221966068192,11.225037716025788,20.52413064830025,-39.02477866336098,3.44,1.53,,,,74.8,3109,5.7,746277,665804,683737,663538,670156,621020,664023,691718,673548,54.83,,,,,,,,20,1,Curveball,0,0,0,0,0,0,0,0,Standard,Standard,39,0.0,-0.041,,,,0.041,,0,0,0.512,0.512,34,24,35,24,2,1,6.0,2.0,5.0,1.0,4.76,-1.45,-1.45,44.5,,,,,
CH,2024-07-26,83.0,-2.72,5.94,"Hendricks, Kyle",624428,543294,strikeout,swinging_strike,,,,,13,Adam Frazier strikes out swinging.,R,L,R,KC,CHC,S,2.0,,2,2,2024,-1.06,0.73,-0.96,1.84,,,,1,3,Bot,,,,,,,6.040258123626267,-120.81829477250348,-4.391157233108383,-11.496867758712634,20.07893165202698,-24.32681412297055,3.11,1.44,,,,82.7,2253,5.7,746277,665804,683737,663538,670156,621020,664023,691718,673548,54.79,,0.0,0.0,1.0,0.0,0.0,,19,5,Changeup,0,0,0,0,0,0,0,0,Infield shade,Standard,228,-0.017,-0.225,65.7,7.5,,0.225,,0,0,0.529,0.529,34,32,35,33,2,1,6.0,2.0,5.0,3.0,2.53,1.06,-1.06,43.3,13.95127307197716,1.0136406495284758,41.06339201970649,40.93467140150074,28.257466522656923
FF,2024-07-26,88.7,-2.71,5.87,"Hendricks, Kyle",624428,543294,,ball,,,,,11,Adam Frazier strikes out swinging.,R,L,R,KC,CHC,B,,,1,2,2024,-0.39,1.24,-1.61,4.65,,,,1,3,Bot,,,,,,,3.463373374069147,-129.3466103715272,0.3619095698289049,-5.078442837075274,23.52255286164472,-18.34151572274797,3.08,1.27,,,,88.2,2149,5.6,746277,665804,683737,663538,670156,621020,664023,691718,673548,54.93,,,,,,,,19,4,4-Seam Fastball,0,0,0,0,0,0,0,0,Infield shade,Standard,206,0.0,0.043,,,,-0.043,,0,0,0.529,0.529,34,32,35,33,2,1,6.0,2.0,5.0,3.0,1.61,0.39,-0.39,42.8,,,,,
CH,2024-07-26,82.4,-2.76,5.97,"Hendricks, Kyle",624428,543294,,ball,,,,,13,Adam Frazier strikes out swinging.,R,L,R,KC,CHC,B,,,0,2,2024,-0.96,0.75,-1.09,0.87,,,,1,3,Bot,,,,,,,5.600648410221755,-119.8470018409441,-6.5098374636589895,-10.303276544499193,20.0432574334748,-23.977290171456943,3.08,1.33,,,,81.8,2199,5.6,746277,665804,683737,663538,670156,621020,664023,691718,673548,54.86,,,,,,,,19,3,Changeup,0,0,0,0,0,0,0,0,Infield shade,Standard,232,0.0,0.02,,,,-0.02,,0,0,0.529,0.529,34,32,35,33,2,1,6.0,2.0,5.0,3.0,2.58,0.96,-0.96,42.8,,,,,
CU,2024-07-26,75.6,-2.71,5.95,"Hendricks, Kyle",624428,543294,,called_strike,,,,,4,Adam Frazier strikes out swinging.,R,L,R,KC,CHC,S,,,0,1,2024,1.41,-0.73,-0.8,2.36,,,,1,3,Bot,,,,,,,1.4434439103247902,-110.11505418921185,0.9058311889775528,11.15344896923712,20.22428768076305,-38.49471865335896,3.13,1.27,,,,74.5,3122,5.5,746277,665804,683737,663538,670156,621020,664023,691718,673548,55.0,,,,,,,,19,2,Curveball,0,0,0,0,0,0,0,0,Standard,Standard,43,0.0,-0.057,,,,0.057,,0,0,0.529,0.529,34,32,35,33,2,1,6.0,2.0,5.0,3.0,4.72,-1.41,1.41,42.3,,,,,
SI,2024-07-26,88.2,-2.7,5.9,"Hendricks, Kyle",624428,543294,,called_strike,,,,,11,Adam Frazier strikes out swinging.,R,L,R,KC,CHC,S,,,0,0,2024,-1.12,0.61,-0.38,3.54,,,,1,3,Bot,,,,,,,7.873121873760808,-128.3395777211997,-0.9969205254124752,-13.868690878607085,22.85486843785726,-25.33769937162376,3.15,1.43,,,,87.8,2074,5.7,746277,665804,683737,663538,670156,621020,664023,691718,673548,54.75,,,,,,,,19,1,Sinker,0,0,0,0,0,0,0,0,Standard,Standard,210,0.0,-0.037,,,,0.037,,0,0,0.529,0.529,34,32,35,33,2,1,6.0,2.0,5.0,3.0,2.28,1.12,-1.12,43.0,,,,,
SI,2024-07-26,88.6,-2.66,5.87,"Hendricks, Kyle",664728,543294,strikeout,swinging_strike,,,,,11,Kyle Isbel strikes out swinging.,R,L,R,KC,CHC,S,2.0,,3,2,2024,-1.18,0.71,-0.37,3.81,,,,0,3,Bot,,,,,,,7.951486597642469,-128.8870159257872,-0.5380518878317524,-14.658829835745022,23.005464472679257,-24.25170340677071,3.42,1.6,,,,88.2,2060,5.7,746277,665804,683737,663538,670156,621020,664023,691718,673548,54.78,,0.0,0.0,1.0,0.0,0.0,,18,9,Sinker,0,0,0,0,0,0,0,0,Infield shade,Standard,212,-0.025,-0.333,66.9,5.8,,0.333,,0,0,0.554,0.554,34,27,35,27,1,0,6.0,2.0,5.0,2.0,2.16,1.18,-1.18,41.8,2.1984731723227617,21.51634060362713,11.295147405884483,41.179664359972605,18.270164606472253
CH,2024-07-26,82.9,-2.79,6.01,"Hendricks, Kyle",664728,543294,,ball,,,,,13,Kyle Isbel strikes out swinging.,R,L,R,KC,CHC,B,,,2,2,2024,-1.17,0.61,-0.53,0.35,,,,0,3,Bot,,,,,,,7.350790259088105,-120.42652949493664,-7.625614864743397,-12.738283655791808,20.3991111239976,-25.02131419590277,3.3,1.37,,,,82.2,2290,5.6,746277,665804,683737,663538,670156,621020,664023,691718,673548,54.88,,,,,,,,18,8,Changeup,0,0,0,0,0,0,0,0,Infield shade,Standard,227,0.0,0.107,,,,-0.107,,0,0,0.554,0.554,34,27,35,27,1,0,6.0,2.0,5.0,2.0,2.68,1.17,-1.17,43.6,,,,,
CH,2024-07-26,81.6,-2.56,6.04,"Hendricks, Kyle",664728,543294,,foul,,,,,13,Kyle Isbel strikes out swinging.,R,L,R,KC,CHC,S,,,2,2,2024,-0.62,1.1,-0.19,1.03,,,,0,3,Bot,,,,,,,6.43641215555871,-118.58245340687198,-6.772759301510975,-7.052170317732189,20.780727744035296,-20.667907713069518,3.42,1.6,99.0,67.0,10.0,80.8,2201,5.6,746277,665804,683737,663538,670156,621020,664023,691718,673548,54.88,,,,,,,,18,7,Changeup,0,0,0,0,0,0,0,0,Infield shade,Standard,225,0.0,0.0,70.5,8.3,,0.0,88.0,0,0,0.554,0.554,34,27,35,27,1,0,6.0,2.0,5.0,2.0,2.31,0.62,-0.62,45.5,11.75795535185698,-21.856836161888044,36.29503367052363,39.7426122984909,41.43847510446624
SI,2024-07-26,88.3,-2.62,5.89,"Hendricks, Kyle",664728,543294,,ball,,,,,12,Kyle Isbel strikes out swinging.,R,L,R,KC,CHC,B,,,1,2,2024,-1.04,0.65,0.47,3.96,,,,0,3,Bot,,,,,,,9.554897226382042,-128.28869887817632,0.0004448982027305,-13.34347950623574,23.696711760000383,-25.166734795598607,3.36,1.43,,,,87.7,2076,5.7,746277,665804,683737,663538,670156,621020,664023,691718,673548,54.76,,,,,,,,18,6,Sinker,0,0,0,0,0,0,0,0,Infield shade,Standard,215,0.0,0.04,,,,-0.04,,0,0,0.554,0.554,34,27,35,27,1,0,6.0,2.0,5.0,2.0,2.26,1.04,-1.04,42.5,,,,,
CH,2024-07-26,81.9,-2.72,6.03,"Hendricks, Kyle",664728,543294,,foul,,,,,13,Kyle Isbel strikes out swinging.,R,L,R,KC,CHC,S,,,1,2,2024,-1.22,0.44,-1.07,2.18,,,,0,3,Bot,,,,,,,6.002075669653284,-119.24197656357944,-3.063821659038052,-12.746958069213258,19.554528525179915,-27.60278212498672,3.42,1.6,114.0,68.0,14.0,81.5,2165,5.7,746277,665804,683737,663538,670156,621020,664023,691718,673548,54.81,,,,,,,,18,5,Changeup,0,0,0,0,0,0,0,0,Infield shade,Standard,221,0.0,0.0,69.6,7.6,,0.0,88.0,0,0,0.554,0.554,34,27,35,27,1,0,6.0,2.0,5.0,2.0,2.91,1.22,-1.22,45.2,3.210317866345645,-9.368638719796252,19.296177974769368,48.81912054636526,37.05864971463184
FF,2024-07-26,88.5,-2.78,5.82,"Hendricks, Kyle",664728,543294,,ball,,,,,11,Kyle Isbel strikes out swinging.,R,L,R,KC,CHC,B,,,0,2,2024,-0.51,1.1,-0.48,4.88,,,,0,3,Bot,,,,,,,6.599157210476179,-128.91819918899458,1.37978588559336,-6.879315721270312,22.287010618512245,-20.209224059539867,3.33,1.37,,,,88.1,2151,5.6,746277,665804,683737,663538,670156,621020,664023,691718,673548,54.92,,,,,,,,18,4,4-Seam Fastball,0,0,0,0,0,0,0,0,Infield shade,Standard,217,0.0,0.023,,,,-0.023,,0,0,0.554,0.554,34,27,35,27,1,0,6.0,2.0,5.0,2.0,1.77,0.51,-0.51,41.6,,,,,
CH,2024-07-26,81.6,-2.71,5.98,"Hendricks, Kyle",664728,543294,,foul,,,,,13,Kyle Isbel strikes out swinging.,R,L,R,KC,CHC,S,,,0,2,2024,-1.27,0.38,-1.27,1.26,,,,0,3,Bot,,,,,,,5.600536348678106,-118.76821289648072,-4.818776398289748,-13.0589434057068,19.44684485218592,-27.895859270886472,3.42,1.6,5.0,69.1,-15.0,81.1,2158,5.6,746277,665804,683737,663538,670156,621020,664023,691718,673548,54.9,,,,,,,,18,3,Changeup,0,0,0,0,0,0,0,0,Infield shade,Standard,226,0.0,0.0,66.4,7.8,,0.0,88.0,0,0,0.554,0.554,34,27,35,27,1,0,6.0,2.0,5.0,2.0,3.0,1.27,-1.27,42.5,3.662198383381354,-6.853090041476424,24.33817586164768,51.68754624021517,33.98478402592994
CH,2024-07-26,81.4,-2.64,5.98,"Hendricks, Kyle",664728,543294,,foul,,,,,8,Kyle Isbel strikes out swinging.,R,L,R,KC,CHC,S,,,0,1,2024,-0.89,0.66,0.14,1.97,,,,0,3,Bot,,,,,,,7.8776306551866915,-118.36439409199774,-3.7286734774205854,-9.759351541846252,18.495832464724483,-25.463980556362856,3.42,1.6,4.0,49.0,-30.0,81.2,2267,5.8,746277,665804,683737,663538,670156,621020,664023,691718,673548,54.74,,,,,,,,18,2,Changeup,0,0,0,0,0,0,0,0,Standard,Standard,229,0.0,-0.054,75.6,7.7,,0.054,88.0,0,0,0.554,0.554,34,27,35,27,1,0,6.0,2.0,5.0,2.0,2.74,0.89,-0.89,43.8,16.023364366802433,-24.37248885236904,28.0696110538968,34.14966424110216,49.340968219521685
SI,2024-07-26,87.1,-2.7,5.84,"Hendricks, Kyle",664728,543294,,called_strike,,,,,14,Kyle Isbel strikes out swinging.,R,L,R,KC,CHC,S,,,0,0,2024,-1.01,0.49,0.85,2.14,,,,0,3,Bot,,,,,,,10.487947256301853,-126.59451970550693,-3.795157481946018,-12.798358714013354,21.214200925520597,-26.34614459580824,3.15,1.5,,,,87.0,2050,5.9,746277,665804,683737,663538,670156,621020,664023,691718,673548,54.63,,,,,,,,18,1,Sinker,0,0,0,0,0,0,0,0,Standard,Standard,214,0.0,-0.037,,,,0.037,,0,0,0.554,0.554,34,27,35,27,1,0,6.0,2.0,5.0,2.0,2.48,1.01,-1.01,42.1,,,,,
CH,2024-07-26,81.3,-2.33,5.97,"Hendricks, Kyle",641658,543294,field_out,hit_into_play,,,,,6,Garrett Hampson flies out sharply to center fielder Pete Crow-Armstrong.,R,R,R,KC,CHC,X,8.0,fly_ball,1,2,2024,-0.47,1.0,0.71,2.72,,,679845.0,2,2,Bot,129.94,58.83,,,,,7.605720477132594,-118.33938938998824,-2.7113010769369765,-5.5973936988291575,17.97845944984558,-22.363908682762755,3.46,1.6,341.0,101.1,18.0,80.9,2245,5.5,746277,665804,683737,663538,670156,621020,664023,691718,673548,54.96,0.44,0.516,0.0,1.0,0.0,0.0,5.0,14,4,Changeup,0,0,0,0,0,0,0,0,Standard,Standard,229,-0.024,-0.197,68.5,7.1,0.765,0.197,101.1,0,0,0.524,0.524,34,29,35,30,1,0,6.0,2.0,5.0,1.0,2.39,0.47,0.47,43.1,11.304475690172168,6.608992354719365,25.569154369064137,43.71988996792395,29.79370345752845
CU,2024-07-26,74.0,-2.32,5.95,"Hendricks, Kyle",641658,543294,,ball,,,,,14,Garrett Hampson flies out sharply to center fielder Pete Crow-Armstrong.,R,R,R,KC,CHC,B,,,0,2,2024,1.04,-1.04,1.22,1.51,,,679845.0,2,2,Bot,,,,,,,5.339441585776787,-107.66689916618488,0.0372075393275959,7.112942175919472,19.67947988396282,-40.43745596359804,3.42,1.52,,,,72.9,3067,5.6,746277,665804,683737,663538,670156,621020,664023,691718,673548,54.93,,,,,,,,14,3,Curveball,0,0,0,0,0,0,0,0,Standard,Standard,33,0.0,0.027,,,,-0.027,,0,0,0.524,0.524,34,29,35,30,1,0,6.0,2.0,5.0,1.0,5.22,-1.04,-1.04,43.5,,,,,
CH,2024-07-26,78.5,-2.26,5.9,"Hendricks, Kyle",641658,543294,,called_strike,,,,,9,Garrett Hampson flies out sharply to center fielder Pete Crow-Armstrong.,R,R,R,KC,CHC,S,,,0,1,2024,-0.48,1.14,0.67,1.73,,,679845.0,2,2,Bot,,,,,,,7.1437171659413305,-114.19282724264676,-4.328120969946687,-5.413024499470862,18.155188473640145,-21.594142615050178,3.48,1.55,,,,78.0,2091,5.6,746277,665804,683737,663538,670156,621020,664023,691718,673548,54.88,,,,,,,,14,2,Changeup,0,0,0,0,0,0,0,0,Standard,Standard,231,0.0,-0.054,,,,0.054,,0,0,0.524,0.524,34,29,35,30,1,0,6.0,2.0,5.0,1.0,2.52,0.48,0.48,44.1,,,,,
SI,2024-07-26,87.9,-2.32,5.88,"Hendricks, Kyle",641658,543294,,called_strike,,,,,9,Garrett Hampson flies out sharply to center fielder Pete Crow-Armstrong.,R,R,R,KC,CHC,S,,,0,0,2024,-1.1,0.67,0.53,1.68,,,679845.0,2,2,Bot,,,,,,,9.065517458610389,-127.75921002636508,-5.482624766734743,-13.77957040572809,21.592362238223625,-23.98088515370417,3.45,1.52,,,,87.5,1983,5.7,746277,665804,683737,663538,670156,621020,664023,691718,673548,54.82,,,,,,,,14,1,Sinker,0,0,0,0,0,0,0,0,Standard,Standard,219,0.0,-0.047,,,,0.047,,0,0,0.524,0.524,34,29,35,30,1,0,6.0,2.0,5.0,1.0,2.25,1.1,1.1,41.4,,,,,
SI,2024-07-26,88.9,-2.79,5.83,"Hendricks, Kyle",679845,543294,single,hit_into_play,,,,,8,Nick Loftin singles on a ground ball to third baseman Miles Mastrobuoni.,R,R,R,KC,CHC,X,5.0,ground_ball,1,1,2024,-1.01,0.56,-0.24,1.63,,,,2,2,Bot,102.02,159.04,,,,,8.265692215521353,-129.26929584250473,-5.487850485443151,-12.83852586136566,21.45627096406016,-25.051819185188343,3.51,1.7,6.0,97.8,-16.0,88.7,2048,5.8,746277,665804,683737,663538,670156,621020,664023,691718,673548,54.74,0.203,0.2,0.9,1.0,1.0,0.0,2.0,13,3,Sinker,0,0,0,0,0,0,0,0,Standard,Standard,220,0.013,0.344,75.3,7.7,0.211,-0.344,97.8,0,0,0.511,0.511,34,25,35,26,1,0,6.0,2.0,5.0,1.0,2.28,1.01,1.01,42.7,6.2286104929838375,-7.571805876144556,39.96078478323293,33.332789221895894,31.80066477487008
SI,2024-07-26,88.1,-2.69,5.94,"Hendricks, Kyle",679845,543294,,foul,,,,,1,Nick Loftin singles on a ground ball to third baseman Miles Mastrobuoni.,R,R,R,KC,CHC,S,,,1,0,2024,-1.05,0.84,-0.76,3.49,,,,2,2,Bot,,,,,,,6.779176661598693,-128.29369412901696,-1.640243906071757,-12.912567378660723,23.40273947788597,-22.734170601342,3.51,1.7,172.0,60.9,38.0,87.7,2064,5.7,746277,665804,683737,663538,670156,621020,664023,691718,673548,54.79,,,,,,,,13,2,Sinker,0,0,0,0,0,0,0,0,Standard,Standard,214,0.0,-0.051,59.9,5.3,,0.051,88.0,0,0,0.511,0.511,34,25,35,26,1,0,6.0,2.0,5.0,1.0,2.07,1.05,1.05,42.7,-10.90908248372319,24.996005847902644,33.236415776359536,26.994582150084184,16.9960144773412
SI,2024-07-26,87.7,-2.63,5.93,"Hendricks, Kyle",679845,543294,,ball,,,,,12,Nick Loftin singles on a ground ball to third baseman Miles Mastrobuoni.,R,R,R,KC,CHC,B,,,0,0,2024,-0.95,0.74,0.7,3.57,,,,2,2,Bot,,,,,,,9.921648006133012,-127.49336763213476,-1.1800598764549428,-12.214776506433246,21.292349365368857,-23.99399711620846,3.39,1.5,,,,87.5,2068,5.8,746277,665804,683737,663538,670156,621020,664023,691718,673548,54.67,,,,,,,,13,1,Sinker,0,0,0,0,0,0,0,0,Standard,Standard,208,0.0,0.04,,,,-0.04,,0,0,0.511,0.511,34,25,35,26,1,0,6.0,2.0,5.0,1.0,2.19,0.95,0.95,43.5,,,,,
SI,2024-07-26,89.2,-2.64,5.94,"Hendricks, Kyle",592669,543294,strikeout,foul_tip,,,,,11,Hunter Renfroe strikes out on a foul tip.,R,R,R,KC,CHC,S,2.0,,3,2,2024,-0.85,0.83,-1.08,3.38,,,,1,2,Bot,,,,,,,5.559843856618694,-129.90152893701574,-2.1219168836102997,-10.711718967330151,23.095896190007497,-22.414884776906437,3.51,1.7,,,,88.8,2053,5.7,746277,665804,683737,663538,670156,621020,664023,691718,673548,54.82,,0.0,0.0,1.0,0.0,0.0,,12,6,Sinker,0,0,0,0,0,0,0,0,Standard,Standard,213,-0.016,-0.332,74.4,6.5,,0.332,,0,0,0.527,0.527,34,32,35,32,1,0,6.0,3.0,5.0,1.0,1.99,0.85,0.85,45.5,6.800507938885582,-4.326121713305974,22.600713998856165,25.19396267419697,31.310521306692248
CH,2024-07-26,81.4,-2.58,6.01,"Hendricks, Kyle",592669,543294,,ball,,,,,14,Hunter Renfroe strikes out on a foul tip.,R,R,R,KC,CHC,B,,,2,2,2024,-0.36,0.66,1.08,1.47,,,,1,2,Bot,,,,,,,8.783734985904141,-118.28367806219867,-4.853139998561211,-4.948625093693132,20.5257764455293,-25.218224476775976,3.24,1.5,,,,80.7,2175,5.7,746277,665804,683737,663538,670156,621020,664023,691718,673548,54.81,,,,,,,,12,5,Changeup,0,0,0,0,0,0,0,0,Standard,Standard,231,0.0,0.108,,,,-0.108,,0,0,0.527,0.527,34,32,35,32,1,0,6.0,3.0,5.0,1.0,2.76,0.36,0.36,44.6,,,,,
CH,2024-07-26,81.2,-2.59,6.0,"Hendricks, Kyle",592669,543294,,ball,,,,,14,Hunter Renfroe strikes out on a foul tip.,R,R,R,KC,CHC,B,,,1,2,2024,-0.03,0.81,1.47,1.56,,,,1,2,Bot,,,,,,,9.042744358019798,-118.03387897954596,-4.91110995863858,-1.7989474683881603,19.976038400617234,-23.828334106717232,3.24,1.47,,,,80.7,2125,5.8,746277,665804,683737,663538,670156,621020,664023,691718,673548,54.71,,,,,,,,12,4,Changeup,0,0,0,0,0,0,0,0,Standard,Standard,224,0.0,0.043,,,,-0.043,,0,0,0.527,0.527,34,32,35,32,1,0,6.0,3.0,5.0,1.0,2.62,0.03,0.03,43.7,,,,,
CH,2024-07-26,81.1,-2.74,6.0,"Hendricks, Kyle",592669,543294,,swinging_strike,,,,,9,Hunter Renfroe strikes out on a foul tip.,R,R,R,KC,CHC,S,,,1,1,2024,-0.44,0.8,0.71,2.1,,,,1,2,Bot,,,,,,,8.454339591314639,-117.91521332772604,-3.654301844438364,-5.565503242043404,19.84516594093779,-24.20284819036282,3.51,1.7,,,,80.7,2132,5.8,746277,665804,683737,663538,670156,621020,664023,691718,673548,54.73,,,,,,,,12,3,Changeup,0,0,0,0,0,0,0,0,Standard,Standard,224,0.0,-0.061,74.3,8.8,,0.061,,0,0,0.527,0.527,34,32,35,32,1,0,6.0,3.0,5.0,1.0,2.64,0.44,0.44,43.8,19.96280556431198,-34.99620750579588,26.055885218255785,44.67362930449104,53.60600286238487
SI,2024-07-26,89.0,-2.78,5.86,"Hendricks, Kyle",592669,543294,,ball,,,,,13,Hunter Renfroe strikes out on a foul tip.,R,R,R,KC,CHC,B,,,0,1,2024,-0.8,0.87,-1.7,2.38,,,,1,2,Bot,,,,,,,4.29252683789332,-129.76082398501666,-4.403499281515127,-9.895505795823334,22.38491043936172,-21.67749142308124,3.47,1.53,,,,88.8,1989,5.7,746277,665804,683737,663538,670156,621020,664023,691718,673548,54.8,,,,,,,,12,2,Sinker,0,0,0,0,0,0,0,0,Standard,Standard,208,0.0,0.024,,,,-0.024,,0,0,0.527,0.527,34,32,35,32,1,0,6.0,3.0,5.0,1.0,1.96,0.8,0.8,42.5,,,,,
FF,2024-07-26,87.9,-2.75,5.9,"Hendricks, Kyle",592669,543294,,foul,,,,,2,Hunter Renfroe strikes out on a foul tip.,R,R,R,KC,CHC,S,,,0,0,2024,-0.4,1.19,-0.07,3.22,,,,1,2,Bot,,,,,,,7.253384114067829,-127.9753532555966,-2.884502072632804,-5.835467573163572,24.12544611203909,-18.65709614034233,3.51,1.7,201.0,70.7,30.0,87.4,2132,5.7,746277,665804,683737,663538,670156,621020,664023,691718,673548,54.75,,,,,,,,12,1,4-Seam Fastball,0,0,0,0,0,0,0,0,Standard,Standard,215,0.0,-0.037,78.1,7.1,,0.037,88.0,0,0,0.527,0.527,34,32,35,32,1,0,6.0,3.0,5.0,1.0,1.74,0.4,0.4,41.2,7.8384729586433854,-1.69266900405975,23.93104165298654,37.86814964919016,33.40433620474226
FF,2024-07-26,87.7,-2.75,5.85,"Hendricks, Kyle",686681,543294,field_out,hit_into_play,,,,,7,Michael Massey flies out to center fielder Pete Crow-Armstrong.,R,L,R,KC,CHC,X,8.0,fly_ball,1,0,2024,-0.51,0.95,-0.54,1.91,,,,0,2,Bot,169.53,45.49,,,,,6.314744462582255,-127.63316647547822,-5.398021194462439,-6.7298823368818566,22.68705801814945,-20.85601847790716,3.45,1.65,393.0,99.7,30.0,87.4,2095,5.8,746277,665804,683737,663538,670156,621020,664023,691718,673548,54.71,0.497,0.906,0.0,1.0,0.0,0.0,6.0,11,2,4-Seam Fastball,0,0,0,0,0,0,0,0,Standard,Standard,215,-0.023,-0.292,74.0,7.5,1.719,0.292,99.7,0,0,0.55,0.55,34,26,35,26,1,0,6.0,2.0,5.0,1.0,1.98,0.51,-0.51,41.5,13.12120821549796,-3.0958122713561007,34.06488769582033,40.82744039135821,31.552083582139257
FF,2024-07-26,87.3,-2.82,5.92,"Hendricks, Kyle",686681,543294,,ball,,,,,11,Michael Massey flies out to center fielder Pete Crow-Armstrong.,R,L,R,KC,CHC,B,,,0,0,2024,-0.55,0.85,-0.72,4.16,,,,0,2,Bot,,,,,,,6.115659338617184,-127.16030755156716,0.0659090732541265,-7.127455603035392,23.09740938292149,-23.053586598623905,3.39,1.51,,,,86.9,2169,5.7,746277,665804,683737,663538,670156,621020,664023,691718,673548,54.8,,,,,,,,11,1,4-Seam Fastball,0,0,0,0,0,0,0,0,Infield shade,Standard,209,0.0,0.038,,,,-0.038,,0,0,0.55,0.55,34,26,35,26,1,0,6.0,2.0,5.0,1.0,2.11,0.55,-0.55,42.8,,,,,
SI,2024-07-26,87.8,-2.24,5.98,"Hendricks, Kyle",521692,543294,field_out,hit_into_play,,,,,14,Salvador Perez lines out sharply to right fielder Seiya Suzuki.,R,R,R,KC,CHC,X,9.0,line_drive,1,0,2024,-1.03,0.57,0.86,2.58,,,686469.0,2,1,Bot,200.4,77.47,,,,,9.47906273063042,-127.6285167054035,-3.3234757520143887,-13.010016136217995,22.665937859283588,-25.48451257634705,3.66,1.73,351.0,106.7,17.0,87.1,2091,5.6,746277,665804,683737,663538,670156,621020,664023,691718,673548,54.88,0.606,0.737,0.0,1.0,0.0,0.0,6.0,7,2,Sinker,0,0,0,0,0,0,0,0,Standard,Standard,210,-0.022,-0.304,76.5,7.2,1.147,0.304,106.7,0,0,0.522,0.522,34,34,35,34,1,0,6.0,2.0,5.0,1.0,2.36,1.03,1.03,43.4,4.140038414495526,10.341725568223302,30.873973213089165,46.44899185274189,19.1840791502288
CU,2024-07-26,74.7,-2.32,6.01,"Hendricks, Kyle",521692,543294,,ball,,,,,14,Salvador Perez lines out sharply to right fielder Seiya Suzuki.,R,R,R,KC,CHC,B,,,0,0,2024,1.36,-0.77,1.04,2.4,,,686469.0,2,1,Bot,,,,,,,4.456341655041996,-108.74156935353106,1.0803945695615682,9.95851155878132,19.51718990321801,-38.69148980109488,3.57,1.59,,,,73.6,3030,5.5,746277,665804,683737,663538,670156,621020,664023,691718,673548,55.01,,,,,,,,7,1,Curveball,0,0,0,0,0,0,0,0,Standard,Standard,44,0.0,0.034,,,,-0.034,,0,0,0.522,0.522,34,34,35,34,1,0,6.0,2.0,5.0,1.0,4.86,-1.36,-1.36,41.8,,,,,
CU,2024-07-26,75.6,-2.87,5.93,"Hendricks, Kyle",686469,543294,single,hit_into_play,,,,,7,Vinnie Pasquantino singles on a line drive to right fielder Seiya Suzuki.,R,L,R,KC,CHC,X,9.0,line_drive,0,2,2024,1.16,-0.44,-0.7,2.18,,,,2,1,Bot,173.7,110.03,,,,,2.419680871677371,-110.14543372821493,0.0392797150939887,8.997766631521678,19.611925655306766,-35.99359716239602,3.54,1.64,200.0,97.4,13.0,74.7,3079,5.5,746277,665804,683737,663538,670156,621020,664023,691718,673548,54.95,0.943,0.899,0.9,1.0,1.0,0.0,4.0,6,3,Curveball,0,0,0,0,0,0,0,0,Infield shade,Standard,44,0.012,0.431,70.8,7.8,1.109,-0.431,97.4,0,0,0.51,0.51,34,26,35,27,1,0,6.0,2.0,5.0,1.0,4.42,-1.16,1.16,42.4,12.58076756643278,-8.17449456375603,30.08575249266051,44.02483994018272,32.54322795709417
SI,2024-07-26,87.6,-2.68,5.94,"Hendricks, Kyle",686469,543294,,foul,,,,,11,Vinnie Pasquantino singles on a line drive to right fielder Seiya Suzuki.,R,L,R,KC,CHC,S,,,0,1,2024,-0.92,0.63,-0.05,3.78,,,,2,1,Bot,,,,,,,8.153894004201078,-127.5672062867442,-0.5191561294783618,-11.465384793495703,20.345643984741223,-25.26840773323615,3.54,1.64,173.0,81.0,14.0,87.6,1939,5.7,746277,665804,683737,663538,670156,621020,664023,691718,673548,54.78,,,,,,,,6,2,Sinker,0,0,0,0,0,0,0,0,Infield shade,Standard,212,0.0,-0.058,53.4,4.6,,0.058,88.0,0,0,0.51,0.51,34,26,35,27,1,0,6.0,2.0,5.0,1.0,2.28,0.92,-0.92,42.7,-14.036606096420146,41.59527538444574,24.491548032781864,35.23436290060339,8.39079045057389
FF,2024-07-26,87.6,-2.81,5.85,"Hendricks, Kyle",686469,543294,,called_strike,,,,,4,Vinnie Pasquantino singles on a line drive to right fielder Seiya Suzuki.,R,L,R,KC,CHC,S,,,0,0,2024,-0.52,1.17,-0.29,2.14,,,,2,1,Bot,,,,,,,7.081853642912528,-127.40499202069547,-5.2577182463538525,-6.999810337157125,22.119177552637083,-18.536027181744537,3.53,1.5,,,,87.3,2182,5.8,746277,665804,683737,663538,670156,621020,664023,691718,673548,54.72,,,,,,,,6,1,4-Seam Fastball,0,0,0,0,0,0,0,0,Infield shade,Standard,211,0.0,-0.041,,,,0.041,,0,0,0.51,0.51,34,26,35,27,1,0,6.0,2.0,5.0,1.0,1.77,0.52,-0.52,41.0,,,,,
CH,2024-07-26,80.4,-2.69,6.08,"Hendricks, Kyle",677951,543294,field_out,hit_into_play,,,,,14,Bobby Witt Jr. grounds out to first baseman Michael Busch.,R,R,R,KC,CHC,X,3.0,ground_ball,1,0,2024,-0.45,1.07,1.35,2.48,,,,1,1,Bot,148.49,161.22,,,,,9.69962925566824,-116.83484440261576,-3.340340527526769,-5.790086751596425,19.04261446354573,-21.912384936520954,3.53,1.67,28.0,65.9,-2.0,79.9,2230,5.8,746277,665804,683737,663538,670156,621020,664023,691718,673548,54.75,0.097,0.107,0.0,1.0,0.0,0.0,2.0,5,2,Changeup,0,0,0,0,0,0,0,0,Standard,Standard,228,-0.016,-0.295,77.0,7.6,0.111,0.295,88.0,0,0,0.526,0.526,34,24,35,24,1,0,6.0,2.0,5.0,1.0,2.43,0.45,0.45,43.8,17.057320063380022,-7.510444209722282,20.362185385706137,46.28358487699802,37.35349182495641
SI,2024-07-26,88.0,-2.57,5.92,"Hendricks, Kyle",677951,543294,,ball,,,,,14,Bobby Witt Jr. grounds out to first baseman Michael Busch.,R,R,R,KC,CHC,B,,,0,0,2024,-0.99,0.64,1.56,2.37,,,,1,1,Bot,,,,,,,11.95456727630272,-127.71271392570708,-3.844394736689505,-13.089585122575944,22.739126355165965,-24.58867144377679,3.44,1.53,,,,87.7,2022,5.9,746277,665804,683737,663538,670156,621020,664023,691718,673548,54.57,,,,,,,,5,1,Sinker,0,0,0,0,0,0,0,0,Standard,Standard,213,0.0,0.039,,,,-0.039,,0,0,0.526,0.526,34,24,35,24,1,0,6.0,2.0,5.0,1.0,2.29,0.99,0.99,41.8,,,,,
CH,2024-07-26,80.9,-2.78,6.01,"Hendricks, Kyle",624428,543294,field_out,hit_into_play,,,,,13,Adam Frazier lines out to second baseman Nico Hoerner.,R,L,R,KC,CHC,X,4.0,line_drive,2,2,2024,-1.08,0.48,-1.36,1.23,,,,0,1,Bot,134.65,133.98,,,,,5.161625622131434,-117.78627386355797,-5.01763009744046,-11.012746408827072,18.4729138737593,-27.003509420674742,3.11,1.44,168.0,71.4,14.0,80.8,2110,5.8,746277,665804,683737,663538,670156,621020,664023,691718,673548,54.73,0.403,0.363,0.0,1.0,0.0,0.0,4.0,4,5,Changeup,0,0,0,0,0,0,0,0,Infield shade,Standard,224,-0.021,-0.227,61.5,8.1,0.413,0.227,88.0,0,0,0.547,0.547,34,32,35,33,1,0,6.0,2.0,5.0,3.0,2.95,1.08,-1.08,42.8,19.453853804272757,-0.9029952239115832,39.14416100838133,45.3953540976992,28.680109975757404
SI,2024-07-26,88.1,-2.64,5.95,"Hendricks, Kyle",624428,543294,,ball,,,,,12,Adam Frazier lines out to second baseman Nico Hoerner.,R,L,R,KC,CHC,B,,,1,2,2024,-1.2,0.82,0.7,3.57,,,,0,1,Bot,,,,,,,10.482238779226364,-128.04651642458012,-1.4368824536678797,-15.167708414464183,22.62809186684887,-22.975021056154283,3.02,1.33,,,,87.7,2058,5.8,746277,665804,683737,663538,670156,621020,664023,691718,673548,54.71,,,,,,,,4,4,Sinker,0,0,0,0,0,0,0,0,Infield shade,Standard,215,0.0,0.04,,,,-0.04,88.0,0,0,0.547,0.547,34,32,35,33,1,0,6.0,2.0,5.0,3.0,2.09,1.2,-1.2,40.9,,,,,
CH,2024-07-26,81.7,-2.72,6.0,"Hendricks, Kyle",624428,543294,,foul,,,,,8,Adam Frazier lines out to second baseman Nico Hoerner.,R,L,R,KC,CHC,S,,,1,1,2024,-0.92,0.44,-0.07,1.81,,,,0,1,Bot,,,,,,,7.658573422077531,-118.9061398897207,-3.795086310488398,-10.072275474770375,18.753644868468747,-27.510320626791103,3.11,1.44,326.0,88.1,36.0,81.4,2282,5.7,746277,665804,683737,663538,670156,621020,664023,691718,673548,54.83,,,,,,,,4,3,Changeup,0,0,0,0,0,0,0,0,Standard,Standard,225,0.0,-0.056,65.6,8.0,,0.056,88.1,0,0,0.547,0.547,34,32,35,33,1,0,6.0,2.0,5.0,3.0,2.93,0.92,-0.92,43.4,24.254658445963013,-22.247629521592845,39.83408177036024,30.001276011967107,40.33754049842244
FF,2024-07-26,87.9,-2.71,5.9,"Hendricks, Kyle",624428,543294,,called_strike,,,,,11,Adam Frazier lines out to second baseman Nico Hoerner.,R,L,R,KC,CHC,S,,,1,0,2024,-0.33,1.22,-0.44,3.36,,,,0,1,Bot,,,,,,,6.121848070364467,-128.0651822215569,-2.6678944644177967,-4.726468199135068,22.372526131286296,-18.25906360876249,3.13,1.4,,,,87.7,2073,5.8,746277,665804,683737,663538,670156,621020,664023,691718,673548,54.74,,,,,,,,4,2,4-Seam Fastball,0,0,0,0,0,0,0,0,Standard,Standard,212,0.0,-0.049,,,,0.049,,0,0,0.547,0.547,34,32,35,33,1,0,6.0,2.0,5.0,3.0,1.68,0.33,-0.33,42.2,,,,,
FF,2024-07-26,87.2,-2.75,5.96,"Hendricks, Kyle",624428,543294,,ball,,,,,11,Adam Frazier lines out to second baseman Nico Hoerner.,R,L,R,KC,CHC,B,,,0,0,2024,-0.26,1.33,-0.26,3.58,,,,0,1,Bot,,,,,,,6.448567861214084,-126.93587433325928,-2.3678513112243333,-4.025848167360735,22.50980941115705,-17.361672110985317,3.02,1.3,,,,86.7,2104,5.7,746277,665804,683737,663538,670156,621020,664023,691718,673548,54.85,,,,,,,,4,1,4-Seam Fastball,0,0,0,0,0,0,0,0,Infield shade,Standard,211,0.0,0.038,,,,-0.038,,0,0,0.547,0.547,34,32,35,33,1,0,6.0,2.0,5.0,3.0,1.63,0.26,-0.26,43.0,,,,,
CH,2024-07-20,79.2,-2.49,6.06,"Hendricks, Kyle",572233,543294,field_out,hit_into_play,,,,,5,Christian Walker grounds out to first baseman Michael Busch.,R,R,R,CHC,AZ,X,3.0,ground_ball,2,2,2024,-0.43,0.79,-0.07,2.18,,,592626.0,2,5,Top,154.55,165.78,,,,,5.994377794048594,-115.19262905171487,-3.1425002711215613,-4.910970914450566,20.68192601151653,-24.741576555569363,3.45,1.53,3.0,39.4,-36.0,78.3,2234,5.6,746852,665804,683737,663538,666624,621020,664023,691718,673548,54.92,0.283,0.259,0.0,1.0,0.0,0.0,1.0,40,5,Changeup,0,3,3,0,3,0,3,0,Standard,Standard,235,0.012,-0.234,83.8,7.9,0.291,0.234,88.0,-3,3,0.167,0.833,34,33,35,33,3,2,8.0,1.0,6.0,1.0,2.84,0.43,0.43,41.3,16.478377988476346,-25.947853945201413,36.98915572251463,37.697351330908944,50.884487037168746
CU,2024-07-20,75.7,-2.4,5.97,"Hendricks, Kyle",572233,543294,,blocked_ball,,,,,14,Christian Walker grounds out to first baseman Michael Busch.,R,R,R,CHC,AZ,B,,,1,2,2024,1.26,-0.83,2.42,-0.05,,,592626.0,2,5,Top,,,,,,,7.705994629375986,-109.89534650555504,-3.8699223019581552,8.691305880777735,21.108138763708904,-38.331408594929066,3.41,1.55,,,,74.4,3074,5.6,746852,665804,683737,663538,666624,621020,664023,691718,673548,54.88,,,,,,,,40,4,Curveball,0,3,3,0,3,0,3,0,Standard,Standard,40,0.0,0.038,,,,-0.038,,-3,3,0.167,0.833,34,33,35,33,3,2,8.0,1.0,6.0,1.0,4.85,-1.26,-1.26,44.9,,,,,
CU,2024-07-20,74.0,-2.45,6.0,"Hendricks, Kyle",572233,543294,,foul,,,,,3,Christian Walker grounds out to first baseman Michael Busch.,R,R,R,CHC,AZ,S,,,1,1,2024,1.34,-0.61,0.45,3.14,,,592626.0,2,5,Top,,,,,,,3.519216058982244,-107.63367489389682,2.475154360795884,9.680781843787225,19.929114129129704,-37.61953870262428,3.45,1.53,186.0,60.8,49.0,72.7,2968,5.5,746852,665804,683737,663538,666624,621020,664023,691718,673548,55.0,,,,,,,,40,3,Curveball,0,3,3,0,3,0,3,0,Standard,Standard,48,0.0,-0.06,64.2,7.6,,0.06,88.0,-3,3,0.167,0.833,34,33,35,33,3,2,8.0,1.0,6.0,1.0,4.8,-1.34,-1.34,43.5,11.373358442629709,-6.501561393381303,22.1046142439324,44.00568118280501,34.20083224011629
SI,2024-07-20,87.6,-2.42,6.01,"Hendricks, Kyle",572233,543294,,swinging_strike,,,,,13,Christian Walker grounds out to first baseman Michael Busch.,R,R,R,CHC,AZ,S,,,1,0,2024,-1.29,0.5,-0.95,1.69,,,592626.0,2,5,Top,,,,,,,6.099175932936064,-127.44199099628943,-5.276959497535646,-15.271715295622943,25.563613096334823,-25.864136728365573,3.45,1.53,,,,86.5,1975,5.6,746852,665804,683737,663538,666624,621020,664023,691718,673548,54.94,,,,,,,,40,2,Sinker,0,3,3,0,3,0,3,0,Standard,Standard,215,0.0,-0.048,78.2,8.0,,0.048,,-3,3,0.167,0.833,34,33,35,33,3,2,8.0,1.0,6.0,1.0,2.47,1.29,1.29,42.4,16.07963366200915,-15.594310260413726,42.1829210462606,28.477250096929527,32.363890196541334
CH,2024-07-20,79.4,-2.43,6.06,"Hendricks, Kyle",572233,543294,,ball,,,,,14,Christian Walker grounds out to first baseman Michael Busch.,R,R,R,CHC,AZ,B,,,0,0,2024,-0.57,1.02,1.77,0.89,,,592626.0,2,5,Top,,,,,,,10.106243951100284,-115.20793156027092,-6.412905427982116,-6.809712748164727,19.01189225285944,-22.03297828256979,3.38,1.52,,,,78.7,2021,5.7,746852,665804,683737,663538,666624,621020,664023,691718,673548,54.79,,,,,,,,40,1,Changeup,0,3,3,0,3,0,3,0,Strategic,Standard,232,0.0,0.034,,,,-0.034,,-3,3,0.167,0.833,34,33,35,33,3,2,8.0,1.0,6.0,1.0,2.58,0.57,0.57,43.7,,,,,
FF,2024-07-20,88.7,-2.78,5.77,"Hendricks, Kyle",592626,543294,hit_by_pitch,hit_by_pitch,,,,,12,Joc Pederson hit by pitch.,R,L,R,CHC,AZ,B,,,3,1,2024,-0.33,0.93,2.0,3.41,,,,2,5,Top,,,,,,,12.194076073037447,-128.70885251787237,-1.6840045568712143,-5.90735290056755,23.379624827063584,-21.549915447616566,3.61,1.69,,,,87.9,2033,5.7,746852,665804,683737,663538,666624,621020,664023,691718,673548,54.83,,0.720192,0.7,1.0,0.0,0.0,,39,5,4-Seam Fastball,0,3,3,0,3,0,3,0,Infield shade,Standard,219,-0.007,0.178,,,,-0.178,,-3,3,0.174,0.826,34,32,35,32,3,2,8.0,7.0,6.0,2.0,1.95,0.33,-0.33,38.4,,,,,
FF,2024-07-20,88.7,-2.8,5.67,"Hendricks, Kyle",592626,543294,,ball,,,,,14,Joc Pederson hit by pitch.,R,L,R,CHC,AZ,B,,,2,1,2024,-0.31,0.92,2.87,1.18,,,,2,5,Top,,,,,,,14.34291763929848,-128.41969709016826,-6.805895243803733,-6.087539377143719,23.37254791002052,-20.66107545473959,3.42,1.65,,,,88.1,1972,5.9,746852,665804,683737,663538,666624,621020,664023,691718,673548,54.6,,,,,,,,39,4,4-Seam Fastball,0,3,3,0,3,0,3,0,Infield shade,Standard,223,0.0,0.112,,,,-0.112,,-3,3,0.174,0.826,34,32,35,32,3,2,8.0,7.0,6.0,2.0,1.98,0.31,-0.31,36.8,,,,,
FF,2024-07-20,89.6,-2.81,5.79,"Hendricks, Kyle",592626,543294,,ball,,,,,12,Joc Pederson hit by pitch.,R,L,R,CHC,AZ,B,,,1,1,2024,-0.29,0.91,1.61,3.36,,,,2,5,Top,,,,,,,11.354134371758704,-130.13172238607223,-1.9388159646525056,-5.502243232194273,25.136913886484937,-21.582234704359543,3.35,1.63,,,,88.7,2063,5.6,746852,665804,683737,663538,666624,621020,664023,691718,673548,54.86,,,,,,,,39,3,4-Seam Fastball,0,3,3,0,3,0,3,0,Infield shade,Standard,220,0.0,0.058,,,,-0.058,,-3,3,0.174,0.826,34,32,35,32,3,2,8.0,7.0,6.0,2.0,1.92,0.29,-0.29,36.5,,,,,
FF,2024-07-20,89.0,-2.78,5.71,"Hendricks, Kyle",592626,543294,,ball,,,,,12,Joc Pederson hit by pitch.,R,L,R,CHC,AZ,B,,,0,1,2024,-0.33,1.04,1.66,2.55,,,,2,5,Top,,,,,,,11.4357516735706,-129.19263269535068,-3.9242021855722937,-5.831977123168746,23.915014522202085,-19.78171157690982,3.39,1.65,,,,88.3,2115,5.7,746852,665804,683737,663538,666624,621020,664023,691718,673548,54.75,,,,,,,,39,2,4-Seam Fastball,0,3,3,0,3,0,3,0,Infield shade,Standard,224,0.0,0.029,,,,-0.029,,-3,3,0.174,0.826,34,32,35,32,3,2,8.0,7.0,6.0,2.0,1.82,0.33,-0.33,34.9,,,,,
FF,2024-07-20,88.7,-2.88,5.71,"Hendricks, Kyle",592626,543294,,foul,,,,,12,Joc Pederson hit by pitch.,R,L,R,CHC,AZ,S,,,0,0,2024,-0.22,0.93,1.16,2.99,,,,2,5,Top,,,,,,,10.220726064721202,-128.93810693401107,-2.5564328963421543,-4.345859845158159,23.99254044336179,-21.399490481395887,3.61,1.69,10.0,62.4,-16.0,88.2,2114,5.8,746852,665804,683737,663538,666624,621020,664023,691718,673548,54.72,,,,,,,,39,1,4-Seam Fastball,0,3,3,0,3,0,3,0,Standard,Standard,217,0.0,-0.041,61.7,6.5,,0.041,88.0,-3,3,0.174,0.826,34,32,35,32,3,2,8.0,7.0,6.0,2.0,1.95,0.22,-0.22,40.5,6.020977848393384,-5.202437227699004,26.13690017288729,19.353512763231613,24.09329786487669
CH,2024-07-20,80.6,-2.77,6.01,"Hendricks, Kyle",606466,543294,field_out,hit_into_play,,,,,4,Ketel Marte flies out to center fielder Pete Crow-Armstrong.,R,L,R,CHC,AZ,X,8.0,fly_ball,1,1,2024,-1.27,0.23,-0.58,2.61,,,,1,5,Top,111.68,65.99,,,,,7.164504915659397,-117.1449831558866,-1.326566008311238,-13.011602563326225,21.32259783664713,-29.995181623541107,3.68,1.73,332.0,87.9,31.0,79.6,2203,5.6,746852,665804,683737,663538,666624,621020,664023,691718,673548,54.89,0.043,0.058,0.0,1.0,0.0,0.0,3.0,38,3,Changeup,0,3,3,0,3,0,3,0,Standard,Standard,231,0.009,-0.243,73.4,7.4,0.097,0.243,88.0,-3,3,0.165,0.835,34,30,35,31,3,2,8.0,1.0,6.0,1.0,3.27,1.27,-1.27,42.6,10.306510477673063,-3.7933207876580495,30.91134407732528,41.25662023466752,36.471715441259136
SI,2024-07-20,86.6,-2.77,6.01,"Hendricks, Kyle",606466,543294,,foul,,,,,4,Ketel Marte flies out to center fielder Pete Crow-Armstrong.,R,L,R,CHC,AZ,S,,,1,0,2024,-1.08,0.59,-0.64,2.43,,,,1,5,Top,,,,,,,7.175120321649402,-126.05616070556384,-3.566501585394484,-12.919550405144808,23.146608354980863,-25.357527394221176,3.68,1.73,146.0,73.8,68.0,85.7,2028,5.5,746852,665804,683737,663538,666624,621020,664023,691718,673548,55.01,,,,,,,,38,2,Sinker,0,3,3,0,3,0,3,0,Standard,Standard,213,0.0,-0.051,74.5,7.5,,0.051,88.0,-3,3,0.165,0.835,34,30,35,31,3,2,8.0,1.0,6.0,1.0,2.42,1.08,-1.08,43.2,10.271361588778202,4.575971618069565,27.71383666516417,42.97753304006817,34.50270263791825
SI,2024-07-20,86.9,-2.83,5.97,"Hendricks, Kyle",606466,543294,,ball,,,,,11,Ketel Marte flies out to center fielder Pete Crow-Armstrong.,R,L,R,CHC,AZ,B,,,0,0,2024,-1.07,0.67,-0.97,3.66,,,,1,5,Top,,,,,,,6.545869538283025,-126.43161870793756,-0.7657219475866401,-12.815404851610603,23.791791240377705,-25.02916030418786,3.59,1.82,,,,85.9,2067,5.5,746852,665804,683737,663538,666624,621020,664023,691718,673548,55.01,,,,,,,,38,1,Sinker,0,3,3,0,3,0,3,0,Standard,Standard,211,0.0,0.039,,,,-0.039,,-3,3,0.165,0.835,34,30,35,31,3,2,8.0,1.0,6.0,1.0,2.33,1.07,-1.07,42.1,,,,,
CH,2024-07-20,79.9,-2.56,6.02,"Hendricks, Kyle",682998,543294,home_run,hit_into_play,,,,,8,Corbin Carroll homers (6) on a fly ball to right center field. Geraldo Perdomo scores.,R,L,R,CHC,AZ,X,,fly_ball,1,2,2024,-1.26,0.38,-0.01,1.75,,,672695.0,1,5,Top,198.66,51.71,,,,,7.877773304287352,-116.19150558177238,-3.42274715511257,-12.802321368297443,20.08114837370301,-28.287428715997137,3.09,1.45,418.0,105.0,26.0,79.1,2243,5.6,746852,665804,683737,663538,666624,621020,664023,691718,673548,54.91,0.891,1.759,2.0,1.0,0.0,3.0,6.0,37,4,Changeup,0,1,1,0,3,0,3,0,Infield shade,Standard,232,-0.188,1.506,75.4,7.3,3.39,-1.506,105.0,-1,1,0.353,0.647,34,23,35,24,3,2,8.0,1.0,6.0,2.0,3.17,1.26,-1.26,42.0,6.906100087910349,-10.56187391596249,28.336850914537877,39.24317133057694,40.5904742960194
CH,2024-07-20,80.2,-2.55,6.03,"Hendricks, Kyle",682998,543294,,blocked_ball,,,,,13,Corbin Carroll homers (6) on a fly ball to right center field. Geraldo Perdomo scores.,R,L,R,CHC,AZ,B,,,0,2,2024,-1.28,0.45,-0.49,0.64,,,672695.0,1,5,Top,,,,,,,6.867383575445869,-116.60684044545584,-6.012135204050312,-12.94700337175915,21.191770249113304,-27.102302873464552,3.05,1.39,,,,79.1,2227,5.5,746852,665804,683737,663538,666624,621020,664023,691718,673548,54.98,,,,,,,,37,3,Changeup,0,1,1,0,1,0,1,0,Standard,Standard,231,0.0,0.022,,,,-0.022,,-1,1,0.353,0.647,34,23,35,24,3,2,8.0,1.0,6.0,2.0,3.09,1.28,-1.28,41.4,,,,,
CH,2024-07-20,79.6,-2.52,6.07,"Hendricks, Kyle",682998,543294,,swinging_strike,,,,,7,Corbin Carroll homers (6) on a fly ball to right center field. Geraldo Perdomo scores.,R,L,R,CHC,AZ,S,,,0,1,2024,-1.22,0.75,-0.75,1.9,,,672695.0,1,5,Top,,,,,,,6.06314727619175,-115.79943077125574,-3.807081054816858,-12.090359117914833,20.64026980105004,-24.942235252040728,3.09,1.45,,,,78.7,2242,5.5,746852,665804,683737,663538,666624,621020,664023,691718,673548,54.96,,,,,,,,37,2,Changeup,0,1,1,0,1,0,1,0,Standard,Standard,233,0.0,-0.052,72.8,7.1,,0.052,,-1,1,0.353,0.647,34,23,35,24,3,2,8.0,1.0,6.0,2.0,2.84,1.22,-1.22,42.8,4.903184439210529,13.713903179741605,26.41374837065821,48.37961194194171,29.014960687605733
CH,2024-07-20,80.4,-2.47,6.11,"Hendricks, Kyle",682998,543294,,called_strike,,,,,6,Corbin Carroll homers (6) on a fly ball to right center field. Geraldo Perdomo scores.,R,L,R,CHC,AZ,S,,,0,0,2024,-1.27,0.59,0.39,1.88,,,672695.0,1,5,Top,,,,,,,8.621728067964689,-116.79749163235836,-3.787292784346669,-13.243741644367796,21.23241769331561,-26.27650099014197,2.92,1.38,,,,79.5,2205,5.7,746852,665804,683737,663538,666624,621020,664023,691718,673548,54.82,,,,,,,,37,1,Changeup,0,1,1,0,1,0,1,0,Standard,Standard,229,0.0,-0.04,,,,0.04,,-1,1,0.353,0.647,34,23,35,24,3,2,8.0,1.0,6.0,2.0,2.94,1.27,-1.27,44.7,,,,,
FF,2024-07-20,87.7,-2.97,5.87,"Hendricks, Kyle",672695,543294,walk,ball,,,,,11,Geraldo Perdomo walks.,R,L,R,CHC,AZ,B,,,3,1,2024,-0.49,1.06,-0.97,3.33,,,,1,5,Top,,,,,,,5.770214464791056,-127.7581616092206,-2.2734944118254816,-6.417969220779959,23.415667812207086,-20.21920683213776,3.45,1.59,,,,87.2,2072,5.7,746852,665804,683737,663538,666624,621020,664023,691718,673548,54.83,,0.689131,0.7,1.0,0.0,0.0,,36,5,4-Seam Fastball,0,1,1,0,1,0,1,0,Standard,Standard,213,-0.026,0.256,,,,-0.256,,-1,1,0.379,0.621,34,24,35,25,2,1,8.0,1.0,6.0,1.0,1.87,0.49,-0.49,37.6,,,,,
CH,2024-07-20,80.8,-2.77,6.02,"Hendricks, Kyle",672695,543294,,ball,,,,,14,Geraldo Perdomo walks.,R,L,R,CHC,AZ,B,,,2,1,2024,-1.17,0.32,0.19,1.02,,,,1,5,Top,,,,,,,8.712139967086774,-117.30477617623872,-5.0569163844953735,-12.434201006728877,21.75160619253833,-28.39629695559212,3.39,1.51,,,,80.0,2176,5.8,746852,665804,683737,663538,666624,621020,664023,691718,673548,54.7,,,,,,,,36,4,Changeup,0,1,1,0,1,0,1,0,Standard,Standard,226,0.0,0.122,,,,-0.122,,-1,1,0.379,0.621,34,24,35,25,2,1,8.0,1.0,6.0,1.0,3.18,1.17,-1.17,43.9,,,,,
FF,2024-07-20,87.8,-2.84,5.88,"Hendricks, Kyle",672695,543294,,foul,,,,,6,Geraldo Perdomo walks.,R,L,R,CHC,AZ,S,,,2,0,2024,-0.31,1.07,0.31,2.54,,,,1,5,Top,,,,,,,8.176893977361305,-127.5912789200093,-4.143692598258431,-4.992712204476141,24.58138536404739,-19.839109722846167,3.47,1.59,,,,87.1,2165,5.8,746852,665804,683737,663538,666624,621020,664023,691718,673548,54.7,,,,,,,,36,3,4-Seam Fastball,0,1,1,0,1,0,1,0,Standard,Standard,208,0.0,-0.065,66.9,7.2,,0.065,,-1,1,0.379,0.621,34,24,35,25,2,1,8.0,1.0,6.0,1.0,1.88,0.31,-0.31,40.8,26.659545665776665,-21.24374691931825,33.64478454531836,33.78717495870764,32.48735672591663
CU,2024-07-20,74.0,-2.8,6.04,"Hendricks, Kyle",672695,543294,,ball,,,,,13,Geraldo Perdomo walks.,R,L,R,CHC,AZ,B,,,1,0,2024,1.09,-1.06,-0.24,1.3,,,,1,5,Top,,,,,,,3.264011629132525,-107.78466147054152,-0.5263068720047575,7.861719300839507,20.30983479078588,-40.53723885463377,3.45,1.6,,,,72.7,3032,5.4,746852,665804,683737,663538,666624,621020,664023,691718,673548,55.08,,,,,,,,36,2,Curveball,0,1,1,0,1,0,1,0,Standard,Standard,41,0.0,0.072,,,,-0.072,,-1,1,0.379,0.621,34,24,35,25,2,1,8.0,1.0,6.0,1.0,5.25,-1.09,1.09,43.1,,,,,
CU,2024-07-20,74.8,-2.69,6.01,"Hendricks, Kyle",672695,543294,,ball,,,,,9,Geraldo Perdomo walks.,R,L,R,CHC,AZ,B,,,0,0,2024,1.23,-0.95,0.8,1.52,,,,1,5,Top,,,,,,,4.9720247204568375,-108.766382969432,-0.3492005513837573,8.694660370432388,21.000422945503047,-39.82070888455014,3.28,1.47,,,,73.4,3020,5.5,746852,665804,683737,663538,666624,621020,664023,691718,673548,54.97,,,,,,,,36,1,Curveball,0,1,1,0,1,0,1,0,Standard,Standard,45,0.0,0.039,,,,-0.039,,-1,1,0.379,0.621,34,24,35,25,2,1,8.0,1.0,6.0,1.0,5.06,-1.23,1.23,44.5,,,,,
SI,2024-07-20,86.1,-2.77,6.05,"Hendricks, Kyle",677950,543294,home_run,hit_into_play,,,,,1,Alek Thomas homers (3) on a fly ball to left center field.,R,L,R,CHC,AZ,X,,fly_ball,1,0,2024,-0.93,0.69,-0.46,2.82,,,,1,5,Top,60.17,68.04,,,,,7.260024056141946,-125.33682470173817,-2.878166948350838,-11.185383510805076,21.20962679938273,-24.514477849583308,3.26,1.43,363.0,95.9,24.0,85.5,2041,5.5,746852,665804,683737,663538,666624,621020,664023,691718,673548,55.0,0.217,0.276,2.0,1.0,0.0,3.0,5.0,35,2,Sinker,0,0,0,0,1,0,1,0,Standard,Standard,215,-0.151,1.544,72.0,6.6,0.456,-1.544,95.9,0,0,0.53,0.47,34,24,35,24,2,1,8.0,1.0,6.0,2.0,2.34,0.93,-0.93,44.9,7.857436083323765,14.010483733862133,22.3582480908851,46.33141311530581,29.419482814599355
CU,2024-07-20,74.6,-2.89,6.05,"Hendricks, Kyle",677950,543294,,ball,,,,,13,Alek Thomas homers (3) on a fly ball to left center field.,R,L,R,CHC,AZ,B,,,0,0,2024,1.08,-0.86,-0.88,1.84,,,,1,5,Top,,,,,,,2.182839208697199,-108.60085048280382,0.0538678808016699,8.131501115717969,20.15358767132264,-39.19474386167624,3.16,1.38,,,,73.2,3048,5.3,746852,665804,683737,663538,666624,621020,664023,691718,673548,55.16,,,,,,,,35,1,Curveball,0,0,0,0,0,0,0,0,Standard,Standard,44,0.0,0.039,,,,-0.039,,0,0,0.53,0.47,34,24,35,24,2,1,8.0,1.0,6.0,2.0,4.97,-1.08,1.08,41.7,,,,,
SI,2024-07-20,88.1,-2.75,5.89,"Hendricks, Kyle",553993,543294,field_out,hit_into_play,,,,,6,"Eugenio Suárez grounds out, shortstop Dansby Swanson to first baseman Michael Busch.",R,R,R,CHC,AZ,X,6.0,ground_ball,2,2,2024,-1.06,0.51,0.67,2.46,,,,0,5,Top,107.91,148.03,,,,,10.34559120153796,-127.90225255206984,-3.296084106891645,-13.67788211527368,23.78301360053558,-26.061904468030008,3.51,1.59,15.0,99.4,-9.0,87.2,2078,5.6,746852,665804,683737,663538,666624,621020,664023,691718,673548,54.9,0.266,0.236,0.0,1.0,0.0,0.0,2.0,34,5,Sinker,0,0,0,0,0,0,0,0,Standard,Standard,214,0.03,-0.227,75.5,7.6,0.313,0.227,99.4,0,0,0.5,0.5,34,32,35,33,2,1,8.0,1.0,6.0,1.0,2.42,1.06,1.06,40.3,14.914568450023632,8.15809952780229,33.91487971973558,43.04209488685526,30.31001104898828
CU,2024-07-20,75.7,-2.71,5.97,"Hendricks, Kyle",553993,543294,,ball,,,,,14,"Eugenio Suárez grounds out, shortstop Dansby Swanson to first baseman Michael Busch.",R,R,R,CHC,AZ,B,,,1,2,2024,1.21,-0.95,0.87,0.58,,,,0,5,Top,,,,,,,5.239190974144023,-110.1292858580666,-2.3236986146617338,8.67161293948084,22.618834673843832,-39.568887167691976,3.29,1.59,,,,74.2,3143,5.6,746852,665804,683737,663538,666624,621020,664023,691718,673548,54.94,,,,,,,,34,4,Curveball,0,0,0,0,0,0,0,0,Standard,Standard,42,0.0,0.04,,,,-0.04,,0,0,0.5,0.5,34,32,35,33,2,1,8.0,1.0,6.0,1.0,4.98,-1.21,-1.21,44.5,,,,,
CH,2024-07-20,79.9,-2.76,6.06,"Hendricks, Kyle",553993,543294,,foul,,,,,14,"Eugenio Suárez grounds out, shortstop Dansby Swanson to first baseman Michael Busch.",R,R,R,CHC,AZ,S,,,1,1,2024,-0.04,0.74,1.05,1.83,,,,0,5,Top,,,,,,,8.336612035315282,-116.18019116598572,-4.025492699963472,-1.6920751379126835,19.062312141022637,-24.928424783800057,3.51,1.59,2.0,54.8,-49.0,79.3,2151,5.6,746852,665804,683737,663538,666624,621020,664023,691718,673548,54.89,,,,,,,,34,3,Changeup,0,0,0,0,0,0,0,0,Standard,Standard,226,0.0,-0.056,69.4,8.8,,0.056,88.0,0,0,0.5,0.5,34,32,35,33,2,1,8.0,1.0,6.0,1.0,2.8,0.04,0.04,44.9,34.4832204079011,-12.153095516220397,41.59544966492882,47.9708750090996,42.49194334976811
CU,2024-07-20,74.4,-2.73,6.0,"Hendricks, Kyle",553993,543294,,ball,,,,,14,"Eugenio Suárez grounds out, shortstop Dansby Swanson to first baseman Michael Busch.",R,R,R,CHC,AZ,B,,,0,1,2024,1.26,-0.98,1.32,0.82,,,,0,5,Top,,,,,,,6.024936275532318,-108.12712515355663,-1.5487931384385598,8.518939815494589,21.805655220214923,-39.74422643370581,3.36,1.59,,,,73.0,3068,5.6,746852,665804,683737,663538,666624,621020,664023,691718,673548,54.87,,,,,,,,34,2,Curveball,0,0,0,0,0,0,0,0,Standard,Standard,37,0.0,0.025,,,,-0.025,,0,0,0.5,0.5,34,32,35,33,2,1,8.0,1.0,6.0,1.0,5.17,-1.26,-1.26,43.2,,,,,
SI,2024-07-20,86.4,-2.74,6.0,"Hendricks, Kyle",553993,543294,,called_strike,,,,,9,"Eugenio Suárez grounds out, shortstop Dansby Swanson to first baseman Michael Busch.",R,R,R,CHC,AZ,S,,,0,0,2024,-0.81,0.55,0.76,1.78,,,,0,5,Top,,,,,,,9.865212768192944,-125.50593768125212,-4.949450271701004,-10.442853597944012,22.27778293786749,-25.60344803441371,3.42,1.59,,,,85.8,1979,5.7,746852,665804,683737,663538,666624,621020,664023,691718,673548,54.77,,,,,,,,34,1,Sinker,0,0,0,0,0,0,0,0,Standard,Standard,211,0.0,-0.037,,,,0.037,,0,0,0.5,0.5,34,32,35,33,2,1,8.0,1.0,6.0,1.0,2.49,0.81,0.81,42.3,,,,,
CU,2024-07-20,75.4,-2.7,5.98,"Hendricks, Kyle",672515,543294,field_out,hit_into_play,,,,,13,"Gabriel Moreno grounds out, third baseman Christopher Morel to first baseman Michael Busch.",R,R,R,CHC,AZ,X,5.0,ground_ball,1,2,2024,1.23,-0.84,-0.35,1.32,,,,2,4,Top,99.29,165.78,,,,,2.6497488321023788,-109.85270478755037,-1.065816999153284,9.437286999584265,20.47421317485573,-38.94924784417493,3.39,1.56,20.0,99.0,-3.0,74.3,3087,5.5,746852,665804,683737,663538,666624,621020,664023,691718,673548,54.99,0.326,0.285,0.0,1.0,0.0,0.0,2.0,29,4,Curveball,0,0,0,0,0,0,0,0,Standard,Standard,42,0.013,-0.18,69.7,7.6,0.379,0.18,99.0,0,0,0.546,0.454,34,24,35,24,2,1,8.0,1.0,6.0,2.0,4.85,-1.23,-1.23,42.9,15.326301811967843,-4.968262603058034,39.86068616141131,34.6647538581807,36.68652729371473
FF,2024-07-20,88.0,-2.89,5.92,"Hendricks, Kyle",672515,543294,,called_strike,,,,,11,"Gabriel Moreno grounds out, third baseman Christopher Morel to first baseman Michael Busch.",R,R,R,CHC,AZ,S,,,1,1,2024,-0.5,1.27,-0.94,2.74,,,,2,4,Top,,,,,,,5.7018302466345485,-128.15379610544204,-4.2491735721403,-6.629946543338291,23.499822109488576,-17.492815275948715,3.25,1.54,,,,87.5,2141,5.6,746852,665804,683737,663538,666624,621020,664023,691718,673548,54.85,,,,,,,,29,3,4-Seam Fastball,0,0,0,0,0,0,0,0,Standard,Standard,216,0.0,-0.064,,,,0.064,,0,0,0.546,0.454,34,24,35,24,2,1,8.0,1.0,6.0,2.0,1.65,0.5,0.5,42.1,,,,,
CH,2024-07-20,81.0,-2.64,6.05,"Hendricks, Kyle",672515,543294,,ball,,,,,14,"Gabriel Moreno grounds out, third baseman Christopher Morel to first baseman Michael Busch.",R,R,R,CHC,AZ,B,,,0,1,2024,-0.21,0.92,1.4,1.38,,,,2,4,Top,,,,,,,9.287412006587022,-117.63732329014344,-5.562218176731913,-3.510975314067883,18.92335132877652,-22.76057659776842,3.26,1.58,,,,80.5,2119,5.7,746852,665804,683737,663538,666624,621020,664023,691718,673548,54.82,,,,,,,,29,2,Changeup,0,0,0,0,0,0,0,0,Standard,Standard,231,0.0,0.029,,,,-0.029,,0,0,0.546,0.454,34,24,35,24,2,1,8.0,1.0,6.0,2.0,2.53,0.21,0.21,43.4,,,,,
FF,2024-07-20,87.7,-2.71,5.99,"Hendricks, Kyle",672515,543294,,called_strike,,,,,2,"Gabriel Moreno grounds out, third baseman Christopher Morel to first baseman Michael Busch.",R,R,R,CHC,AZ,S,,,0,0,2024,-0.52,1.37,-0.19,3.14,,,,2,4,Top,,,,,,,7.057305800842191,-127.6438323397292,-3.6189788708746735,-7.03918866710872,23.804432745003552,-16.600738848141546,3.24,1.56,,,,87.0,2152,5.7,746852,665804,683737,663538,666624,621020,664023,691718,673548,54.85,,,,,,,,29,1,4-Seam Fastball,0,0,0,0,0,0,0,0,Standard,Standard,213,0.0,-0.041,,,,0.041,,0,0,0.546,0.454,34,24,35,24,2,1,8.0,1.0,6.0,2.0,1.57,0.52,0.52,42.7,,,,,
CU,2024-07-20,75.2,-2.7,6.11,"Hendricks, Kyle",666971,543294,field_out,hit_into_play,,,,,3,Lourdes Gurriel Jr. flies out to right fielder Seiya Suzuki.,R,R,R,CHC,AZ,X,9.0,fly_ball,0,0,2024,1.32,-1.02,0.58,3.09,,,,1,4,Top,176.02,100.76,,,,,4.379422202561293,-109.40612204588308,2.7038692291100483,9.654730890321837,21.29587226504496,-41.09830085517335,3.68,1.71,275.0,90.1,44.0,73.7,3052,5.4,746852,665804,683737,663538,666624,621020,664023,691718,673548,55.08,0.009,0.014,0.0,1.0,0.0,0.0,3.0,28,1,Curveball,0,0,0,0,0,0,0,0,Standard,Standard,41,0.019,-0.256,65.4,7.2,0.024,0.256,90.1,0,0,0.527,0.473,34,30,35,31,2,1,8.0,1.0,6.0,1.0,5.09,-1.32,-1.32,43.4,9.68868841078646,-4.304188936849352,26.311629566045838,42.30683727964583,28.209026236692644
CU,2024-07-20,74.8,-2.73,6.03,"Hendricks, Kyle",572233,543294,strikeout,swinging_strike,,,,,7,Christian Walker strikes out swinging.,R,R,R,CHC,AZ,S,2.0,,2,2,2024,1.33,-1.08,-0.47,1.77,,,,0,4,Top,,,,,,,2.2918296053870195,-108.8152338116092,0.3533249252159667,9.997658528776434,21.52203949133321,-40.96083662675323,3.45,1.53,,,,73.4,3069,5.5,746852,665804,683737,663538,666624,621020,664023,691718,673548,54.99,,0.0,0.0,1.0,0.0,0.0,,27,6,Curveball,0,0,0,0,0,0,0,0,Standard,Standard,40,0.027,-0.227,68.3,8.9,,0.227,,0,0,0.5,0.5,34,33,35,33,2,1,8.0,1.0,6.0,1.0,5.2,-1.33,-1.33,44.8,27.63641855739316,-53.825816322997056,32.629615367435974,30.583666546712585,59.346455002445
CU,2024-07-20,75.7,-2.73,5.99,"Hendricks, Kyle",572233,543294,,ball,,,,,14,Christian Walker strikes out swinging.,R,R,R,CHC,AZ,B,,,1,2,2024,1.35,-0.93,1.31,1.8,,,,0,4,Top,,,,,,,5.935629283093088,-110.00978921152073,0.1075544526011413,9.67994326546868,21.66003600747914,-39.956278929812974,3.26,1.57,,,,74.3,2975,5.6,746852,665804,683737,663538,666624,621020,664023,691718,673548,54.9,,,,,,,,27,5,Curveball,0,0,0,0,0,0,0,0,Standard,Standard,45,0.0,0.04,,,,-0.04,,0,0,0.5,0.5,34,33,35,33,2,1,8.0,1.0,6.0,1.0,4.96,-1.35,-1.35,42.2,,,,,
CU,2024-07-20,74.4,-2.75,5.96,"Hendricks, Kyle",572233,543294,,ball,,,,,14,Christian Walker strikes out swinging.,R,R,R,CHC,AZ,B,,,0,2,2024,1.22,-1.05,0.66,0.77,,,,0,4,Top,,,,,,,4.7923559341622175,-108.1812098620188,-1.5299133447666176,8.630166036974591,20.45314917200876,-40.285915212974736,3.35,1.57,,,,73.2,2918,5.6,746852,665804,683737,663538,666624,621020,664023,691718,673548,54.86,,,,,,,,27,4,Curveball,0,0,0,0,0,0,0,0,Standard,Standard,39,0.0,0.023,,,,-0.023,,0,0,0.5,0.5,34,33,35,33,2,1,8.0,1.0,6.0,1.0,5.2,-1.22,-1.22,43.2,,,,,
FF,2024-07-20,87.7,-2.92,5.96,"Hendricks, Kyle",572233,543294,,foul,,,,,12,Christian Walker strikes out swinging.,R,R,R,CHC,AZ,S,,,0,2,2024,-0.65,1.02,0.4,3.58,,,,0,4,Top,,,,,,,9.231905633050244,-127.48752941112345,-1.7761923205366867,-8.884974591549812,23.43852803307371,-20.864004437233536,3.45,1.53,183.0,75.1,18.0,86.8,2126,5.5,746852,665804,683737,663538,666624,621020,664023,691718,673548,54.95,,,,,,,,27,3,4-Seam Fastball,0,0,0,0,0,0,0,0,Standard,Standard,216,0.0,0.0,70.0,6.4,,0.0,88.0,0,0,0.5,0.5,34,33,35,33,2,1,8.0,1.0,6.0,1.0,1.93,0.65,0.65,38.8,-8.909580265255595,22.97077712647108,16.640337884336,44.16331219421467,13.941383391307662
CH,2024-07-20,80.2,-2.69,6.13,"Hendricks, Kyle",572233,543294,,foul,,,,,6,Christian Walker strikes out swinging.,R,R,R,CHC,AZ,S,,,0,1,2024,-0.11,0.87,0.57,2.22,,,,0,4,Top,,,,,,,7.324131730717797,-116.6538259354234,-3.634524029052603,-2.202888151132087,19.014413967774576,-23.696983151822412,3.45,1.53,6.0,38.2,-22.0,79.6,2129,5.6,746852,665804,683737,663538,666624,621020,664023,691718,673548,54.92,,,,,,,,27,2,Changeup,0,0,0,0,0,0,0,0,Standard,Standard,227,0.0,-0.054,68.5,8.4,,0.054,88.0,0,0,0.5,0.5,34,33,35,33,2,1,8.0,1.0,6.0,1.0,2.64,0.11,0.11,44.0,24.264684900483083,-31.67584903671052,24.30193806319525,44.73754638659998,45.50785953790621
CU,2024-07-20,73.7,-2.74,6.05,"Hendricks, Kyle",572233,543294,,called_strike,,,,,3,Christian Walker strikes out swinging.,R,R,R,CHC,AZ,S,,,0,0,2024,1.26,-0.72,0.41,2.58,,,,0,4,Top,,,,,,,4.149087493233502,-107.2035831493855,1.4858714851448571,8.934549580402235,19.31253988841818,-38.21666358393151,3.08,1.42,,,,72.5,2965,5.5,746852,665804,683737,663538,666624,621020,664023,691718,673548,55.0,,,,,,,,27,1,Curveball,0,0,0,0,0,0,0,0,Standard,Standard,47,0.0,-0.037,,,,0.037,,0,0,0.5,0.5,34,33,35,33,2,1,8.0,1.0,6.0,1.0,4.94,-1.26,-1.26,44.5,,,,,
SI,2024-07-20,87.5,-2.36,6.04,"Hendricks, Kyle",592626,543294,field_out,hit_into_play,,,,,2,Joc Pederson lines out sharply to right fielder Seiya Suzuki.,R,L,R,CHC,AZ,X,9.0,line_drive,1,2,2024,-1.22,0.64,0.01,3.59,,,606466.0,2,3,Top,194.6,104.94,,,,,8.10265540036228,-127.35082531167711,-1.1434677344849409,-14.852096123967328,23.1942894710895,-25.104125112798904,3.61,1.69,324.0,108.6,15.0,86.8,2000,5.6,746852,665804,683737,663538,666624,621020,664023,691718,673548,54.94,0.683,0.781,0.0,1.0,0.0,0.0,6.0,21,5,Sinker,0,0,0,0,0,0,0,0,Infield shade,Standard,217,0.026,-0.197,76.2,6.9,1.162,0.197,108.6,0,0,0.528,0.472,34,32,35,32,2,1,8.0,7.0,6.0,2.0,2.31,1.22,-1.22,43.3,8.867825019180364,-14.337202492026131,13.824193924053104,32.792088112923146,32.40226370136908
CH,2024-07-20,80.6,-2.49,6.12,"Hendricks, Kyle",592626,543294,,blocked_ball,,,,,13,Joc Pederson lines out sharply to right fielder Seiya Suzuki.,R,L,R,CHC,AZ,B,,,0,2,2024,-1.16,0.28,-0.9,0.69,,,606466.0,2,3,Top,,,,,,,5.651911966364861,-117.12768208867524,-5.84477308907337,-11.764811209656472,22.02130605692334,-28.67531231765865,3.36,1.58,,,,79.4,2196,5.5,746852,665804,683737,663538,666624,621020,664023,691718,673548,54.99,,,,,,,,21,4,Changeup,0,0,0,0,0,0,0,0,Infield shade,Standard,230,0.0,0.027,,,,-0.027,,0,0,0.528,0.472,34,32,35,32,2,1,8.0,7.0,6.0,2.0,3.24,1.16,-1.16,43.8,,,,,
CH,2024-07-20,80.3,-2.52,6.1,"Hendricks, Kyle",592626,543294,,foul,,,,,13,Joc Pederson lines out sharply to right fielder Seiya Suzuki.,R,L,R,CHC,AZ,S,,,0,2,2024,-1.36,0.34,-0.86,1.75,,,606466.0,2,3,Top,,,,,,,6.145082826369545,-116.76607542596996,-3.4898852631534947,-13.608232050104732,23.70085500161736,-28.585344208590225,3.61,1.69,2.0,43.5,-56.0,78.8,2163,5.5,746852,665804,683737,663538,666624,621020,664023,691718,673548,55.03,,,,,,,,21,3,Changeup,0,0,0,0,0,0,0,0,Infield shade,Standard,229,0.0,0.0,78.1,7.9,,0.0,88.0,0,0,0.528,0.472,34,32,35,32,2,1,8.0,7.0,6.0,2.0,3.22,1.36,-1.36,43.2,12.71933375921081,-14.942749744452003,30.92594137862532,43.72565932082624,40.59266718674331
CH,2024-07-20,81.0,-2.45,6.1,"Hendricks, Kyle",592626,543294,,foul_tip,,,,,13,Joc Pederson lines out sharply to right fielder Seiya Suzuki.,R,L,R,CHC,AZ,S,,,0,1,2024,-1.09,0.54,-0.91,2.44,,,606466.0,2,3,Top,,,,,,,5.437213871575988,-117.78391845318664,-2.497151771746051,-11.158609368710458,23.956256919047703,-26.84120800383483,3.61,1.69,,,,79.5,2217,5.5,746852,665804,683737,663538,666624,621020,664023,691718,673548,55.03,,,,,,,,21,2,Changeup,0,0,0,0,0,0,0,0,Infield shade,Standard,225,0.0,-0.054,75.2,8.3,,0.054,,0,0,0.528,0.472,34,32,35,32,2,1,8.0,7.0,6.0,2.0,2.95,1.09,-1.09,44.6,18.354397197935494,-25.222287380155706,24.08863505763281,44.52817077739148,47.35672206624017
CU,2024-07-20,73.5,-2.51,6.11,"Hendricks, Kyle",592626,543294,,called_strike,,,,,6,Joc Pederson lines out sharply to right fielder Seiya Suzuki.,R,L,R,CHC,AZ,S,,,0,0,2024,1.33,-1.12,0.3,2.59,,,606466.0,2,3,Top,,,,,,,3.352850288137024,-106.84802739419924,2.217206507035346,9.325669874062312,22.135368920893946,-41.31884915641328,3.14,1.45,,,,71.7,3064,5.4,746852,665804,683737,663538,666624,621020,664023,691718,673548,55.08,,,,,,,,21,1,Curveball,0,0,0,0,0,0,0,0,Infield shade,Standard,42,0.0,-0.047,,,,0.047,,0,0,0.528,0.472,34,32,35,32,2,1,8.0,7.0,6.0,2.0,5.42,-1.33,1.33,42.2,,,,,
FF,2024-07-20,88.5,-2.89,5.91,"Hendricks, Kyle",606466,543294,walk,ball,,,,,11,Ketel Marte walks.,R,L,R,CHC,AZ,B,,,3,2,2024,-0.46,1.2,-1.32,3.17,,,,2,3,Top,,,,,,,4.729436451305299,-128.85334505701093,-3.0979592329565584,-6.132807366666902,26.71837015596861,-18.353127330082604,3.48,1.71,,,,87.4,2132,5.6,746852,665804,683737,663538,666624,621020,664023,691718,673548,54.95,,0.689131,0.7,1.0,0.0,0.0,,20,6,4-Seam Fastball,0,0,0,0,0,0,0,0,Infield shade,Standard,214,-0.015,0.267,,,,-0.267,,0,0,0.543,0.457,34,30,35,31,2,1,8.0,1.0,6.0,1.0,1.71,0.46,-0.46,40.5,,,,,
CU,2024-07-20,74.5,-2.76,6.03,"Hendricks, Kyle",606466,543294,,called_strike,,,,,5,Ketel Marte walks.,R,L,R,CHC,AZ,S,,,3,1,2024,1.33,-1.02,0.15,2.43,,,,2,3,Top,,,,,,,3.587633571348197,-108.32799188917204,1.6569277107246794,9.68668875095842,21.277759638888725,-40.68532273941121,3.32,1.49,,,,73.0,2960,5.5,746852,665804,683737,663538,666624,621020,664023,691718,673548,55.03,,,,,,,,20,5,Curveball,0,0,0,0,0,0,0,0,Standard,Standard,45,0.0,-0.089,,,,0.089,,0,0,0.543,0.457,34,30,35,31,2,1,8.0,1.0,6.0,1.0,5.17,-1.33,1.33,42.2,,,,,
SI,2024-07-20,87.8,-2.72,5.97,"Hendricks, Kyle",606466,543294,,ball,,,,,13,Ketel Marte walks.,R,L,R,CHC,AZ,B,,,2,1,2024,-1.35,0.41,-0.66,0.79,,,,2,3,Top,,,,,,,7.63341941440015,-127.51648379205324,-7.145708975041548,-16.258238465751866,26.70750527251909,-26.35661177172923,3.52,1.69,,,,86.4,1919,5.6,746852,665804,683737,663538,666624,621020,664023,691718,673548,54.93,,,,,,,,20,4,Sinker,0,0,0,0,0,0,0,0,Standard,Standard,216,0.0,0.112,,,,-0.112,,0,0,0.543,0.457,34,30,35,31,2,1,8.0,1.0,6.0,1.0,2.56,1.35,-1.35,42.8,,,,,
CH,2024-07-20,81.3,-2.76,6.04,"Hendricks, Kyle",606466,543294,,ball,,,,,13,Ketel Marte walks.,R,L,R,CHC,AZ,B,,,1,1,2024,-1.35,0.3,-0.44,0.94,,,,2,3,Top,,,,,,,7.654659083875796,-118.09989228922154,-5.271512595982008,-14.123742802720264,24.226592008581825,-28.48836334997365,3.57,1.71,,,,79.9,2148,5.6,746852,665804,683737,663538,666624,621020,664023,691718,673548,54.9,,,,,,,,20,3,Changeup,0,0,0,0,0,0,0,0,Standard,Standard,232,0.0,0.058,,,,-0.058,,0,0,0.543,0.457,34,30,35,31,2,1,8.0,1.0,6.0,1.0,3.18,1.35,-1.35,42.9,,,,,
SI,2024-07-20,87.5,-2.75,6.0,"Hendricks, Kyle",606466,543294,,called_strike,,,,,7,Ketel Marte walks.,R,L,R,CHC,AZ,S,,,1,0,2024,-1.38,0.56,-0.59,1.94,,,,2,3,Top,,,,,,,7.9179065993902835,-127.10429406602752,-4.741796426593503,-16.645275299417705,26.709740404626118,-25.25648605863484,3.56,1.76,,,,86.2,1967,5.6,746852,665804,683737,663538,666624,621020,664023,691718,673548,54.9,,,,,,,,20,2,Sinker,0,0,0,0,0,0,0,0,Standard,Standard,213,0.0,-0.051,,,,0.051,,0,0,0.543,0.457,34,30,35,31,2,1,8.0,1.0,6.0,1.0,2.43,1.38,-1.38,42.5,,,,,
FF,2024-07-20,87.9,-2.74,5.93,"Hendricks, Kyle",606466,543294,,ball,,,,,13,Ketel Marte walks.,R,L,R,CHC,AZ,B,,,0,0,2024,-0.6,0.94,-1.08,2.0,,,,2,3,Top,,,,,,,5.1811967003795285,-127.82754413972653,-5.285777269889189,-7.602774679918145,26.36294801191169,-20.952902728561806,3.62,1.74,,,,86.8,2071,5.6,746852,665804,683737,663538,666624,621020,664023,691718,673548,54.88,,,,,,,,20,1,4-Seam Fastball,0,0,0,0,0,0,0,0,Standard,Standard,215,0.0,0.04,,,,-0.04,,0,0,0.543,0.457,34,30,35,31,2,1,8.0,1.0,6.0,1.0,2.01,0.6,-0.6,41.2,,,,,
CH,2024-07-20,81.4,-2.69,6.11,"Hendricks, Kyle",682998,543294,field_out,hit_into_play,,,,,7,Corbin Carroll flies out to left fielder Ian Happ.,R,L,R,CHC,AZ,X,7.0,fly_ball,0,1,2024,-1.07,0.3,-0.29,1.7,,,,1,3,Top,99.53,120.01,,,,,7.327565138542432,-118.38083535703647,-3.863014522820468,-11.466673460723108,21.509779557232363,-28.81006137622369,3.09,1.45,209.0,89.7,59.0,80.5,2157,5.6,746852,665804,683737,663538,666624,621020,664023,691718,673548,54.9,0.011,0.015,0.0,1.0,0.0,0.0,3.0,19,2,Changeup,0,0,0,0,0,0,0,0,Standard,Standard,228,0.018,-0.219,78.9,7.7,0.022,0.219,89.7,0,0,0.525,0.475,34,23,35,24,2,1,8.0,1.0,6.0,2.0,3.13,1.07,-1.07,43.3,11.947170932762107,-14.517749907859528,30.21601956516669,40.231179960522624,44.16576655345509
CH,2024-07-20,80.1,-2.81,6.07,"Hendricks, Kyle",682998,543294,,called_strike,,,,,1,Corbin Carroll flies out to left fielder Ian Happ.,R,L,R,CHC,AZ,S,,,0,0,2024,-1.11,0.3,-0.56,2.67,,,,1,3,Top,,,,,,,6.975080433464383,-116.51931193045311,-1.4199438506089144,-11.3959290652482,19.655947295032327,-29.375885501439896,3.04,1.4,,,,79.3,2121,5.5,746852,665804,683737,663538,666624,621020,664023,691718,673548,54.96,,,,,,,,19,1,Changeup,0,0,0,0,0,0,0,0,Standard,Standard,231,0.0,-0.037,,,,0.037,,0,0,0.525,0.475,34,23,35,24,2,1,8.0,1.0,6.0,2.0,3.23,1.11,-1.11,43.6,,,,,
FF,2024-07-20,88.0,-2.86,5.86,"Hendricks, Kyle",672695,543294,field_out,hit_into_play,,,,,7,"Geraldo Perdomo grounds out, third baseman Christopher Morel to first baseman Michael Busch.",R,L,R,CHC,AZ,X,5.0,ground_ball,2,2,2024,-0.41,1.09,-0.41,2.12,,,,0,3,Top,106.9,162.23,,,,,6.718997929393716,-127.97179474278862,-5.208108915429154,-5.812898580354157,23.875405834104782,-19.351485821022088,3.47,1.59,5.0,86.2,-22.0,87.2,2045,5.6,746852,665804,683737,663538,666624,621020,664023,691718,673548,54.91,0.054,0.056,0.0,1.0,0.0,0.0,2.0,18,5,4-Seam Fastball,0,0,0,0,0,0,0,0,Standard,Standard,217,0.025,-0.227,69.9,5.5,0.054,0.227,88.0,0,0,0.5,0.5,34,24,35,25,1,0,8.0,1.0,6.0,1.0,1.84,0.41,-0.41,39.9,-20.94621473407464,29.209307611001027,41.336746992712136,40.690413971442965,8.145777004426431
FF,2024-07-20,87.1,-2.87,5.95,"Hendricks, Kyle",672695,543294,,ball,,,,,11,"Geraldo Perdomo grounds out, third baseman Christopher Morel to first baseman Michael Busch.",R,L,R,CHC,AZ,B,,,1,2,2024,-0.27,1.02,-0.08,3.61,,,,0,3,Top,,,,,,,7.136074400151835,-126.73309768548398,-1.5760186523827455,-4.229897997969212,24.005334088686087,-20.98637702176632,3.32,1.5,,,,86.1,1988,5.5,746852,665804,683737,663538,666624,621020,664023,691718,673548,55.0,,,,,,,,18,4,4-Seam Fastball,0,0,0,0,0,0,0,0,Standard,Standard,212,0.0,0.04,,,,-0.04,,0,0,0.5,0.5,34,24,35,25,1,0,8.0,1.0,6.0,1.0,1.96,0.27,-0.27,40.9,,,,,
FF,2024-07-20,87.5,-2.8,5.98,"Hendricks, Kyle",672695,543294,,ball,,,,,12,"Geraldo Perdomo grounds out, third baseman Christopher Morel to first baseman Michael Busch.",R,L,R,CHC,AZ,B,,,0,2,2024,-0.09,1.06,0.04,3.95,,,,0,3,Top,,,,,,,6.927700636071613,-127.32322614443213,-0.9599606036723448,-2.293134309129496,24.47412599235009,-20.6356130213633,3.33,1.54,,,,86.4,1979,5.4,746852,665804,683737,663538,666624,621020,664023,691718,673548,55.06,,,,,,,,18,3,4-Seam Fastball,0,0,0,0,0,0,0,0,Standard,Standard,211,0.0,0.023,,,,-0.023,,0,0,0.5,0.5,34,24,35,25,1,0,8.0,1.0,6.0,1.0,1.9,0.09,-0.09,41.8,,,,,
CU,2024-07-20,73.6,-2.73,6.02,"Hendricks, Kyle",672695,543294,,called_strike,,,,,4,"Geraldo Perdomo grounds out, third baseman Christopher Morel to first baseman Michael Busch.",R,L,R,CHC,AZ,S,,,0,1,2024,1.51,-0.7,-0.62,2.47,,,,0,3,Top,,,,,,,1.6436765451831652,-107.1548602260626,1.3519169351863711,11.22921648225443,20.759078458437816,-38.00172644069544,3.32,1.53,,,,72.1,2953,5.4,746852,665804,683737,663538,666624,621020,664023,691718,673548,55.11,,,,,,,,18,2,Curveball,0,0,0,0,0,0,0,0,Standard,Standard,45,0.0,-0.054,,,,0.054,,0,0,0.5,0.5,34,24,35,25,1,0,8.0,1.0,6.0,1.0,4.94,-1.51,1.51,42.1,,,,,
FF,2024-07-20,86.2,-2.79,5.99,"Hendricks, Kyle",672695,543294,,called_strike,,,,,5,"Geraldo Perdomo grounds out, third baseman Christopher Morel to first baseman Michael Busch.",R,L,R,CHC,AZ,S,,,0,0,2024,-0.34,1.22,-0.2,2.6,,,,0,3,Top,,,,,,,6.758839680172745,-125.4522259075576,-4.2816937827579,-4.935601844649855,24.231605963138666,-18.576021391616145,3.28,1.59,,,,85.3,2025,5.6,746852,665804,683737,663538,666624,621020,664023,691718,673548,54.92,,,,,,,,18,1,4-Seam Fastball,0,0,0,0,0,0,0,0,Standard,Standard,208,0.0,-0.037,,,,0.037,,0,0,0.5,0.5,34,24,35,25,1,0,8.0,1.0,6.0,1.0,1.83,0.34,-0.34,42.3,,,,,
CH,2024-07-20,80.5,-2.5,6.07,"Hendricks, Kyle",677950,543294,field_out,hit_into_play,,,,,1,Alek Thomas lines out to center fielder Pete Crow-Armstrong.,R,L,R,CHC,AZ,X,8.0,line_drive,1,1,2024,-1.16,0.64,-0.47,2.75,,672515.0,553993.0,2,2,Top,127.21,76.15,,,,,6.5878776925689255,-117.13244098333878,-1.9480312335487635,-11.878829703800246,19.73828001696617,-26.10449604010915,3.26,1.43,305.0,84.0,27.0,79.6,2163,5.5,746852,665804,683737,663538,666624,621020,664023,691718,673548,55.04,0.077,0.076,0.0,1.0,0.0,0.0,3.0,12,3,Changeup,0,0,0,0,0,0,0,0,Standard,Standard,225,0.045,-0.263,72.0,6.8,0.115,0.263,88.0,0,0,0.505,0.495,34,24,35,24,1,0,8.0,1.0,6.0,2.0,2.85,1.16,-1.16,44.3,18.15547267325161,2.331875154945841,22.31598474709345,45.22903740580192,35.22628926365229
CH,2024-07-20,81.2,-2.52,6.07,"Hendricks, Kyle",677950,543294,,ball,,,,,11,Alek Thomas lines out to center fielder Pete Crow-Armstrong.,R,L,R,CHC,AZ,B,,,0,1,2024,-1.23,0.57,-1.55,2.52,,672515.0,553993.0,2,2,Top,,,,,,,4.431461400095863,-118.24809293019052,-2.495610558099776,-12.384423856462696,19.285802241585817,-26.570370927016704,3.16,1.36,,,,80.4,2236,5.4,746852,665804,683737,663538,666624,621020,664023,691718,673548,55.1,,,,,,,,12,2,Changeup,0,0,0,0,0,0,0,0,Standard,Standard,224,0.0,0.033,,,,-0.033,,0,0,0.505,0.495,34,24,35,24,1,0,8.0,1.0,6.0,2.0,2.84,1.23,-1.23,41.8,,,,,
SI,2024-07-20,87.1,-2.54,6.07,"Hendricks, Kyle",677950,543294,,called_strike,,,,,2,Alek Thomas lines out to center fielder Pete Crow-Armstrong.,R,L,R,CHC,AZ,S,,,0,0,2024,-1.07,0.7,0.01,2.73,,672515.0,553993.0,2,2,Top,,,,,,,8.20921519571632,-126.72075316687088,-3.3442586282382343,-13.102457793375848,21.182738690750178,-24.11224677729949,3.1,1.36,,,,86.7,1983,5.6,746852,665804,683737,663538,666624,621020,664023,691718,673548,54.89,,,,,,,,12,1,Sinker,0,0,0,0,0,0,0,0,Standard,Standard,215,0.0,-0.048,,,,0.048,,0,0,0.505,0.495,34,24,35,24,1,0,8.0,1.0,6.0,2.0,2.26,1.07,-1.07,43.9,,,,,
SI,2024-07-20,88.4,-2.58,5.99,"Hendricks, Kyle",553993,543294,single,hit_into_play,,,,,7,Eugenio Suárez singles on a ground ball to left fielder Ian Happ. Gabriel Moreno to 2nd.,R,R,R,CHC,AZ,X,7.0,ground_ball,0,1,2024,-1.14,0.55,-0.45,2.08,,,672515.0,2,2,Top,80.54,109.5,,,,,7.436834782984833,-128.59701979926956,-4.614522439252591,-14.117875528902267,23.57365720726805,-25.331565678382606,3.51,1.59,70.0,102.7,3.0,87.6,1906,5.6,746852,665804,683737,663538,666624,621020,664023,691718,673548,54.93,0.56,0.512,0.9,1.0,1.0,0.0,4.0,11,2,Sinker,0,0,0,0,0,0,0,0,Standard,Standard,217,-0.021,0.404,79.6,7.6,0.621,-0.404,102.7,0,0,0.526,0.474,34,32,35,33,1,0,8.0,1.0,6.0,1.0,2.34,1.14,1.14,42.7,12.035199389305108,-2.9151420913533217,43.293641058564376,30.79014974563934,31.9353086121952
FF,2024-07-20,88.6,-2.63,5.95,"Hendricks, Kyle",553993,543294,,foul_tip,,,,,4,Eugenio Suárez singles on a ground ball to left fielder Ian Happ. Gabriel Moreno to 2nd.,R,R,R,CHC,AZ,S,,,0,0,2024,-0.42,1.22,-0.37,2.76,,,672515.0,2,2,Top,,,,,,,6.318966177860169,-128.939820053848,-4.247374506292488,-5.901064825626151,25.301713724168238,-17.861746583002112,3.51,1.59,,,,87.7,2104,5.6,746852,665804,683737,663538,666624,621020,664023,691718,673548,54.89,,,,,,,,11,1,4-Seam Fastball,0,0,0,0,0,0,0,0,Standard,Standard,220,0.0,-0.047,75.2,7.6,,0.047,,0,0,0.526,0.474,34,32,35,33,1,0,8.0,1.0,6.0,1.0,1.67,0.42,0.42,39.4,14.081495163631836,5.0458555449692,42.96307175273875,32.184356465620496,26.84926613525655
SI,2024-07-20,88.1,-2.71,6.03,"Hendricks, Kyle",672515,543294,walk,ball,,,,,11,Gabriel Moreno walks.,R,R,R,CHC,AZ,B,,,3,1,2024,-1.2,0.56,-1.09,2.5,,,,2,2,Top,,,,,,,6.31719690139467,-128.21873793359546,-3.649231877439224,-14.471799674051994,24.234608655247477,-25.45182745949377,3.32,1.56,,,,87.3,1955,5.6,746852,665804,683737,663538,666624,621020,664023,691718,673548,54.9,,0.689131,0.7,1.0,0.0,0.0,,10,5,Sinker,0,0,0,0,0,0,0,0,Standard,Standard,213,-0.014,0.178,,,,-0.178,,0,0,0.54,0.46,34,24,35,24,1,0,8.0,1.0,6.0,2.0,2.36,1.2,1.2,42.5,,,,,
SI,2024-07-20,88.7,-2.76,5.96,"Hendricks, Kyle",672515,543294,,ball,,,,,11,Gabriel Moreno walks.,R,R,R,CHC,AZ,B,,,2,1,2024,-1.16,0.49,-1.53,2.73,,,,2,2,Top,,,,,,,5.343705201908449,-129.12300276621386,-2.890661853298661,-14.063365449945293,24.550006186692706,-26.25440838658858,3.36,1.56,,,,88.0,1967,5.6,746852,665804,683737,663538,666624,621020,664023,691718,673548,54.89,,,,,,,,10,4,Sinker,0,0,0,0,0,0,0,0,Standard,Standard,215,0.0,0.112,,,,-0.112,,0,0,0.54,0.46,34,24,35,24,1,0,8.0,1.0,6.0,2.0,2.38,1.16,1.16,40.7,,,,,
CH,2024-07-20,81.5,-2.66,6.06,"Hendricks, Kyle",672515,543294,,ball,,,,,14,Gabriel Moreno walks.,R,R,R,CHC,AZ,B,,,1,1,2024,-0.18,0.84,1.64,1.1,,,,2,2,Top,,,,,,,9.82732276730097,-118.28780284428764,-6.08264577371071,-3.490149802631293,21.839295014548256,-23.2813640576117,3.29,1.56,,,,80.4,2167,5.6,746852,665804,683737,663538,666624,621020,664023,691718,673548,54.9,,,,,,,,10,3,Changeup,0,0,0,0,0,0,0,0,Standard,Standard,228,0.0,0.058,,,,-0.058,,0,0,0.54,0.46,34,24,35,24,1,0,8.0,1.0,6.0,2.0,2.6,0.18,0.18,43.5,,,,,
CH,2024-07-20,80.9,-2.71,6.06,"Hendricks, Kyle",672515,543294,,ball,,,,,14,Gabriel Moreno walks.,R,R,R,CHC,AZ,B,,,0,1,2024,-0.03,0.84,1.35,1.15,,,,2,2,Top,,,,,,,8.998493736871632,-117.45641684882756,-5.853871092768036,-1.88715545277794,20.60096559976356,-23.510195164992297,3.35,1.56,,,,80.0,2103,5.7,746852,665804,683737,663538,666624,621020,664023,691718,673548,54.85,,,,,,,,10,2,Changeup,0,0,0,0,0,0,0,0,Standard,Standard,230,0.0,0.029,,,,-0.029,,0,0,0.54,0.46,34,24,35,24,1,0,8.0,1.0,6.0,2.0,2.64,0.03,0.03,44.2,,,,,
SI,2024-07-20,88.0,-2.82,6.0,"Hendricks, Kyle",672515,543294,,called_strike,,,,,11,Gabriel Moreno walks.,R,R,R,CHC,AZ,S,,,0,0,2024,-1.05,0.62,-0.93,2.85,,,,2,2,Top,,,,,,,6.672747008105405,-128.140313240791,-2.866787769546712,-12.909795654636882,23.47152757826094,-24.98631986219338,3.26,1.54,,,,87.4,2062,5.6,746852,665804,683737,663538,666624,621020,664023,691718,673548,54.89,,,,,,,,10,1,Sinker,0,0,0,0,0,0,0,0,Standard,Standard,210,0.0,-0.041,,,,0.041,,0,0,0.54,0.46,34,24,35,24,1,0,8.0,1.0,6.0,2.0,2.3,1.05,1.05,41.1,,,,,
CH,2024-07-20,82.3,-2.64,6.07,"Hendricks, Kyle",666971,543294,strikeout,swinging_strike,,,,,14,Lourdes Gurriel Jr. strikes out swinging.,R,R,R,CHC,AZ,S,2.0,,1,2,2024,-0.16,0.88,1.09,1.97,,,,1,2,Top,,,,,,,8.665976591578332,-119.54638412476336,-4.467230493668529,-3.0260534104202934,20.730271597940035,-23.0622617980065,3.68,1.71,,,,81.6,2188,5.7,746852,665804,683737,663538,666624,621020,664023,691718,673548,54.78,,0.0,0.0,1.0,0.0,0.0,,9,4,Changeup,0,0,0,0,0,0,0,0,Standard,Standard,222,0.017,-0.182,70.4,8.6,,0.182,,0,0,0.523,0.477,34,30,35,31,1,0,8.0,1.0,6.0,1.0,2.47,0.16,0.16,44.8,18.606156052899983,-26.07822417938264,27.689286030342583,47.69974159566669,43.71171815889646
CU,2024-07-20,75.8,-2.74,6.02,"Hendricks, Kyle",666971,543294,,called_strike,,,,,9,Lourdes Gurriel Jr. strikes out swinging.,R,R,R,CHC,AZ,S,,,1,1,2024,1.39,-0.87,0.68,1.79,,,,1,2,Top,,,,,,,4.588929332562716,-110.29583091324268,-0.195238431478032,10.453453981060123,20.52132466751047,-39.45591485244735,3.53,1.63,,,,74.6,3022,5.5,746852,665804,683737,663538,666624,621020,664023,691718,673548,55.03,,,,,,,,9,3,Curveball,0,0,0,0,0,0,0,0,Standard,Standard,43,0.0,-0.061,,,,0.061,,0,0,0.523,0.477,34,30,35,31,1,0,8.0,1.0,6.0,1.0,4.85,-1.39,-1.39,42.4,,,,,
CH,2024-07-20,81.3,-2.75,6.08,"Hendricks, Kyle",666971,543294,,called_strike,,,,,14,Lourdes Gurriel Jr. strikes out swinging.,R,R,R,CHC,AZ,S,,,1,0,2024,-0.19,0.84,0.92,2.13,,,,1,2,Top,,,,,,,8.478138739580539,-118.12984184189617,-3.8555656875862185,-3.206668499779753,19.81790621125996,-23.77741968537867,3.45,1.59,,,,80.7,2161,5.7,746852,665804,683737,663538,666624,621020,664023,691718,673548,54.8,,,,,,,,9,2,Changeup,0,0,0,0,0,0,0,0,Standard,Standard,231,0.0,-0.051,,,,0.051,,0,0,0.523,0.477,34,30,35,31,1,0,8.0,1.0,6.0,1.0,2.59,0.19,0.19,43.5,,,,,
SI,2024-07-20,87.6,-2.74,5.99,"Hendricks, Kyle",666971,543294,,ball,,,,,11,Lourdes Gurriel Jr. strikes out swinging.,R,R,R,CHC,AZ,B,,,0,0,2024,-0.93,0.71,-0.03,4.12,,,,1,2,Top,,,,,,,8.336518596450253,-127.50973590594538,0.0314270116293498,-11.627333961756186,21.308676170739755,-24.52723871092864,3.59,1.66,,,,87.2,2093,5.6,746852,665804,683737,663538,666624,621020,664023,691718,673548,54.92,,,,,,,,9,1,Sinker,0,0,0,0,0,0,0,0,Standard,Standard,211,0.0,0.039,,,,-0.039,,0,0,0.523,0.477,34,30,35,31,1,0,8.0,1.0,6.0,1.0,2.22,0.93,0.93,41.5,,,,,
SI,2024-07-20,88.6,-2.71,6.0,"Hendricks, Kyle",572233,543294,field_out,hit_into_play,,,,,4,"Christian Walker grounds out, third baseman Christopher Morel to first baseman Michael Busch.",R,R,R,CHC,AZ,X,5.0,ground_ball,2,2,2024,-1.07,0.61,-0.76,2.77,,,,0,2,Top,91.02,163.98,,,,,6.911368671225391,-128.96694141338918,-3.16402042630961,-13.283774618563116,22.779679106511885,-24.93698427593608,3.45,1.53,13.0,73.5,-11.0,88.2,2056,5.7,746852,665804,683737,663538,666624,621020,664023,691718,673548,54.81,0.034,0.046,0.0,1.0,0.0,0.0,2.0,8,5,Sinker,0,0,0,0,0,0,0,0,Standard,Standard,210,0.023,-0.227,77.1,7.1,0.034,0.227,88.0,0,0,0.5,0.5,34,33,35,33,1,0,8.0,1.0,6.0,1.0,2.26,1.07,1.07,42.7,-2.861043122949149,-5.996648971482592,32.008294171997534,30.057932538779284,31.03223449012069
CU,2024-07-20,76.7,-2.73,6.02,"Hendricks, Kyle",572233,543294,,ball,,,,,14,"Christian Walker grounds out, third baseman Christopher Morel to first baseman Michael Busch.",R,R,R,CHC,AZ,B,,,1,2,2024,1.17,-1.04,2.17,0.13,,,,0,2,Top,,,,,,,8.10517464745168,-111.3199917910467,-3.4246122957338017,8.048574050022333,22.3061953229561,-40.26377694965651,3.3,1.53,,,,75.1,3098,5.5,746852,665804,683737,663538,666624,621020,664023,691718,673548,54.98,,,,,,,,8,4,Curveball,0,0,0,0,0,0,0,0,Standard,Standard,40,0.0,0.04,,,,-0.04,,0,0,0.5,0.5,34,33,35,33,1,0,8.0,1.0,6.0,1.0,4.97,-1.17,-1.17,42.6,,,,,
FF,2024-07-20,88.6,-2.78,5.94,"Hendricks, Kyle",572233,543294,,ball,,,,,12,"Christian Walker grounds out, third baseman Christopher Morel to first baseman Michael Busch.",R,R,R,CHC,AZ,B,,,0,2,2024,-0.33,1.34,0.66,4.58,,,,0,2,Top,,,,,,,8.956272847410295,-128.85947726898723,-0.0822896458495614,-5.493228595037884,25.682658224250453,-17.38197453680797,3.47,1.6,,,,87.6,2113,5.6,746852,665804,683737,663538,666624,621020,664023,691718,673548,54.91,,,,,,,,8,3,4-Seam Fastball,0,0,0,0,0,0,0,0,Standard,Standard,216,0.0,0.023,,,,-0.023,,0,0,0.5,0.5,34,33,35,33,1,0,8.0,1.0,6.0,1.0,1.56,0.33,0.33,40.5,,,,,
FF,2024-07-20,88.4,-2.79,5.93,"Hendricks, Kyle",572233,543294,,swinging_strike,,,,,2,"Christian Walker grounds out, third baseman Christopher Morel to first baseman Michael Busch.",R,R,R,CHC,AZ,S,,,0,1,2024,-0.46,1.41,0.18,3.52,,,,0,2,Top,,,,,,,8.083057539535769,-128.4625292011449,-2.7069632766426897,-6.710444108360773,26.15409978098557,-16.193098326858923,3.45,1.53,,,,87.2,2109,5.6,746852,665804,683737,663538,666624,621020,664023,691718,673548,54.93,,,,,,,,8,2,4-Seam Fastball,0,0,0,0,0,0,0,0,Standard,Standard,214,0.0,-0.054,70.6,6.9,,0.054,,0,0,0.5,0.5,34,33,35,33,1,0,8.0,1.0,6.0,1.0,1.51,0.46,0.46,39.4,10.612432574664288,6.049701059739829,20.677158910555374,40.44296015091504,24.61341701707924
SI,2024-07-20,87.9,-2.72,5.99,"Hendricks, Kyle",572233,543294,,called_strike,,,,,6,"Christian Walker grounds out, third baseman Christopher Morel to first baseman Michael Busch.",R,R,R,CHC,AZ,S,,,0,0,2024,-1.19,0.48,0.41,2.43,,,,0,2,Top,,,,,,,9.900844547675426,-127.65154333206252,-3.506267578497716,-14.943736531686444,24.6999827441116,-26.34024722125437,3.23,1.46,,,,87.0,2116,5.7,746852,665804,683737,663538,666624,621020,664023,691718,673548,54.78,,,,,,,,8,1,Sinker,0,0,0,0,0,0,0,0,Standard,Standard,211,0.0,-0.037,,,,0.037,,0,0,0.5,0.5,34,33,35,33,1,0,8.0,1.0,6.0,1.0,2.46,1.19,1.19,41.2,,,,,
CH,2024-07-20,81.7,-2.76,6.22,"Hendricks, Kyle",592626,543294,field_out,hit_into_play,,,,,13,"Joc Pederson grounds out, second baseman Nico Hoerner to first baseman Michael Busch.",R,L,R,CHC,AZ,X,4.0,ground_ball,0,2,2024,-1.18,0.58,-1.31,1.56,,,,2,1,Top,143.4,155.13,,,,,5.43398541241871,-118.84335196196422,-5.017247039303586,-12.21677550187922,20.94183684785473,-25.8897688156129,3.61,1.69,4.0,78.1,-24.0,80.7,2182,5.5,746852,665804,683737,663538,666624,621020,664023,691718,673548,55.05,0.046,0.042,0.0,1.0,0.0,0.0,2.0,3,4,Changeup,0,0,0,0,0,0,0,0,Infield shade,Standard,223,0.01,-0.157,64.9,7.5,0.055,0.157,88.0,0,0,0.537,0.463,34,32,35,32,1,0,8.0,7.0,6.0,2.0,2.81,1.18,-1.18,45.3,-4.149679613946823,5.659911651124636,32.86432457429772,49.32222359362312,21.47506386824983
CU,2024-07-20,75.2,-2.76,6.02,"Hendricks, Kyle",592626,543294,,foul,,,,,14,"Joc Pederson grounds out, second baseman Nico Hoerner to first baseman Michael Busch.",R,L,R,CHC,AZ,S,,,0,2,2024,1.12,-0.92,0.39,0.97,,,,2,1,Top,,,,,,,4.463649432112258,-109.50122306546662,-1.6539934051628484,8.100298465017206,20.87189879115671,-39.41808240045237,3.61,1.69,,,,73.9,3123,5.5,746852,665804,683737,663538,666624,621020,664023,691718,673548,55.03,,,,,,,,3,3,Curveball,0,0,0,0,0,0,0,0,Infield shade,Standard,42,0.0,0.0,72.4,8.4,,0.0,,0,0,0.537,0.463,34,32,35,32,1,0,8.0,7.0,6.0,2.0,4.97,-1.12,1.12,42.8,25.19519148970544,-32.87821072824744,37.14649272656794,31.355943679250544,48.476275105331936
SI,2024-07-20,87.3,-2.79,6.03,"Hendricks, Kyle",592626,543294,,foul,,,,,4,"Joc Pederson grounds out, second baseman Nico Hoerner to first baseman Michael Busch.",R,L,R,CHC,AZ,S,,,0,1,2024,-1.07,0.54,-0.45,2.52,,,,2,1,Top,,,,,,,7.72207107459249,-127.07886445290896,-3.4714402105302,-13.05512788804572,21.949725058566173,-25.849737381558388,3.61,1.69,300.0,91.1,46.0,86.8,2016,5.6,746852,665804,683737,663538,666624,621020,664023,691718,673548,54.88,,,,,,,,3,2,Sinker,0,0,0,0,0,0,0,0,Infield shade,Standard,208,0.0,-0.058,70.6,6.8,,0.058,91.1,0,0,0.537,0.463,34,32,35,32,1,0,8.0,7.0,6.0,2.0,2.41,1.07,-1.07,43.3,5.198278722535424,16.71469761085822,29.860724431117134,39.25146088156048,18.87321673423665
SI,2024-07-20,86.9,-2.84,6.0,"Hendricks, Kyle",592626,543294,,called_strike,,,,,5,"Joc Pederson grounds out, second baseman Nico Hoerner to first baseman Michael Busch.",R,L,R,CHC,AZ,S,,,0,0,2024,-1.13,0.52,0.22,2.3,,,,2,1,Top,,,,,,,9.50433401700444,-126.30286892276057,-3.7888976096260114,-13.920607603355306,21.658130312053853,-26.006239669605293,3.36,1.62,,,,86.3,1982,5.7,746852,665804,683737,663538,666624,621020,664023,691718,673548,54.85,,,,,,,,3,1,Sinker,0,0,0,0,0,0,0,0,Infield shade,Standard,210,0.0,-0.041,,,,0.041,,0,0,0.537,0.463,34,32,35,32,1,0,8.0,7.0,6.0,2.0,2.46,1.13,-1.13,42.7,,,,,
CH,2024-07-20,80.7,-2.83,6.1,"Hendricks, Kyle",606466,543294,field_out,hit_into_play,,,,,7,"Ketel Marte grounds out, second baseman Nico Hoerner to first baseman Michael Busch.",R,L,R,CHC,AZ,X,4.0,ground_ball,0,1,2024,-1.1,0.5,-0.55,2.01,,,,1,1,Top,140.84,168.75,,,,,7.054935500025199,-117.45993038562726,-3.42383239296594,-11.458899860394018,19.972929614694635,-27.06779510544531,3.68,1.73,22.0,78.0,-4.0,80.0,2179,5.5,746852,665804,683737,663538,666624,621020,664023,691718,673548,54.95,0.083,0.081,0.0,1.0,0.0,0.0,2.0,2,2,Changeup,0,0,0,0,0,0,0,0,Standard,Standard,224,0.015,-0.219,71.2,8.0,0.083,0.219,88.0,0,0,0.522,0.478,34,30,35,31,1,0,8.0,1.0,6.0,1.0,2.97,1.1,-1.1,43.6,13.814944861164616,-14.089760837453452,34.56529552803384,40.252692223605806,40.742616298237486
FF,2024-07-20,86.7,-2.9,5.94,"Hendricks, Kyle",606466,543294,,called_strike,,,,,1,"Ketel Marte grounds out, second baseman Nico Hoerner to first baseman Michael Busch.",R,L,R,CHC,AZ,S,,,0,0,2024,-0.33,0.96,-0.38,3.28,,,,1,1,Top,,,,,,,6.620495651282359,-126.1984055143764,-2.1825247505477274,-4.746409327561726,23.10113040336101,-21.57907000791768,3.62,1.63,,,,86.1,2091,5.7,746852,665804,683737,663538,666624,621020,664023,691718,673548,54.84,,,,,,,,2,1,4-Seam Fastball,0,0,0,0,0,0,0,0,Standard,Standard,208,0.0,-0.037,,,,0.037,,0,0,0.522,0.478,34,30,35,31,1,0,8.0,1.0,6.0,1.0,2.04,0.33,-0.33,39.6,,,,,
FF,2024-07-20,87.7,-2.82,5.98,"Hendricks, Kyle",682998,543294,field_out,hit_into_play,,,,,8,Corbin Carroll lines out to center fielder Pete Crow-Armstrong.,R,L,R,CHC,AZ,X,8.0,line_drive,0,0,2024,-0.66,0.99,-0.02,1.93,,,,0,1,Top,131.52,49.33,,,,,8.0092189930847,-127.54281029926813,-5.70847611531161,-8.706056467278612,23.868024581921564,-20.32784796116161,3.09,1.45,369.0,98.6,22.0,86.9,2064,5.6,746852,665804,683737,663538,666624,621020,664023,691718,673548,54.89,0.36,0.468,0.0,1.0,0.0,0.0,5.0,1,1,4-Seam Fastball,0,0,0,0,0,0,0,0,Standard,Standard,213,0.022,-0.254,73.7,6.6,0.773,0.254,98.6,0,0,0.5,0.5,34,23,35,24,1,0,8.0,1.0,6.0,2.0,1.95,0.66,-0.66,38.9,2.382726411896693,3.768689515083552,27.47506734611112,36.83102143829285,34.73946958772873
SI,2024-07-12,88.0,-2.16,5.89,"Hendricks, Kyle",571448,543294,field_out,hit_into_play,,,,,1,"Nolan Arenado grounds out, pitcher Kyle Hendricks to first baseman Michael Busch.",R,R,R,STL,CHC,X,1.0,ground_ball,3,2,2024,-1.1,0.5,-0.77,3.08,,,680977.0,2,7,Bot,124.44,177.81,,,,,5.583934298776892,-128.2067351645777,-1.7933575435409983,-13.232234431781729,24.206983014692675,-26.47288014736815,3.39,1.62,8.0,60.5,-20.0,87.4,2100,5.6,745153,665804,683737,663538,670156,621020,664023,691718,673548,54.86,0.06,0.047,0.0,1.0,0.0,0.0,2.0,53,6,Sinker,0,3,0,3,3,0,0,3,Standard,Standard,211,-0.024,-0.32,61.5,6.3,0.078,0.32,88.0,-3,-3,0.089,0.089,34,33,35,33,3,2,6.0,2.0,8.0,1.0,2.42,1.1,1.1,43.4,-3.493213637900072,16.80424920051096,34.94134237448455,28.06506316870682,17.892189169759998
SI,2024-07-12,88.5,-2.18,5.83,"Hendricks, Kyle",571448,543294,,foul,,,,,9,"Nolan Arenado grounds out, pitcher Kyle Hendricks to first baseman Michael Busch.",R,R,R,STL,CHC,S,,,3,1,2024,-0.9,0.53,0.68,1.8,,,680977.0,2,7,Bot,,,,,,,8.73512487721082,-128.65156304859835,-4.884436841056976,-11.661566862511249,23.21138147994872,-25.51025837751536,3.39,1.62,188.0,75.0,59.0,87.9,2115,5.7,745153,665804,683737,663538,670156,621020,664023,691718,673548,54.84,,,,,,,,53,5,Sinker,0,3,0,3,3,0,0,3,Standard,Standard,213,0.0,-0.065,66.4,8.6,,0.065,88.0,-3,-3,0.089,0.089,34,33,35,33,3,2,6.0,2.0,8.0,1.0,2.36,0.9,0.9,39.6,1.6719981584845027,-9.5606362405652,38.38139491100313,44.63918258636132,28.60618134739603
CH,2024-07-12,79.5,-2.18,5.97,"Hendricks, Kyle",571448,543294,,ball,,,,,14,"Nolan Arenado grounds out, pitcher Kyle Hendricks to first baseman Michael Busch.",R,R,R,STL,CHC,B,,,2,1,2024,-0.29,0.68,0.42,1.09,,,680977.0,2,7,Bot,,,,,,,6.151983874567633,-115.75253412501812,-5.260348705886346,-3.5928732247232102,18.77516138116504,-25.320599188656317,3.44,1.7,,,,79.0,2068,5.6,745153,665804,683737,663538,670156,621020,664023,691718,673548,54.9,,,,,,,,53,4,Changeup,0,3,0,3,3,0,0,3,Standard,Standard,233,0.0,0.078,,,,-0.078,,-3,-3,0.089,0.089,34,33,35,33,3,2,6.0,2.0,8.0,1.0,2.89,0.29,0.29,43.3,,,,,
CU,2024-07-12,75.1,-2.2,5.94,"Hendricks, Kyle",571448,543294,,blocked_ball,,,,,14,"Nolan Arenado grounds out, pitcher Kyle Hendricks to first baseman Michael Busch.",R,R,R,STL,CHC,B,,,1,1,2024,1.25,-0.76,1.38,0.72,,,680977.0,2,7,Bot,,,,,,,5.125638742586302,-109.17717729573216,-2.219290262700434,8.917836093348773,21.06544704587721,-37.992731558168025,3.43,1.62,,,,73.6,2999,5.4,745153,665804,683737,663538,670156,621020,664023,691718,673548,55.05,,,,,,,,53,3,Curveball,0,3,0,3,3,0,0,3,Standard,Standard,38,0.0,0.05,,,,-0.05,,-3,-3,0.089,0.089,34,33,35,33,3,2,6.0,2.0,8.0,1.0,4.84,-1.25,-1.25,43.2,,,,,
CH,2024-07-12,78.2,-2.21,6.0,"Hendricks, Kyle",571448,543294,,foul,,,,,4,"Nolan Arenado grounds out, pitcher Kyle Hendricks to first baseman Michael Busch.",R,R,R,STL,CHC,S,,,1,0,2024,-0.3,0.63,-0.3,2.38,,,680977.0,2,7,Bot,,,,,,,4.598495584354294,-113.80311615639545,-2.099283002111562,-3.4692607717453203,20.405839596937493,-26.47743545650623,3.39,1.62,,,,77.2,1998,5.5,745153,665804,683737,663538,670156,621020,664023,691718,673548,55.01,,,,,,,,53,2,Changeup,0,3,0,3,3,0,0,3,Standard,Standard,230,0.0,-0.048,59.2,9.5,,0.048,,-3,-3,0.089,0.089,34,33,35,33,3,2,6.0,2.0,8.0,1.0,3.08,0.3,0.3,44.5,39.522683654111646,-50.00285162862711,35.688029766751754,31.99764233708005,60.155313719055584
SI,2024-07-12,87.8,-2.35,5.95,"Hendricks, Kyle",571448,543294,,ball,,,,,11,"Nolan Arenado grounds out, pitcher Kyle Hendricks to first baseman Michael Busch.",R,R,R,STL,CHC,B,,,0,0,2024,-1.17,0.74,-1.21,3.8,,,680977.0,2,7,Bot,,,,,,,5.11962272274284,-127.89870031105248,-0.6315206677210848,-13.88684362545151,25.302178962219905,-24.11704978906829,3.39,1.7,,,,86.9,2092,5.6,745153,665804,683737,663538,670156,621020,664023,691718,673548,54.91,,,,,,,,53,1,Sinker,0,3,0,3,3,0,0,3,Standard,Standard,213,0.0,0.034,,,,-0.034,,-3,-3,0.089,0.089,34,33,35,33,3,2,6.0,2.0,8.0,1.0,2.2,1.17,1.17,42.2,,,,,
CH,2024-07-12,82.2,-2.53,5.95,"Hendricks, Kyle",680977,543294,single,hit_into_play,,,,,8,Brendan Donovan singles on a line drive to right fielder Seiya Suzuki.,R,L,R,STL,CHC,X,9.0,line_drive,2,2,2024,-1.09,0.44,0.22,1.6,,,,2,7,Bot,196.69,98.53,,,,,8.233609029757572,-119.56437262600186,-4.194078153589332,-11.930276431527195,20.6869076410043,-27.338397182389244,3.29,1.5,261.0,98.9,16.0,81.6,2143,5.7,745153,665804,683737,663538,670156,621020,664023,691718,673548,54.79,0.609,0.64,0.9,1.0,1.0,0.0,4.0,52,5,Changeup,0,3,0,3,3,0,0,3,Infield shade,Standard,228,0.014,0.37,83.8,7.3,0.887,-0.37,98.9,-3,-3,0.075,0.075,34,27,35,27,3,2,6.0,2.0,8.0,1.0,2.91,1.09,-1.09,43.1,10.267351993767296,-10.633406064732304,39.52564882828549,33.053138016650564,33.19792228284099
SI,2024-07-12,86.9,-2.54,5.9,"Hendricks, Kyle",680977,543294,,ball,,,,,11,Brendan Donovan singles on a line drive to right fielder Seiya Suzuki.,R,L,R,STL,CHC,B,,,1,2,2024,-0.96,0.22,-0.75,3.82,,,,2,7,Bot,,,,,,,6.156669595287474,-126.61765334809202,0.6091891509712563,-11.47808498069324,22.24224133065601,-30.04074163405604,3.33,1.41,,,,86.3,2042,5.5,745153,665804,683737,663538,670156,621020,664023,691718,673548,55.0,,,,,,,,52,4,Sinker,0,3,0,3,3,0,0,3,Infield shade,Standard,212,0.0,0.039,,,,-0.039,,-3,-3,0.075,0.075,34,27,35,27,3,2,6.0,2.0,8.0,1.0,2.75,0.96,-0.96,49.0,,,,,
CH,2024-07-12,81.6,-2.58,5.93,"Hendricks, Kyle",680977,543294,,foul,,,,,13,Brendan Donovan singles on a line drive to right fielder Seiya Suzuki.,R,L,R,STL,CHC,S,,,1,1,2024,-1.47,0.56,-0.19,1.19,,,,2,7,Bot,,,,,,,8.087711816321434,-118.5978885880893,-5.114565251796923,-15.400464569149529,21.871092000612503,-26.057952606442164,3.29,1.5,17.0,54.8,-2.0,80.8,2228,5.7,745153,665804,683737,663538,670156,621020,664023,691718,673548,54.76,,,,,,,,52,3,Changeup,0,3,0,3,3,0,0,3,Standard,Standard,226,0.0,-0.064,75.2,8.1,,0.064,88.0,-3,-3,0.075,0.075,34,27,35,27,3,2,6.0,2.0,8.0,1.0,2.86,1.47,-1.47,41.8,17.478914019028327,-18.45173114349732,41.76865002823741,38.69437926795299,39.768754511742
FF,2024-07-12,88.1,-2.83,5.75,"Hendricks, Kyle",680977,543294,,ball,,,,,11,Brendan Donovan singles on a line drive to right fielder Seiya Suzuki.,R,L,R,STL,CHC,B,,,0,1,2024,-0.46,1.24,-1.22,2.45,,,,2,7,Bot,,,,,,,4.780883581072797,-128.20912310848848,-4.486415653744494,-6.007683311392929,24.52778000441253,-17.715013610643506,3.35,1.5,,,,87.2,2215,5.6,745153,665804,683737,663538,670156,621020,664023,691718,673548,54.92,,,,,,,,52,2,4-Seam Fastball,0,3,0,3,3,0,0,3,Standard,Standard,214,0.0,0.029,,,,-0.029,,-3,-3,0.075,0.075,34,27,35,27,3,2,6.0,2.0,8.0,1.0,1.68,0.46,-0.46,38.1,,,,,
SI,2024-07-12,87.0,-2.66,5.88,"Hendricks, Kyle",680977,543294,,called_strike,,,,,8,Brendan Donovan singles on a line drive to right fielder Seiya Suzuki.,R,L,R,STL,CHC,S,,,0,0,2024,-1.12,0.66,-0.02,1.61,,,,2,7,Bot,,,,,,,8.490250498624324,-126.41619823496336,-5.4051083748451125,-13.609689431653688,23.30973096320524,-24.16135840984126,3.36,1.54,,,,86.2,2128,5.7,745153,665804,683737,663538,670156,621020,664023,691718,673548,54.85,,,,,,,,52,1,Sinker,0,3,0,3,3,0,0,3,Standard,Standard,212,0.0,-0.041,,,,0.041,,-3,-3,0.075,0.075,34,27,35,27,3,2,6.0,2.0,8.0,1.0,2.33,1.12,-1.12,43.1,,,,,
CH,2024-07-12,80.6,-2.63,5.94,"Hendricks, Kyle",502671,543294,field_out,hit_into_play,,,,,14,Paul Goldschmidt grounds out to first baseman Michael Busch.,R,R,R,STL,CHC,X,3.0,ground_ball,2,2,2024,-0.2,0.66,0.33,0.8,,,,1,7,Bot,150.33,156.07,,,,,6.876234937536883,-117.0855570673296,-5.957566264172218,-3.0994796447951924,21.20017046287496,-25.159024246796157,3.51,1.56,93.0,68.0,9.0,79.7,1994,5.7,745153,665804,683737,663538,670156,621020,664023,691718,673548,54.81,0.206,0.206,0.0,1.0,0.0,0.0,2.0,51,5,Changeup,0,3,0,3,3,0,0,3,Standard,Standard,230,-0.016,-0.225,66.4,9.0,0.213,0.225,88.0,-3,-3,0.091,0.091,34,36,35,37,3,2,6.0,2.0,8.0,1.0,2.85,0.2,0.2,43.7,20.83415188577949,-12.550883542193532,38.641246364302766,47.16681255254508,28.000795005030163
SI,2024-07-12,87.9,-2.61,5.9,"Hendricks, Kyle",502671,543294,,foul,,,,,7,Paul Goldschmidt grounds out to first baseman Michael Busch.,R,R,R,STL,CHC,S,,,2,1,2024,-0.97,0.48,-0.54,1.84,,,,1,7,Bot,,,,,,,6.927447823892476,-127.87546212031964,-4.717907662334236,-11.978959851171895,24.59847991489226,-26.116999151469475,3.51,1.56,188.0,67.1,39.0,87.1,2087,5.6,745153,665804,683737,663538,670156,621020,664023,691718,673548,54.86,,,,,,,,51,4,Sinker,0,3,0,3,3,0,0,3,Standard,Standard,215,0.0,-0.078,76.0,8.1,,0.078,88.0,-3,-3,0.091,0.091,34,36,35,37,3,2,6.0,2.0,8.0,1.0,2.45,0.97,0.97,41.9,4.418200205470726,1.7462348880459468,40.09892014142029,39.16234490191732,16.0920507433996
CU,2024-07-12,75.9,-2.67,5.98,"Hendricks, Kyle",502671,543294,,ball,,,,,14,Paul Goldschmidt grounds out to first baseman Michael Busch.,R,R,R,STL,CHC,B,,,1,1,2024,1.4,-0.8,0.91,1.48,,,,1,7,Bot,,,,,,,4.927332816746696,-110.46086814108156,-0.8345868462490738,10.328429931514718,22.271357402774097,-38.69514078211096,3.54,1.69,,,,74.5,3025,5.5,745153,665804,683737,663538,670156,621020,664023,691718,673548,54.95,,,,,,,,51,3,Curveball,0,3,0,3,3,0,0,3,Standard,Standard,44,0.0,0.059,,,,-0.059,,-3,-3,0.091,0.091,34,36,35,37,3,2,6.0,2.0,8.0,1.0,4.79,-1.4,-1.4,42.7,,,,,
SI,2024-07-12,87.7,-2.7,5.94,"Hendricks, Kyle",502671,543294,,ball,,,,,11,Paul Goldschmidt grounds out to first baseman Michael Busch.,R,R,R,STL,CHC,B,,,0,1,2024,-1.0,0.42,-1.86,3.04,,,,1,7,Bot,,,,,,,4.037538034174595,-127.8027637908,-1.814042694636251,-11.802973747958244,24.371965233321284,-27.355177148955324,3.63,1.65,,,,86.9,2103,5.5,745153,665804,683737,663538,670156,621020,664023,691718,673548,55.0,,,,,,,,51,2,Sinker,0,3,0,3,3,0,0,3,Standard,Standard,217,0.0,0.024,,,,-0.024,,-3,-3,0.091,0.091,34,36,35,37,3,2,6.0,2.0,8.0,1.0,2.51,1.0,1.0,42.4,,,,,
SI,2024-07-12,87.1,-2.61,5.88,"Hendricks, Kyle",502671,543294,,called_strike,,,,,8,Paul Goldschmidt grounds out to first baseman Michael Busch.,R,R,R,STL,CHC,S,,,0,0,2024,-0.96,0.41,0.27,1.66,,,,1,7,Bot,,,,,,,8.769920135690292,-126.59215188406893,-4.814873503235415,-12.05818541296073,23.47325604821342,-26.94218491238528,3.51,1.66,,,,86.3,2098,5.6,745153,665804,683737,663538,670156,621020,664023,691718,673548,54.85,,,,,,,,51,1,Sinker,0,3,0,3,3,0,0,3,Standard,Standard,212,0.0,-0.037,,,,0.037,,-3,-3,0.091,0.091,34,36,35,37,3,2,6.0,2.0,8.0,1.0,2.57,0.96,0.96,42.4,,,,,
SI,2024-07-12,87.9,-2.59,5.83,"Hendricks, Kyle",575929,543294,field_out,hit_into_play,,,,,8,"Willson Contreras grounds out sharply, second baseman Nico Hoerner to first baseman Michael Busch.",R,R,R,STL,CHC,X,4.0,ground_ball,0,0,2024,-1.15,0.55,-0.19,1.43,,,,0,7,Bot,132.48,144.79,,,,,8.101427391478015,-127.81177760465272,-5.686160313763747,-14.18879563287523,24.659729128020977,-25.14616450654074,3.46,1.53,10.0,104.3,-8.0,87.1,2092,5.7,745153,665804,683737,663538,670156,621020,664023,691718,673548,54.8,0.326,0.306,0.0,1.0,0.0,0.0,2.0,50,1,Sinker,0,3,0,3,3,0,0,3,Standard,Standard,214,-0.027,-0.254,75.9,7.5,0.349,0.254,104.3,-3,-3,0.118,0.118,34,32,35,32,3,2,6.0,2.0,8.0,1.0,2.39,1.15,1.15,41.9,-5.651686585869679,19.022836332980763,41.97836940537397,38.99224768161064,16.28560481635907
SI,2024-07-12,88.2,-2.51,5.9,"Hendricks, Kyle",676475,543294,field_out,hit_into_play,,,,,13,Alec Burleson flies out to left fielder Ian Happ.,R,L,R,STL,CHC,X,7.0,fly_ball,0,1,2024,-1.21,0.44,-0.3,1.08,,,,2,6,Bot,53.47,93.19,,,,,7.767074044888496,-128.27025450388342,-6.540128627308625,-14.852553207438248,23.37535553885149,-26.17861369852742,3.41,1.55,317.0,90.2,30.0,87.5,2181,5.6,745153,665804,683737,663538,670156,621020,664023,691718,673548,54.92,0.066,0.088,0.0,1.0,0.0,0.0,3.0,44,2,Sinker,0,2,0,2,2,0,0,2,Standard,Standard,212,-0.014,-0.215,73.8,8.0,0.141,0.215,90.2,-2,-2,0.19,0.19,34,25,35,26,3,2,6.0,2.0,8.0,1.0,2.46,1.21,-1.21,43.4,0.4444383981155612,1.9090012075463296,43.01009160267655,33.156512421390886,31.159842967681097
CU,2024-07-12,74.5,-2.66,6.02,"Hendricks, Kyle",676475,543294,,called_strike,,,,,1,Alec Burleson flies out to left fielder Ian Happ.,R,L,R,STL,CHC,S,,,0,0,2024,1.29,-0.84,-0.66,3.25,,,,2,6,Bot,,,,,,,1.7993927306316566,-108.39659650558906,2.992275449747609,9.789939160608602,20.367467702737446,-39.56085193990705,3.35,1.49,,,,73.2,2979,5.5,745153,665804,683737,663538,670156,621020,664023,691718,673548,55.0,,,,,,,,44,1,Curveball,0,2,0,2,2,0,0,2,Standard,Standard,50,0.0,-0.041,,,,0.041,,-2,-2,0.19,0.19,34,25,35,26,3,2,6.0,2.0,8.0,1.0,4.97,-1.29,1.29,44.7,,,,,
CH,2024-07-12,80.8,-2.58,6.04,"Hendricks, Kyle",691026,543294,field_out,hit_into_play,,,,,9,Masyn Winn pops out to catcher Miguel Amaya in foul territory.,R,R,R,STL,CHC,X,2.0,popup,1,1,2024,-0.35,0.98,0.41,1.92,,,,1,6,Bot,151.26,215.5,,,,,7.235720737268197,-117.5687566340284,-4.423049767385162,-4.444752448328022,19.445679755842445,-22.398292431297914,3.42,1.54,62.0,72.7,79.0,80.2,2105,5.6,745153,665804,683737,663538,670156,621020,664023,691718,673548,54.91,0.006,0.007,0.0,1.0,0.0,0.0,3.0,43,3,Changeup,0,2,0,2,2,0,0,2,Standard,Standard,226,-0.023,-0.243,70.9,8.1,0.007,0.243,88.0,-2,-2,0.213,0.213,34,22,35,22,3,2,6.0,2.0,8.0,1.0,2.47,0.35,0.35,45.2,12.362779701389051,-12.516454933935204,30.49126587230272,36.0856087629035,41.54720772405648
CH,2024-07-12,80.1,-2.54,6.03,"Hendricks, Kyle",691026,543294,,called_strike,,,,,3,Masyn Winn pops out to catcher Miguel Amaya in foul territory.,R,R,R,STL,CHC,S,,,1,0,2024,-0.07,0.95,0.53,3.01,,,,1,6,Bot,,,,,,,6.832260031247275,-116.65492536306022,-1.8499593253390856,-1.7602542920626447,18.59881404787704,-23.26654947841927,3.6,1.64,,,,79.7,2108,5.6,745153,665804,683737,663538,670156,621020,664023,691718,673548,54.85,,,,,,,,43,2,Changeup,0,2,0,2,2,0,0,2,Standard,Standard,227,0.0,-0.051,,,,0.051,,-2,-2,0.213,0.213,34,22,35,22,3,2,6.0,2.0,8.0,1.0,2.55,0.07,0.07,44.9,,,,,
CU,2024-07-12,74.1,-2.67,5.99,"Hendricks, Kyle",691026,543294,,ball,,,,,11,Masyn Winn pops out to catcher Miguel Amaya in foul territory.,R,R,R,STL,CHC,B,,,0,0,2024,1.26,-0.97,-1.37,3.08,,,,1,6,Bot,,,,,,,0.4370616572908152,-107.81949255219844,2.95509376543224,9.717540908305374,19.748923125475837,-40.43937833128827,3.57,1.6,,,,72.9,3064,5.5,745153,665804,683737,663538,670156,621020,664023,691718,673548,55.02,,,,,,,,43,1,Curveball,0,2,0,2,2,0,0,2,Standard,Standard,46,0.0,0.039,,,,-0.039,,-2,-2,0.213,0.213,34,22,35,22,3,2,6.0,2.0,8.0,1.0,5.13,-1.26,-1.26,47.5,,,,,
CH,2024-07-12,82.0,-2.65,6.03,"Hendricks, Kyle",672279,543294,field_out,hit_into_play,,,,,13,Michael Siani lines out to shortstop Dansby Swanson.,R,L,R,STL,CHC,X,6.0,line_drive,1,2,2024,-1.26,0.66,-1.2,1.52,,,,0,6,Bot,106.96,131.01,,,,,5.63244607609746,-119.35257562753311,-4.888654030387883,-13.12805274502275,22.046386406962267,-25.137311209924675,3.35,1.52,180.0,68.9,19.0,81.1,2185,5.6,745153,665804,683737,663538,670156,621020,664023,691718,673548,54.93,0.751,0.687,0.0,1.0,0.0,0.0,4.0,42,4,Changeup,0,2,0,2,2,0,0,2,Standard,Standard,222,-0.035,-0.186,69.8,7.9,0.802,0.186,88.0,-2,-2,0.248,0.248,34,24,35,25,2,1,6.0,2.0,8.0,1.0,2.72,1.26,-1.26,43.5,11.303601745531171,-3.89418710718024,32.7923283669044,48.0716539952688,34.39748249463984
CH,2024-07-12,81.4,-2.51,6.02,"Hendricks, Kyle",672279,543294,,ball,,,,,13,Michael Siani lines out to shortstop Dansby Swanson.,R,L,R,STL,CHC,B,,,0,2,2024,-1.39,0.61,-0.33,0.01,,,,0,6,Bot,,,,,,,7.469246990748723,-118.21470969397252,-7.980982338992051,-14.429694993700585,21.32248256750981,-25.15408210828745,3.28,1.52,,,,80.6,2200,5.8,745153,665804,683737,663538,670156,621020,664023,691718,673548,54.75,,,,,,,,42,3,Changeup,0,2,0,2,2,0,0,2,Standard,Standard,225,0.0,0.023,,,,-0.023,,-2,-2,0.248,0.248,34,24,35,25,2,1,6.0,2.0,8.0,1.0,2.83,1.39,-1.39,43.9,,,,,
CH,2024-07-12,81.0,-2.52,5.99,"Hendricks, Kyle",672279,543294,,called_strike,,,,,13,Michael Siani lines out to shortstop Dansby Swanson.,R,L,R,STL,CHC,S,,,0,1,2024,-1.39,0.53,-0.46,1.3,,,,0,6,Bot,,,,,,,7.154658300473247,-117.75832981602598,-4.824265365124111,-14.260234324416247,21.378799054421584,-26.56494087433592,3.4,1.59,,,,80.2,2164,5.7,745153,665804,683737,663538,670156,621020,664023,691718,673548,54.79,,,,,,,,42,2,Changeup,0,2,0,2,2,0,0,2,Standard,Standard,227,0.0,-0.054,,,,0.054,,-2,-2,0.248,0.248,34,24,35,25,2,1,6.0,2.0,8.0,1.0,2.94,1.39,-1.39,43.3,,,,,
CU,2024-07-12,73.5,-2.66,5.94,"Hendricks, Kyle",672279,543294,,called_strike,,,,,13,Michael Siani lines out to shortstop Dansby Swanson.,R,L,R,STL,CHC,S,,,0,0,2024,1.19,-0.98,-1.02,1.96,,,,0,6,Bot,,,,,,,1.2519193699477418,-106.98948370194056,0.9655889529194696,8.796150403657686,20.384495582611443,-40.05384867469409,3.33,1.5,,,,72.3,2939,5.6,745153,665804,683737,663538,670156,621020,664023,691718,673548,54.93,,,,,,,,42,1,Curveball,0,2,0,2,2,0,0,2,Standard,Standard,45,0.0,-0.037,,,,0.037,,-2,-2,0.248,0.248,34,24,35,25,2,1,6.0,2.0,8.0,1.0,5.23,-1.19,1.19,42.9,,,,,
CH,2024-07-12,81.0,-2.26,6.03,"Hendricks, Kyle",669357,543294,field_out,hit_into_play,,,,,13,"Nolan Gorman grounds out, shortstop Dansby Swanson to first baseman Michael Busch.",R,L,R,STL,CHC,X,6.0,ground_ball,0,2,2024,-1.14,0.69,-1.37,2.08,,,663457.0,2,5,Bot,132.99,145.81,,,,,4.096507521021042,-117.93059250474955,-3.548838877056765,-11.439086179882525,20.00447815895749,-25.289989138731723,3.5,1.54,122.0,73.7,13.0,80.2,2119,5.4,745153,665804,683737,663538,670156,621020,664023,691718,673548,55.06,0.397,0.357,0.0,1.0,0.0,0.0,4.0,37,4,Changeup,0,2,0,2,2,0,0,2,Infield shade,Standard,230,-0.032,-0.17,67.6,7.6,0.397,0.17,88.0,-2,-2,0.243,0.243,34,24,35,24,2,1,6.0,2.0,8.0,1.0,2.75,1.14,-1.14,43.5,16.499970630917215,4.779242988606165,28.840263550561403,52.6602129565616,33.97374830604792
CH,2024-07-12,80.8,-2.24,6.02,"Hendricks, Kyle",669357,543294,,foul,,,,,13,"Nolan Gorman grounds out, shortstop Dansby Swanson to first baseman Michael Busch.",R,L,R,STL,CHC,S,,,0,2,2024,-1.03,0.54,-1.02,1.18,,,663457.0,2,5,Bot,,,,,,,4.6266467589824725,-117.6583960482842,-5.136133368881026,-10.43266008582454,21.10113877869473,-26.444996984248565,3.5,1.54,,,,80.0,2159,5.5,745153,665804,683737,663538,670156,621020,664023,691718,673548,54.95,,,,,,,,37,3,Changeup,0,2,0,2,2,0,0,2,Infield shade,Standard,227,0.0,0.0,69.0,8.6,,0.0,,-2,-2,0.243,0.243,34,24,35,24,2,1,6.0,2.0,8.0,1.0,2.94,1.03,-1.03,49.3,20.95147150681165,-8.860299970693726,34.79598516205824,49.1056297108307,39.77502753597959
CH,2024-07-12,80.6,-2.31,5.95,"Hendricks, Kyle",669357,543294,,foul_tip,,,,,7,"Nolan Gorman grounds out, shortstop Dansby Swanson to first baseman Michael Busch.",R,L,R,STL,CHC,S,,,0,1,2024,-1.0,0.22,-0.58,1.9,,,663457.0,2,5,Bot,,,,,,,5.675815108822257,-117.31079195657377,-2.8128588397705783,-10.292157528377013,19.46795079812754,-29.823694351935814,3.5,1.54,,,,79.9,2154,5.6,745153,665804,683737,663538,670156,621020,664023,691718,673548,54.95,,,,,,,,37,2,Changeup,0,2,0,2,2,0,0,2,Infield shade,Standard,227,0.0,-0.054,74.3,8.5,,0.054,,-2,-2,0.243,0.243,34,24,35,24,2,1,6.0,2.0,8.0,1.0,3.25,1.0,-1.0,43.2,30.430703851146887,-21.491554373408185,36.167342260222185,43.2848683326402,48.79852767615744
SI,2024-07-12,86.9,-2.18,5.92,"Hendricks, Kyle",669357,543294,,swinging_strike,,,,,1,"Nolan Gorman grounds out, shortstop Dansby Swanson to first baseman Michael Busch.",R,L,R,STL,CHC,S,,,0,0,2024,-1.17,0.71,-0.76,3.19,,,663457.0,2,5,Bot,,,,,,,5.711579812022658,-126.55142711565982,-1.8711469580125355,-13.738617133053742,22.706930082147075,-24.358988309549375,3.5,1.54,,,,86.3,2123,5.6,745153,665804,683737,663538,670156,621020,664023,691718,673548,54.91,,,,,,,,37,1,Sinker,0,2,0,2,2,0,0,2,Infield shade,Standard,212,0.0,-0.047,,,,0.047,,-2,-2,0.243,0.243,34,24,35,24,2,1,6.0,2.0,8.0,1.0,2.28,1.17,-1.17,42.1,,,,,
SI,2024-07-12,88.3,-2.55,5.94,"Hendricks, Kyle",663457,543294,single,hit_into_play,,,,,2,Lars Nootbaar singles on a ground ball to center fielder Pete Crow-Armstrong.,R,L,R,STL,CHC,X,8.0,ground_ball,2,1,2024,-1.02,0.56,-0.24,2.91,,,,2,5,Bot,136.03,99.02,,,,,7.654718649632455,-128.5614061230892,-2.519201453534056,-12.852238943153363,23.449728781666185,-25.62768264866847,3.49,1.58,22.0,107.5,-6.0,87.7,2132,5.6,745153,665804,683737,663538,670156,621020,664023,691718,673548,54.87,0.391,0.369,0.9,1.0,1.0,0.0,2.0,36,4,Sinker,0,2,0,2,2,0,0,2,Standard,Standard,208,0.018,0.286,,,0.425,-0.286,107.5,-2,-2,0.225,0.225,34,26,35,27,2,1,6.0,2.0,8.0,1.0,2.33,1.02,-1.02,44.1,,,,,
CH,2024-07-12,81.7,-2.57,5.97,"Hendricks, Kyle",663457,543294,,ball,,,,,13,Lars Nootbaar singles on a ground ball to center fielder Pete Crow-Armstrong.,R,L,R,STL,CHC,B,,,1,1,2024,-1.1,0.37,-0.68,0.6,,,,2,5,Bot,,,,,,,6.283136608956716,-118.72678020987362,-6.203951596610976,-11.556286840156051,20.91047845787425,-27.720618395571133,3.51,1.56,,,,81.0,2173,5.7,745153,665804,683737,663538,670156,621020,664023,691718,673548,54.79,,,,,,,,36,3,Changeup,0,2,0,2,2,0,0,2,Standard,Standard,226,0.0,0.058,,,,-0.058,,-2,-2,0.225,0.225,34,26,35,27,2,1,6.0,2.0,8.0,1.0,3.03,1.1,-1.1,43.6,,,,,
CH,2024-07-12,82.0,-2.67,5.94,"Hendricks, Kyle",663457,543294,,ball,,,,,13,Lars Nootbaar singles on a ground ball to center fielder Pete Crow-Armstrong.,R,L,R,STL,CHC,B,,,0,1,2024,-1.22,0.36,-1.25,1.77,,,,2,5,Bot,,,,,,,5.483902738941667,-119.31678820514038,-3.585670245482831,-12.713266753164568,21.714365535025223,-28.246391322281998,3.68,1.6,,,,81.2,2176,5.7,745153,665804,683737,663538,670156,621020,664023,691718,673548,54.84,,,,,,,,36,2,Changeup,0,2,0,2,2,0,0,2,Standard,Standard,226,0.0,0.029,,,,-0.029,,-2,-2,0.225,0.225,34,26,35,27,2,1,6.0,2.0,8.0,1.0,3.01,1.22,-1.22,39.5,,,,,
CU,2024-07-12,76.2,-2.59,5.97,"Hendricks, Kyle",663457,543294,,called_strike,,,,,6,Lars Nootbaar singles on a ground ball to center fielder Pete Crow-Armstrong.,R,L,R,STL,CHC,S,,,0,0,2024,1.18,-0.82,0.69,2.43,,,,2,5,Bot,,,,,,,4.701616907907356,-110.93125829678672,1.063025312150437,8.812277184526529,20.719700883823165,-39.33956181434089,3.45,1.57,,,,75.0,3062,5.4,745153,665804,683737,663538,670156,621020,664023,691718,673548,55.05,,,,,,,,36,1,Curveball,0,2,0,2,2,0,0,2,Standard,Standard,45,0.0,-0.041,,,,0.041,,-2,-2,0.225,0.225,34,26,35,27,2,1,6.0,2.0,8.0,1.0,4.75,-1.18,1.18,43.6,,,,,
SI,2024-07-12,87.4,-2.18,5.9,"Hendricks, Kyle",571448,543294,grounded_into_double_play,hit_into_play,,,,,9,"Nolan Arenado grounds into a double play, shortstop Dansby Swanson to second baseman Nico Hoerner to first baseman Michael Busch. Brendan Donovan out at 2nd. Nolan Arenado out at 1st.",R,R,R,STL,CHC,X,6.0,ground_ball,1,0,2024,-1.02,0.51,0.78,2.06,,,680977.0,0,5,Bot,113.12,164.54,,,,,9.083747974890397,-127.0181769262464,-4.182424307948963,-12.780610932019547,22.348254865999028,-25.985876747563022,3.39,1.62,34.0,102.9,-2.0,86.7,2111,5.6,745153,665804,683737,663538,670156,621020,664023,691718,673548,54.93,0.434,0.395,0.0,1.0,0.0,0.0,4.0,35,2,Sinker,0,2,0,2,2,0,0,2,Standard,Standard,211,-0.105,-0.394,,,0.47,0.394,102.9,-2,-2,0.33,0.33,34,33,35,33,2,1,6.0,2.0,8.0,1.0,2.45,1.02,1.02,41.5,,,,,
CU,2024-07-12,74.2,-2.19,6.0,"Hendricks, Kyle",571448,543294,,ball,,,,,13,"Nolan Arenado grounds into a double play, shortstop Dansby Swanson to second baseman Nico Hoerner to first baseman Michael Busch. Brendan Donovan out at 2nd. Nolan Arenado out at 1st.",R,R,R,STL,CHC,B,,,0,0,2024,1.26,-1.01,-0.06,1.1,,,680977.0,0,5,Bot,,,,,,,2.110641019085458,-108.0457550886323,-1.0092728007569285,9.4930828559275,19.60346465256139,-40.11499092925784,3.37,1.61,,,,73.0,3035,5.4,745153,665804,683737,663538,670156,621020,664023,691718,673548,55.05,,,,,,,,35,1,Curveball,0,2,0,2,2,0,0,2,Standard,Standard,44,0.0,0.042,,,,-0.042,,-2,-2,0.33,0.33,34,33,35,33,2,1,6.0,2.0,8.0,1.0,5.16,-1.26,-1.26,43.3,,,,,
CH,2024-07-12,82.2,-2.6,5.93,"Hendricks, Kyle",680977,543294,walk,ball,,,,,14,Brendan Donovan walks.,R,L,R,STL,CHC,B,,,3,2,2024,-1.07,0.71,0.64,1.28,,,,0,5,Bot,,,,,,,9.289435286009972,-119.3775475870415,-5.35438866860663,-11.961058598691132,21.013556257357056,-24.527214681072152,3.29,1.45,,,,81.4,2158,5.6,745153,665804,683737,663538,670156,621020,664023,691718,673548,54.86,,0.689131,0.7,1.0,0.0,0.0,,34,6,Changeup,0,2,0,2,2,0,0,2,Infield shade,Standard,230,0.053,0.371,,,,-0.371,,-2,-2,0.277,0.277,34,27,35,27,2,1,6.0,2.0,8.0,1.0,2.65,1.07,-1.07,44.5,,,,,
CH,2024-07-12,82.7,-2.48,6.01,"Hendricks, Kyle",680977,543294,,ball,,,,,13,Brendan Donovan walks.,R,L,R,STL,CHC,B,,,2,2,2024,-1.14,0.44,-0.17,0.27,,,,0,5,Bot,,,,,,,7.389012380753087,-120.174658629991,-7.414961112520727,-12.416979801442384,20.68476004775794,-26.72861382193266,3.28,1.55,,,,82.0,2262,5.6,745153,665804,683737,663538,670156,621020,664023,691718,673548,54.86,,,,,,,,34,5,Changeup,0,2,0,2,2,0,0,2,Infield shade,Standard,227,0.0,0.107,,,,-0.107,,-2,-2,0.277,0.277,34,27,35,27,2,1,6.0,2.0,8.0,1.0,2.87,1.14,-1.14,44.1,,,,,
CH,2024-07-12,82.1,-2.62,5.98,"Hendricks, Kyle",680977,543294,,swinging_strike,,,,,13,Brendan Donovan walks.,R,L,R,STL,CHC,S,,,2,1,2024,-1.22,0.43,-1.01,1.82,,,,0,5,Bot,,,,,,,5.930804238538663,-119.54993608592828,-3.751620209885514,-12.859901812946203,21.231505286414315,-27.49631018193824,3.29,1.5,,,,81.5,2198,5.7,745153,665804,683737,663538,670156,621020,664023,691718,673548,54.84,,,,,,,,34,4,Changeup,0,2,0,2,2,0,0,2,Standard,Standard,223,0.0,-0.069,70.6,7.8,,0.069,,-2,-2,0.277,0.277,34,27,35,27,2,1,6.0,2.0,8.0,1.0,2.92,1.22,-1.22,42.9,16.371721869155564,-7.958527077713745,30.34947945803292,47.975678690354286,38.40011286806591
CH,2024-07-12,81.6,-2.54,5.94,"Hendricks, Kyle",680977,543294,,ball,,,,,14,Brendan Donovan walks.,R,L,R,STL,CHC,B,,,1,1,2024,-1.27,0.5,0.04,0.89,,,,0,5,Bot,,,,,,,8.149491925313571,-118.5154460068993,-5.689017292653657,-13.53898552410129,21.856191913446622,-26.56289322866373,3.29,1.47,,,,80.7,2167,5.7,745153,665804,683737,663538,670156,621020,664023,691718,673548,54.78,,,,,,,,34,3,Changeup,0,2,0,2,2,0,0,2,Standard,Standard,228,0.0,0.053,,,,-0.053,,-2,-2,0.277,0.277,34,27,35,27,2,1,6.0,2.0,8.0,1.0,2.93,1.27,-1.27,43.6,,,,,
SI,2024-07-12,87.2,-2.48,5.92,"Hendricks, Kyle",680977,543294,,called_strike,,,,,7,Brendan Donovan walks.,R,L,R,STL,CHC,S,,,1,0,2024,-1.06,0.73,-0.3,1.96,,,,0,5,Bot,,,,,,,7.321908049148413,-126.77616357974516,-4.83262452828832,-12.920410266323014,25.221491898394103,-23.480421218910884,3.4,1.62,,,,86.3,1958,5.7,745153,665804,683737,663538,670156,621020,664023,691718,673548,54.82,,,,,,,,34,2,Sinker,0,2,0,2,2,0,0,2,Standard,Standard,215,0.0,-0.049,,,,0.049,,-2,-2,0.277,0.277,34,27,35,27,2,1,6.0,2.0,8.0,1.0,2.26,1.06,-1.06,44.6,,,,,
SI,2024-07-12,87.3,-2.62,5.99,"Hendricks, Kyle",680977,543294,,ball,,,,,11,Brendan Donovan walks.,R,L,R,STL,CHC,B,,,0,0,2024,-1.21,0.41,-1.03,2.55,,,,0,5,Bot,,,,,,,6.254737304306513,-127.03140570150208,-2.976574844142573,-14.379386488509745,24.8959820063844,-27.36179743133421,3.34,1.58,,,,86.5,2016,5.7,745153,665804,683737,663538,670156,621020,664023,691718,673548,54.84,,,,,,,,34,1,Sinker,0,2,0,2,2,0,0,2,Standard,Standard,209,0.0,0.038,,,,-0.038,,-2,-2,0.277,0.277,34,27,35,27,2,1,6.0,2.0,8.0,1.0,2.57,1.21,-1.21,43.5,,,,,
SI,2024-07-12,88.9,-2.17,5.9,"Hendricks, Kyle",502671,543294,strikeout_double_play,foul_tip,,,,,5,"Paul Goldschmidt strikes out on a foul tip and Alec Burleson caught stealing 2nd, catcher Miguel Amaya to second baseman Nico Hoerner to catcher Miguel Amaya.",R,R,R,STL,CHC,S,2.0,,3,2,2024,-0.92,0.69,-0.15,2.23,,,676475.0,1,4,Bot,,,,,,,6.802983668080805,-129.42365478130532,-4.454561876954744,-11.68928171174308,23.47147970195268,-23.66757699732862,3.51,1.56,,,,88.5,2134,5.7,745153,665804,683737,663538,670156,621020,664023,691718,673548,54.79,,0.0,0.0,1.0,0.0,0.0,,29,6,Sinker,0,2,0,2,2,0,0,2,Standard,Standard,214,-0.065,-0.306,75.0,6.7,,0.306,,-2,-2,0.304,0.304,34,36,35,37,2,1,6.0,2.0,8.0,1.0,2.16,0.92,0.92,42.9,-8.200260204805192,27.72231304459904,37.36460052137437,42.25731899042943,5.578666358517914
CH,2024-07-12,80.7,-2.15,5.99,"Hendricks, Kyle",502671,543294,,ball,,,,,14,"Paul Goldschmidt strikes out on a foul tip and Alec Burleson caught stealing 2nd, catcher Miguel Amaya to second baseman Nico Hoerner to catcher Miguel Amaya.",R,R,R,STL,CHC,B,,,2,2,2024,-0.29,0.85,0.4,1.22,,,676475.0,1,4,Bot,,,,,,,6.163016540027615,-117.47343395298196,-5.59612338154266,-3.765893926158145,19.77733293216798,-23.44377242255043,3.6,1.63,,,,80.2,2075,5.7,745153,665804,683737,663538,670156,621020,664023,691718,673548,54.81,,,,,,,,29,5,Changeup,0,2,0,2,2,0,0,2,Standard,Standard,233,0.0,0.077,,,,-0.077,,-2,-2,0.304,0.304,34,36,35,37,2,1,6.0,2.0,8.0,1.0,2.61,0.29,0.29,44.6,,,,,
SI,2024-07-12,88.5,-2.21,5.98,"Hendricks, Kyle",502671,543294,,ball,,,,,11,"Paul Goldschmidt strikes out on a foul tip and Alec Burleson caught stealing 2nd, catcher Miguel Amaya to second baseman Nico Hoerner to catcher Miguel Amaya.",R,R,R,STL,CHC,B,,,1,2,2024,-1.11,0.7,-1.06,2.86,,,676475.0,1,4,Bot,,,,,,,5.050638432496758,-128.9241982140535,-3.0230491735560108,-13.473110751401752,24.472610832996143,-23.93806855352252,3.53,1.56,,,,87.8,2060,5.6,745153,665804,683737,663538,670156,621020,664023,691718,673548,54.91,,,,,,,,29,4,Sinker,0,2,0,2,2,0,0,2,Standard,Standard,214,0.0,0.048,,,,-0.048,,-2,-2,0.304,0.304,34,36,35,37,2,1,6.0,2.0,8.0,1.0,2.18,1.11,1.11,47.2,,,,,
SI,2024-07-12,87.5,-2.1,6.02,"Hendricks, Kyle",502671,543294,,foul,,,,,6,"Paul Goldschmidt strikes out on a foul tip and Alec Burleson caught stealing 2nd, catcher Miguel Amaya to second baseman Nico Hoerner to catcher Miguel Amaya.",R,R,R,STL,CHC,S,,,1,1,2024,-1.07,0.5,0.35,2.4,,,676475.0,1,4,Bot,,,,,,,7.992895862192542,-127.2527720889687,-3.628110033410045,-13.149747491023144,23.660358796694165,-26.23530678707872,3.51,1.56,230.0,78.8,48.0,86.8,2223,5.6,745153,665804,683737,663538,670156,621020,664023,691718,673548,54.85,,,,,,,,29,3,Sinker,0,2,0,2,2,0,0,2,Standard,Standard,208,0.0,-0.059,77.0,7.7,,0.059,88.0,-2,-2,0.304,0.304,34,36,35,37,2,1,6.0,2.0,8.0,1.0,2.46,1.07,1.07,43.8,4.293111529099711,16.194967043913977,33.46839970267031,49.42313488441589,13.103545984871996
SI,2024-07-12,87.7,-2.22,5.93,"Hendricks, Kyle",502671,543294,,ball,,,,,13,"Paul Goldschmidt strikes out on a foul tip and Alec Burleson caught stealing 2nd, catcher Miguel Amaya to second baseman Nico Hoerner to catcher Miguel Amaya.",R,R,R,STL,CHC,B,,,0,1,2024,-1.1,0.75,-1.08,1.37,,,676475.0,1,4,Bot,,,,,,,4.935996611660259,-127.5438996167452,-6.417770121046253,-12.966083000374082,24.287957818278024,-22.898238100554927,3.62,1.61,,,,87.0,2145,5.7,745153,665804,683737,663538,670156,621020,664023,691718,673548,54.8,,,,,,,,29,2,Sinker,0,2,0,2,2,0,0,2,Standard,Standard,212,0.0,0.029,,,,-0.029,,-2,-2,0.304,0.304,34,36,35,37,2,1,6.0,2.0,8.0,1.0,2.2,1.1,1.1,43.4,,,,,
CH,2024-07-12,80.0,-2.26,6.09,"Hendricks, Kyle",502671,543294,,called_strike,,,,,14,"Paul Goldschmidt strikes out on a foul tip and Alec Burleson caught stealing 2nd, catcher Miguel Amaya to second baseman Nico Hoerner to catcher Miguel Amaya.",R,R,R,STL,CHC,S,,,0,0,2024,-0.18,1.14,0.86,2.23,,,676475.0,1,4,Bot,,,,,,,7.12293654338488,-116.32400506336384,-3.9282361857606607,-2.849956165735358,20.22752765995852,-21.27486381322516,3.45,1.62,,,,79.1,1984,5.6,745153,665804,683737,663538,670156,621020,664023,691718,673548,54.93,,,,,,,,29,1,Changeup,0,2,0,2,2,0,0,2,Standard,Standard,224,0.0,-0.04,,,,0.04,,-2,-2,0.304,0.304,34,36,35,37,2,1,6.0,2.0,8.0,1.0,2.41,0.18,0.18,45.0,,,,,
SI,2024-07-12,87.6,-2.27,6.03,"Hendricks, Kyle",575929,543294,field_out,hit_into_play,,,,,11,Willson Contreras pops out to first baseman Michael Busch in foul territory.,R,R,R,STL,CHC,X,3.0,popup,0,0,2024,-1.13,0.7,-0.93,3.22,,,676475.0,0,4,Bot,142.22,194.67,,,,,5.468044679876321,-127.54473121244166,-2.1544875874004257,-13.392355668396323,23.970567818304406,-24.214183204367256,3.46,1.53,45.0,64.2,79.0,86.9,2045,5.6,745153,665804,683737,663538,670156,621020,664023,691718,673548,54.87,0.006,0.006,0.0,1.0,0.0,0.0,3.0,28,1,Sinker,0,2,0,2,2,0,0,2,Standard,Standard,212,-0.043,-0.246,73.0,7.1,0.007,0.246,88.0,-2,-2,0.347,0.347,34,32,35,32,2,1,6.0,2.0,8.0,1.0,2.24,1.13,1.13,44.0,12.328464707521777,7.094301583717053,30.66455755253997,31.12874048760734,20.90047960862151
CH,2024-07-12,81.4,-2.64,6.01,"Hendricks, Kyle",676475,543294,single,hit_into_play,,,,,13,Alec Burleson singles on a line drive to right fielder Seiya Suzuki.,R,L,R,STL,CHC,X,9.0,line_drive,0,1,2024,-1.24,0.67,-1.0,1.49,,,,0,4,Bot,147.88,93.78,,,,,5.988351762334304,-118.371688384521,-4.795865090362415,-12.787579415977168,21.314580223853543,-25.207803863545337,3.41,1.55,205.0,75.5,19.0,80.5,2216,5.6,745153,665804,683737,663538,670156,621020,664023,691718,673548,54.9,0.966,0.893,0.9,1.0,1.0,0.0,4.0,27,2,Changeup,0,2,0,2,2,0,0,2,Standard,Standard,225,0.047,0.485,68.2,8.5,1.059,-0.485,88.0,-2,-2,0.3,0.3,34,25,35,26,2,1,6.0,2.0,8.0,1.0,2.76,1.24,-1.24,43.6,19.640255094895444,-0.1218209932239416,38.705508790215006,41.48522005757892,36.041117207996216
SI,2024-07-12,87.1,-2.54,5.95,"Hendricks, Kyle",676475,543294,,called_strike,,,,,6,Alec Burleson singles on a line drive to right fielder Seiya Suzuki.,R,L,R,STL,CHC,S,,,0,0,2024,-0.91,0.69,0.65,2.3,,,,0,4,Bot,,,,,,,9.41674501252681,-126.53058699191882,-4.039514563962491,-11.54739612955462,22.5003910028208,-24.083215495075056,3.45,1.65,,,,86.5,2134,5.7,745153,665804,683737,663538,670156,621020,664023,691718,673548,54.76,,,,,,,,27,1,Sinker,0,2,0,2,2,0,0,2,Standard,Standard,208,0.0,-0.037,,,,0.037,,-2,-2,0.3,0.3,34,25,35,26,2,1,6.0,2.0,8.0,1.0,2.29,0.91,-0.91,43.0,,,,,
SI,2024-07-12,87.9,-2.2,5.94,"Hendricks, Kyle",691026,543294,field_out,hit_into_play,,,,,11,Masyn Winn pops out to first baseman Michael Busch in foul territory.,R,R,R,STL,CHC,X,3.0,popup,0,1,2024,-1.06,0.47,-1.07,2.54,,,663457.0,2,3,Bot,144.66,195.15,,,,,4.867575721716091,-127.98931310159084,-3.147489887004252,-12.620000457342782,23.39526026131135,-26.58003680281426,3.42,1.54,49.0,42.9,73.0,87.2,2027,5.6,745153,665804,683737,663538,670156,621020,664023,691718,673548,54.91,0.017,0.022,0.0,1.0,0.0,0.0,1.0,21,2,Sinker,0,1,0,1,1,0,0,1,Standard,Standard,209,-0.028,-0.224,69.5,6.5,0.025,0.224,88.0,-1,-1,0.399,0.399,34,22,35,22,2,1,6.0,2.0,8.0,1.0,2.45,1.06,1.06,42.1,0.1813828681160587,0.7999821758225497,35.27722287515677,17.00455330451439,30.88968454762994
CH,2024-07-12,80.6,-2.15,6.06,"Hendricks, Kyle",691026,543294,,called_strike,,,,,6,Masyn Winn pops out to first baseman Michael Busch in foul territory.,R,R,R,STL,CHC,S,,,0,0,2024,-0.13,1.03,0.82,2.71,,,663457.0,2,3,Bot,,,,,,,6.763214515016925,-117.2989735941239,-2.774171161111494,-2.3629144687832517,20.12998949304141,-22.28910241532132,3.42,1.58,,,,79.9,2066,5.6,745153,665804,683737,663538,670156,621020,664023,691718,673548,54.88,,,,,,,,21,1,Changeup,0,1,0,1,1,0,0,1,Standard,Standard,229,0.0,-0.047,,,,0.047,,-1,-1,0.399,0.399,34,22,35,22,2,1,6.0,2.0,8.0,1.0,2.45,0.13,0.13,43.2,,,,,
SI,2024-07-12,87.7,-2.22,5.94,"Hendricks, Kyle",672279,543294,field_out,hit_into_play,,,,,7,Michael Siani flies out to center fielder Pete Crow-Armstrong.,R,L,R,STL,CHC,X,8.0,fly_ball,0,0,2024,-1.09,0.61,-0.57,1.83,,,663457.0,1,3,Bot,84.76,74.75,,,,,6.174092223283283,-127.65191658986748,-5.101314968443381,-13.123128773570809,23.9040747133517,-24.692458202992952,3.35,1.52,324.0,88.7,32.0,87.1,2107,5.7,745153,665804,683737,663538,670156,621020,664023,691718,673548,54.81,0.046,0.06,0.0,1.0,0.0,0.0,3.0,20,1,Sinker,0,1,0,1,1,0,0,1,Standard,Standard,212,-0.034,-0.255,70.6,7.6,0.099,0.255,88.7,-1,-1,0.433,0.433,34,24,35,25,1,0,6.0,2.0,8.0,1.0,2.33,1.09,-1.09,43.1,5.942855953030729,-0.3104015954419666,35.95758146823515,41.67299794418984,29.3076677193134
CH,2024-07-12,81.3,-2.25,6.0,"Hendricks, Kyle",669357,543294,strikeout,swinging_strike,,,,,8,Nolan Gorman strikes out swinging.,R,L,R,STL,CHC,S,2.0,,0,2,2024,-1.05,0.72,-0.02,1.62,,,663457.0,0,3,Bot,,,,,,,6.899904204517259,-118.2650064652205,-4.56351969639662,-11.118017360295072,22.010082841280155,-24.74259620514328,3.5,1.54,,,,80.4,2006,5.7,745153,665804,683737,663538,670156,621020,664023,691718,673548,54.83,,0.0,0.0,1.0,0.0,0.0,,19,3,Changeup,0,1,0,1,1,0,0,1,Infield shade,Standard,227,-0.041,-0.15,72.2,8.6,,0.15,,-1,-1,0.474,0.474,34,24,35,24,1,0,6.0,2.0,8.0,1.0,2.72,1.05,-1.05,43.4,38.24376925478976,-41.80793470155179,39.75823890643,36.97001087175264,64.33885397992721
SI,2024-07-12,87.1,-2.27,5.92,"Hendricks, Kyle",669357,543294,,foul,,,,,13,Nolan Gorman strikes out swinging.,R,L,R,STL,CHC,S,,,0,1,2024,-1.09,0.47,-1.06,1.8,,,663457.0,0,3,Bot,,,,,,,5.074490578853151,-126.83086036712274,-4.686377662075791,-12.76546668942286,24.94959172298824,-26.360576528933034,3.5,1.54,174.0,70.0,58.0,86.3,2061,5.7,745153,665804,683737,663538,670156,621020,664023,691718,673548,54.82,,,,,,,,19,2,Sinker,0,1,0,1,1,0,0,1,Infield shade,Standard,213,0.0,-0.048,82.6,8.0,,0.048,88.0,-1,-1,0.474,0.474,34,24,35,24,1,0,6.0,2.0,8.0,1.0,2.52,1.09,-1.09,41.4,19.416180486674158,-9.263224033368612,36.000269212226655,48.99299307409248,35.24243773984627
SI,2024-07-12,86.4,-2.31,6.01,"Hendricks, Kyle",669357,543294,,swinging_strike,,,,,13,Nolan Gorman strikes out swinging.,R,L,R,STL,CHC,S,,,0,0,2024,-1.05,0.36,-1.06,2.35,,,663457.0,0,3,Bot,,,,,,,5.066438170671372,-125.7499626306574,-3.2313107058598605,-12.186712735864155,24.34834379909214,-27.913660586319622,3.5,1.54,,,,85.5,2059,5.6,745153,665804,683737,663538,670156,621020,664023,691718,673548,54.88,,,,,,,,19,1,Sinker,0,1,0,1,1,0,0,1,Standard,Standard,212,0.0,-0.042,45.0,7.0,,0.042,,-1,-1,0.474,0.474,34,24,35,24,1,0,6.0,2.0,8.0,1.0,2.68,1.05,-1.05,42.8,13.829578248354103,21.605268254591213,32.30973938028721,50.269570403827856,21.66909214447893
SI,2024-07-12,87.3,-2.59,5.98,"Hendricks, Kyle",663457,543294,single,hit_into_play,,,,,1,Lars Nootbaar singles on a ground ball to left fielder Ian Happ.,R,L,R,STL,CHC,X,7.0,ground_ball,2,1,2024,-0.9,0.67,-0.3,2.95,,,,0,3,Bot,70.04,113.26,,,,,7.257526848723553,-127.0401513937621,-2.600023848746825,-11.097020142127146,21.835672761033926,-24.51935416824445,3.49,1.58,79.0,95.7,2.0,86.9,2019,5.7,745153,665804,683737,663538,670156,621020,664023,691718,673548,54.81,0.46,0.422,0.9,1.0,1.0,0.0,4.0,18,4,Sinker,0,1,0,1,1,0,0,1,Standard,Standard,212,0.044,0.407,67.8,5.7,0.522,-0.407,95.7,-1,-1,0.43,0.43,34,26,35,27,1,0,6.0,2.0,8.0,1.0,2.28,0.9,-0.9,44.3,-9.08670414455723,20.53089103942641,29.87753395534218,37.47005172760818,13.508107283387766
CH,2024-07-12,81.4,-2.56,5.99,"Hendricks, Kyle",663457,543294,,ball,,,,,13,Lars Nootbaar singles on a ground ball to left fielder Ian Happ.,R,L,R,STL,CHC,B,,,1,1,2024,-1.13,0.72,-0.51,0.84,,,,0,3,Bot,,,,,,,6.676237955291658,-118.34518860014424,-6.287551849208857,-11.834836163937968,20.90023103416801,-24.45326684268391,3.52,1.53,,,,80.7,2225,5.7,745153,665804,683737,663538,670156,621020,664023,691718,673548,54.84,,,,,,,,18,3,Changeup,0,1,0,1,1,0,0,1,Standard,Standard,224,0.0,0.053,,,,-0.053,,-1,-1,0.43,0.43,34,26,35,27,1,0,6.0,2.0,8.0,1.0,2.71,1.13,-1.13,42.9,,,,,
SI,2024-07-12,87.3,-2.59,5.99,"Hendricks, Kyle",663457,543294,,called_strike,,,,,4,Lars Nootbaar singles on a ground ball to left fielder Ian Happ.,R,L,R,STL,CHC,S,,,1,0,2024,-1.1,0.63,-0.82,2.36,,,,0,3,Bot,,,,,,,6.421972423370195,-127.00281476609808,-3.9122359137124714,-13.171988714113343,23.233773573584912,-24.71574047776247,3.75,1.69,,,,86.7,2101,5.7,745153,665804,683737,663538,670156,621020,664023,691718,673548,54.81,,,,,,,,18,2,Sinker,0,1,0,1,1,0,0,1,Standard,Standard,211,0.0,-0.049,,,,0.049,,-1,-1,0.43,0.43,34,26,35,27,1,0,6.0,2.0,8.0,1.0,2.33,1.1,-1.1,44.7,,,,,
FF,2024-07-12,87.7,-2.68,5.93,"Hendricks, Kyle",663457,543294,,ball,,,,,13,Lars Nootbaar singles on a ground ball to left fielder Ian Happ.,R,L,R,STL,CHC,B,,,0,0,2024,-0.54,1.26,-0.05,1.35,,,,0,3,Bot,,,,,,,7.37962008216162,-127.3457947683305,-7.450310040305032,-7.319096563313093,24.89936975788884,-17.124507950202833,3.84,1.71,,,,86.7,2127,5.7,745153,665804,683737,663538,670156,621020,664023,691718,673548,54.81,,,,,,,,18,1,4-Seam Fastball,0,1,0,1,1,0,0,1,Standard,Standard,215,0.0,0.038,,,,-0.038,,-1,-1,0.43,0.43,34,26,35,27,1,0,6.0,2.0,8.0,1.0,1.71,0.54,-0.54,41.7,,,,,
SI,2024-07-12,89.7,-2.49,5.95,"Hendricks, Kyle",571448,543294,field_out,hit_into_play,,,,,2,Nolan Arenado flies out to left fielder Ian Happ.,R,R,R,STL,CHC,X,7.0,fly_ball,2,2,2024,-0.92,0.49,0.23,2.94,,,,2,2,Bot,71.01,100.47,,,,,8.539503118172501,-130.45565720651658,-2.562497887788964,-12.159200779995494,22.95933432700445,-26.16675533475021,3.39,1.62,280.0,96.0,52.0,89.2,2106,5.6,745153,665804,683737,663538,670156,621020,664023,691718,673548,54.87,0.009,0.011,0.0,1.0,0.0,0.0,3.0,12,6,Sinker,0,0,0,0,0,0,0,0,Standard,Standard,210,-0.011,-0.219,75.6,8.5,0.016,0.219,96.0,0,0,0.511,0.511,34,33,35,33,1,0,6.0,2.0,8.0,1.0,2.3,0.92,0.92,43.3,13.47636585584019,-14.738475810447213,28.51492423444129,40.39731424167071,37.81872129705226
CH,2024-07-12,81.3,-2.49,6.05,"Hendricks, Kyle",571448,543294,,ball,,,,,14,Nolan Arenado flies out to left fielder Ian Happ.,R,R,R,STL,CHC,B,,,1,2,2024,0.01,0.83,0.82,0.14,,,,2,2,Bot,,,,,,,7.301543437560674,-118.08303563867165,-8.221599352649724,-1.0057463823203028,18.27308748048785,-23.151891698967976,3.3,1.63,,,,81.0,2122,5.8,745153,665804,683737,663538,670156,621020,664023,691718,673548,54.73,,,,,,,,12,5,Changeup,0,0,0,0,0,0,0,0,Standard,Standard,228,0.0,0.039,,,,-0.039,,0,0,0.511,0.511,34,33,35,33,1,0,6.0,2.0,8.0,1.0,2.58,-0.01,-0.01,44.4,,,,,
CU,2024-07-12,76.6,-2.44,5.99,"Hendricks, Kyle",571448,543294,,ball,,,,,14,Nolan Arenado flies out to left fielder Ian Happ.,R,R,R,STL,CHC,B,,,0,2,2024,1.33,-0.89,1.22,0.85,,,,2,2,Bot,,,,,,,5.262010629355328,-111.45904940776092,-2.1679000379113904,9.939985126479383,21.98480331672896,-39.32262481956028,3.47,1.69,,,,75.2,3142,5.5,745153,665804,683737,663538,670156,621020,664023,691718,673548,54.99,,,,,,,,12,4,Curveball,0,0,0,0,0,0,0,0,Standard,Standard,38,0.0,0.023,,,,-0.023,,0,0,0.511,0.511,34,33,35,33,1,0,6.0,2.0,8.0,1.0,4.8,-1.33,-1.33,43.5,,,,,
FF,2024-07-12,88.9,-2.65,5.98,"Hendricks, Kyle",571448,543294,,foul,,,,,3,Nolan Arenado flies out to left fielder Ian Happ.,R,R,R,STL,CHC,S,,,0,2,2024,-0.4,1.06,0.63,3.47,,,,2,2,Bot,,,,,,,8.77582211390818,-129.2966531089294,-2.3647886673944223,-6.162906273314192,24.00150907623156,-19.871264271392462,3.39,1.62,236.0,71.3,39.0,88.2,2144,5.6,745153,665804,683737,663538,670156,621020,664023,691718,673548,54.86,,,,,,,,12,3,4-Seam Fastball,0,0,0,0,0,0,0,0,Standard,Standard,217,0.0,0.0,64.5,7.2,,0.0,88.0,0,0,0.511,0.511,34,33,35,33,1,0,6.0,2.0,8.0,1.0,1.8,0.4,0.4,43.5,0.0375011495114462,19.48054471254299,24.922420772957683,45.24842543772897,17.71369694622222
SI,2024-07-12,89.2,-2.55,5.98,"Hendricks, Kyle",571448,543294,,foul,,,,,13,Nolan Arenado flies out to left fielder Ian Happ.,R,R,R,STL,CHC,S,,,0,1,2024,-0.93,0.68,-1.28,1.97,,,,2,2,Bot,,,,,,,5.019957899056739,-129.79365923887352,-5.265138968989461,-11.543779257676476,25.052643277109045,-23.56057709169856,3.39,1.62,5.0,85.9,-22.0,88.5,2107,5.7,745153,665804,683737,663538,670156,621020,664023,691718,673548,54.83,,,,,,,,12,2,Sinker,0,0,0,0,0,0,0,0,Standard,Standard,210,0.0,-0.058,76.1,8.1,,0.058,88.0,0,0,0.511,0.511,34,33,35,33,1,0,6.0,2.0,8.0,1.0,2.16,0.93,0.93,44.3,14.552774358795917,-12.412800379904317,41.05779751092325,21.7213182726695,35.67875039026166
SI,2024-07-12,89.2,-2.48,5.97,"Hendricks, Kyle",571448,543294,,called_strike,,,,,3,Nolan Arenado flies out to left fielder Ian Happ.,R,R,R,STL,CHC,S,,,0,0,2024,-0.86,0.65,0.38,3.16,,,,2,2,Bot,,,,,,,8.727259175432371,-129.72387214590356,-2.280078670627061,-11.391944771251206,24.36122463554296,-24.539983788597908,3.45,1.69,,,,88.5,2105,5.7,745153,665804,683737,663538,670156,621020,664023,691718,673548,54.84,,,,,,,,12,1,Sinker,0,0,0,0,0,0,0,0,Standard,Standard,211,0.0,-0.041,,,,0.041,,0,0,0.511,0.511,34,33,35,33,1,0,6.0,2.0,8.0,1.0,2.2,0.86,0.86,45.1,,,,,
CU,2024-07-12,75.7,-2.6,6.01,"Hendricks, Kyle",680977,543294,field_out,hit_into_play,,,,,9,Brendan Donovan lines out to right fielder Seiya Suzuki.,R,L,R,STL,CHC,X,9.0,line_drive,0,0,2024,1.3,-0.73,0.3,1.67,,,,1,2,Bot,204.0,85.79,,,,,3.6790776388597366,-110.25829634623727,-0.6670989507128842,9.908395218496503,20.221576591393656,-38.188528650973446,3.29,1.5,338.0,96.1,24.0,74.6,3052,5.5,745153,665804,683737,663538,670156,621020,664023,691718,673548,54.98,0.217,0.276,0.0,1.0,0.0,0.0,5.0,11,1,Curveball,0,0,0,0,0,0,0,0,Standard,Standard,41,-0.016,-0.256,70.7,7.7,0.456,0.256,96.1,0,0,0.527,0.527,34,27,35,27,1,0,6.0,2.0,8.0,1.0,4.71,-1.3,1.3,45.3,12.963057134875257,-9.730802230322672,36.28467999784816,32.79485451435616,35.15202628639737
SI,2024-07-12,89.7,-2.52,5.95,"Hendricks, Kyle",502671,543294,field_out,hit_into_play,,,,,5,Paul Goldschmidt flies out to center fielder Pete Crow-Armstrong.,R,R,R,STL,CHC,X,8.0,fly_ball,3,2,2024,-1.17,0.78,0.07,2.63,,,,0,2,Bot,145.62,51.2,,,,,8.78512964331922,-130.32023584826666,-3.856148428581004,-15.14908077149492,26.358989987316487,-22.62759958398288,3.51,1.56,369.0,96.3,34.0,88.8,2159,5.7,745153,665804,683737,663538,670156,621020,664023,691718,673548,54.78,0.183,0.35,0.0,1.0,0.0,0.0,3.0,10,8,Sinker,0,0,0,0,0,0,0,0,Standard,Standard,212,-0.023,-0.333,78.3,8.0,0.667,0.333,96.3,0,0,0.55,0.55,34,36,35,37,1,0,6.0,2.0,8.0,1.0,2.05,1.17,1.17,42.8,9.21101016062078,-1.2236704298031096,28.61445595916052,45.65698184681518,20.071225490359943
CH,2024-07-12,82.7,-2.58,5.99,"Hendricks, Kyle",502671,543294,,ball,,,,,14,Paul Goldschmidt flies out to center fielder Pete Crow-Armstrong.,R,R,R,STL,CHC,B,,,2,2,2024,-0.19,0.66,1.12,0.28,,,,0,2,Bot,,,,,,,8.69408267271332,-120.09143899353128,-7.733167914714758,-3.4299436978639624,21.55031381922503,-24.52413030705786,3.65,1.7,,,,82.0,2258,5.8,745153,665804,683737,663538,670156,621020,664023,691718,673548,54.75,,,,,,,,10,7,Changeup,0,0,0,0,0,0,0,0,Standard,Standard,232,0.0,0.107,,,,-0.107,,0,0,0.55,0.55,34,36,35,37,1,0,6.0,2.0,8.0,1.0,2.67,0.19,0.19,44.9,,,,,
SI,2024-07-12,89.2,-2.66,5.99,"Hendricks, Kyle",502671,543294,,foul,,,,,13,Paul Goldschmidt flies out to center fielder Pete Crow-Armstrong.,R,R,R,STL,CHC,S,,,2,2,2024,-0.87,0.76,-0.91,2.5,,,,0,2,Bot,,,,,,,6.03421532723846,-129.81170364108667,-4.174822818411274,-11.024430039306708,25.02581620082352,-22.938194742366782,3.51,1.56,131.0,63.2,63.0,88.5,2095,5.6,745153,665804,683737,663538,670156,621020,664023,691718,673548,54.85,,,,,,,,10,6,Sinker,0,0,0,0,0,0,0,0,Standard,Standard,210,0.0,0.0,72.5,6.7,,0.0,88.0,0,0,0.55,0.55,34,36,35,37,1,0,6.0,2.0,8.0,1.0,2.09,0.87,0.87,43.5,0.6950261662711873,6.742739906923593,34.61752359223592,33.180439149345155,18.25237218860742
SI,2024-07-12,88.6,-2.52,5.99,"Hendricks, Kyle",502671,543294,,foul,,,,,5,Paul Goldschmidt flies out to center fielder Pete Crow-Armstrong.,R,R,R,STL,CHC,S,,,2,2,2024,-1.0,0.3,-0.16,2.67,,,,0,2,Bot,,,,,,,7.738762773038612,-128.90535140406166,-2.7009558769051907,-12.733211150107884,24.34349712677025,-28.457340920416343,3.51,1.56,219.0,70.9,30.0,87.8,2115,5.6,745153,665804,683737,663538,670156,621020,664023,691718,673548,54.88,,,,,,,,10,5,Sinker,0,0,0,0,0,0,0,0,Standard,Standard,210,0.0,0.0,73.0,7.0,,0.0,88.0,0,0,0.55,0.55,34,36,35,37,1,0,6.0,2.0,8.0,1.0,2.58,1.0,1.0,43.5,-1.2115881862336897,15.592200043972785,33.77957919603724,42.44506881355669,10.219911495663098
CH,2024-07-12,82.4,-2.49,6.02,"Hendricks, Kyle",502671,543294,,ball,,,,,14,Paul Goldschmidt flies out to center fielder Pete Crow-Armstrong.,R,R,R,STL,CHC,B,,,1,2,2024,-0.07,0.88,1.09,-0.15,,,,0,2,Bot,,,,,,,8.148848409827885,-119.56752499663985,-9.137388653925887,-2.084694679691608,20.689789360845563,-22.229349362955645,3.55,1.65,,,,81.8,2231,5.8,745153,665804,683737,663538,670156,621020,664023,691718,673548,54.71,,,,,,,,10,4,Changeup,0,0,0,0,0,0,0,0,Standard,Standard,226,0.0,0.04,,,,-0.04,,0,0,0.55,0.55,34,36,35,37,1,0,6.0,2.0,8.0,1.0,2.47,0.07,0.07,45.0,,,,,
SI,2024-07-12,88.7,-2.58,5.96,"Hendricks, Kyle",502671,543294,,called_strike,,,,,6,Paul Goldschmidt flies out to center fielder Pete Crow-Armstrong.,R,R,R,STL,CHC,S,,,1,1,2024,-0.96,0.58,0.49,2.28,,,,0,2,Bot,,,,,,,9.377246062808153,-128.94074189082366,-4.170740989034486,-12.502726371293363,24.1122272596892,-24.970602027432115,3.57,1.56,,,,88.1,2121,5.7,745153,665804,683737,663538,670156,621020,664023,691718,673548,54.77,,,,,,,,10,3,Sinker,0,0,0,0,0,0,0,0,Standard,Standard,207,0.0,-0.056,,,,0.056,,0,0,0.55,0.55,34,36,35,37,1,0,6.0,2.0,8.0,1.0,2.29,0.96,0.96,43.6,,,,,
CH,2024-07-12,81.9,-2.51,6.07,"Hendricks, Kyle",502671,543294,,ball,,,,,14,Paul Goldschmidt flies out to center fielder Pete Crow-Armstrong.,R,R,R,STL,CHC,B,,,0,1,2024,-1.08,0.65,1.61,0.3,,,,0,2,Bot,,,,,,,11.179789350353186,-118.6479059705348,-7.646905947686756,-12.170387396851815,20.26633656959049,-24.74130253522208,3.54,1.64,,,,81.0,2246,5.7,745153,665804,683737,663538,670156,621020,664023,691718,673548,54.8,,,,,,,,10,2,Changeup,0,0,0,0,0,0,0,0,Standard,Standard,225,0.0,0.025,,,,-0.025,,0,0,0.55,0.55,34,36,35,37,1,0,6.0,2.0,8.0,1.0,2.75,1.08,1.08,45.9,,,,,
SI,2024-07-12,88.3,-2.5,5.99,"Hendricks, Kyle",502671,543294,,called_strike,,,,,5,Paul Goldschmidt flies out to center fielder Pete Crow-Armstrong.,R,R,R,STL,CHC,S,,,0,0,2024,-1.1,0.73,-0.25,2.2,,,,0,2,Bot,,,,,,,7.687753994821499,-128.4830498470418,-4.695992314413946,-13.731074402775924,23.12163986385375,-23.34471170806897,3.5,1.6,,,,87.9,2144,5.7,745153,665804,683737,663538,670156,621020,664023,691718,673548,54.78,,,,,,,,10,1,Sinker,0,0,0,0,0,0,0,0,Standard,Standard,204,0.0,-0.037,,,,0.037,,0,0,0.55,0.55,34,36,35,37,1,0,6.0,2.0,8.0,1.0,2.17,1.1,1.1,43.5,,,,,
CU,2024-07-12,75.7,-2.58,6.05,"Hendricks, Kyle",575929,543294,single,hit_into_play,,,,,14,"Willson Contreras singles on a ground ball to right fielder Seiya Suzuki. Willson Contreras out at 2nd on the throw, right fielder Seiya Suzuki to shortstop Dansby Swanson.",R,R,R,STL,CHC,X,9.0,ground_ball,1,2,2024,1.13,-1.13,0.88,2.32,,,,2,1,Bot,160.52,90.9,,,,,5.132515937202006,-110.14690318003014,1.3566587844769722,8.126809429552557,21.300616611478294,-41.833139447251526,3.46,1.53,153.0,101.9,7.0,74.4,3027,5.5,745153,665804,683737,663538,670156,621020,664023,691718,673548,55.0,0.666,0.616,0.9,1.0,1.0,0.0,4.0,6,4,Curveball,0,0,0,0,0,0,0,0,Standard,Standard,41,-0.01,0.408,74.0,7.2,0.748,-0.408,101.9,0,0,0.51,0.51,34,32,35,32,1,0,6.0,2.0,8.0,1.0,5.14,-1.13,-1.13,44.3,1.2756373552070182,15.37937228528697,31.44340161957293,51.19599800445002,20.271329273084177
CH,2024-07-12,81.7,-2.48,6.09,"Hendricks, Kyle",575929,543294,,foul,,,,,9,"Willson Contreras singles on a ground ball to right fielder Seiya Suzuki. Willson Contreras out at 2nd on the throw, right fielder Seiya Suzuki to shortstop Dansby Swanson.",R,R,R,STL,CHC,S,,,1,1,2024,-0.09,0.71,0.81,1.59,,,,2,1,Bot,,,,,,,7.478073622267459,-118.84212169814258,-4.947027282834821,-2.109510015310736,20.397349799513723,-24.678353435406805,3.46,1.53,1.0,50.4,-55.0,81.1,2156,5.6,745153,665804,683737,663538,670156,621020,664023,691718,673548,54.87,,,,,,,,6,3,Changeup,0,0,0,0,0,0,0,0,Standard,Standard,229,0.0,-0.064,74.7,8.7,,0.064,88.0,0,0,0.51,0.51,34,32,35,32,1,0,6.0,2.0,8.0,1.0,2.68,0.09,0.09,45.5,25.778328534427065,-7.076633973570185,34.417611659446905,49.33845635822208,33.46494822810804
CU,2024-07-12,74.3,-2.61,6.01,"Hendricks, Kyle",575929,543294,,called_strike,,,,,1,"Willson Contreras singles on a ground ball to right fielder Seiya Suzuki. Willson Contreras out at 2nd on the throw, right fielder Seiya Suzuki to shortstop Dansby Swanson.",R,R,R,STL,CHC,S,,,1,0,2024,1.25,-0.82,-0.74,3.03,,,,2,1,Bot,,,,,,,1.6302013493254,-108.21784443502888,2.4923708702950407,9.52807503203277,19.174368063956507,-39.26491672455481,3.46,1.57,,,,73.3,2939,5.5,745153,665804,683737,663538,670156,621020,664023,691718,673548,54.97,,,,,,,,6,2,Curveball,0,0,0,0,0,0,0,0,Standard,Standard,47,0.0,-0.051,,,,0.051,,0,0,0.51,0.51,34,32,35,32,1,0,6.0,2.0,8.0,1.0,4.95,-1.25,-1.25,44.3,,,,,
SI,2024-07-12,88.0,-2.51,6.0,"Hendricks, Kyle",575929,543294,,ball,,,,,2,"Willson Contreras singles on a ground ball to right fielder Seiya Suzuki. Willson Contreras out at 2nd on the throw, right fielder Seiya Suzuki to shortstop Dansby Swanson.",R,R,R,STL,CHC,B,,,0,0,2024,-0.87,0.74,0.01,3.65,,,,2,1,Bot,,,,,,,7.813906625436178,-128.0161105225638,-1.1792936955888944,-11.059365990203966,24.21063391155619,-23.902933318490778,3.54,1.6,,,,87.3,1994,5.6,745153,665804,683737,663538,670156,621020,664023,691718,673548,54.85,,,,,,,,6,1,Sinker,0,0,0,0,0,0,0,0,Standard,Standard,205,0.0,0.04,,,,-0.04,,0,0,0.51,0.51,34,32,35,32,1,0,6.0,2.0,8.0,1.0,2.18,0.87,0.87,44.3,,,,,
CU,2024-07-12,75.9,-2.62,6.02,"Hendricks, Kyle",676475,543294,strikeout,called_strike,,,,,4,Alec Burleson called out on strikes.,R,L,R,STL,CHC,S,2.0,,2,2,2024,0.99,-1.09,-0.79,2.53,,,,1,1,Bot,,,,,,,2.02563819628502,-110.39956478516716,1.7476577696792948,7.647332195157005,21.37542405079171,-41.61804940666142,3.29,1.55,,,,74.5,3017,5.4,745153,665804,683737,663538,670156,621020,664023,691718,673548,55.05,,0.0,0.0,1.0,0.0,0.0,,5,5,Curveball,0,0,0,0,0,0,0,0,Infield shade,Standard,42,-0.016,-0.225,,,,0.225,,0,0,0.526,0.526,34,25,35,26,1,0,6.0,2.0,8.0,1.0,5.08,-0.99,0.99,45.5,,,,,
CH,2024-07-12,82.1,-2.63,6.14,"Hendricks, Kyle",676475,543294,,ball,,,,,11,Alec Burleson called out on strikes.,R,L,R,STL,CHC,B,,,1,2,2024,-1.16,0.64,-2.23,3.11,,,,1,1,Bot,,,,,,,3.0904744459306563,-119.50972826182716,-1.542675459755058,-11.68691728943641,23.25883278102651,-25.96636063006856,3.37,1.6,,,,81.0,2077,5.6,745153,665804,683737,663538,670156,621020,664023,691718,673548,54.94,,,,,,,,5,4,Changeup,0,0,0,0,0,0,0,0,Infield shade,Standard,219,0.0,0.043,,,,-0.043,,0,0,0.526,0.526,34,25,35,26,1,0,6.0,2.0,8.0,1.0,2.74,1.16,-1.16,43.7,,,,,
SI,2024-07-12,88.4,-2.55,5.96,"Hendricks, Kyle",676475,543294,,foul,,,,,4,Alec Burleson called out on strikes.,R,L,R,STL,CHC,S,,,1,1,2024,-1.07,0.74,-0.79,2.53,,,,1,1,Bot,,,,,,,6.447794142347468,-128.6469184630464,-3.8735302196756383,-13.221367015475892,23.558158324886723,-23.298114084843164,3.41,1.55,121.0,75.4,10.0,87.9,2038,5.7,745153,665804,683737,663538,670156,621020,664023,691718,673548,54.8,,,,,,,,5,3,Sinker,0,0,0,0,0,0,0,0,Standard,Standard,208,0.0,-0.061,75.8,7.9,,0.061,88.0,0,0,0.526,0.526,34,25,35,26,1,0,6.0,2.0,8.0,1.0,2.14,1.07,-1.07,43.7,13.616137688118837,-5.236908227279166,33.2897909685023,39.63292408958518,34.96767799455668
CH,2024-07-12,82.2,-2.57,6.05,"Hendricks, Kyle",676475,543294,,ball,,,,,13,Alec Burleson called out on strikes.,R,L,R,STL,CHC,B,,,0,1,2024,-0.99,0.77,-0.15,1.3,,,,1,1,Bot,,,,,,,7.288913854132279,-119.44216892206236,-5.700364091238043,-10.813998565086486,20.55392225314103,-23.913407780139195,3.48,1.64,,,,81.5,2169,5.7,745153,665804,683737,663538,670156,621020,664023,691718,673548,54.84,,,,,,,,5,2,Changeup,0,0,0,0,0,0,0,0,Standard,Standard,222,0.0,0.024,,,,-0.024,,0,0,0.526,0.526,34,25,35,26,1,0,6.0,2.0,8.0,1.0,2.58,0.99,-0.99,46.4,,,,,
FF,2024-07-12,87.2,-2.74,5.9,"Hendricks, Kyle",676475,543294,,called_strike,,,,,13,Alec Burleson called out on strikes.,R,L,R,STL,CHC,S,,,0,0,2024,-0.18,1.23,-0.84,2.53,,,,1,1,Bot,,,,,,,4.901427698638789,-126.97874943130516,-4.539081620441483,-2.8429089342449463,21.77085961591053,-18.1030147567193,3.55,1.58,,,,87.0,2099,5.7,745153,665804,683737,663538,670156,621020,664023,691718,673548,54.76,,,,,,,,5,1,4-Seam Fastball,0,0,0,0,0,0,0,0,Standard,Standard,215,0.0,-0.037,,,,0.037,,0,0,0.526,0.526,34,25,35,26,1,0,6.0,2.0,8.0,1.0,1.73,0.18,-0.18,39.2,,,,,
SI,2024-07-12,89.1,-2.56,6.0,"Hendricks, Kyle",691026,543294,field_out,hit_into_play,,,,,4,Masyn Winn pops out to second baseman Nico Hoerner.,R,R,R,STL,CHC,X,4.0,popup,3,1,2024,-1.13,0.63,-0.52,2.64,,,,0,1,Bot,128.15,116.69,,,,,7.273970286604101,-129.643953021329,-3.61095802137017,-14.148320393045978,23.27047500713373,-24.469193910377573,3.42,1.54,208.0,64.9,34.0,88.5,2076,5.6,745153,665804,683737,663538,670156,621020,664023,691718,673548,54.88,0.794,0.751,0.0,1.0,0.0,0.0,4.0,4,5,Sinker,0,0,0,0,0,0,0,0,Standard,Standard,210,-0.021,-0.418,73.5,6.9,0.891,0.418,88.0,0,0,0.547,0.547,34,22,35,22,1,0,6.0,2.0,8.0,1.0,2.21,1.13,1.13,43.0,4.977526056483717,-1.1660442958974186,32.29911367644973,23.018217158049776,31.232589111959044
CH,2024-07-12,81.3,-2.46,6.03,"Hendricks, Kyle",691026,543294,,ball,,,,,14,Masyn Winn pops out to second baseman Nico Hoerner.,R,R,R,STL,CHC,B,,,2,1,2024,-0.44,1.12,1.31,1.38,,,,0,1,Bot,,,,,,,9.16780048730934,-118.0754852538758,-5.998705709357711,-5.591164377393395,18.417364719306725,-20.71895157327288,3.42,1.58,,,,81.0,2277,5.8,745153,665804,683737,663538,670156,621020,664023,691718,673548,54.68,,,,,,,,4,4,Changeup,0,0,0,0,0,0,0,0,Standard,Standard,223,0.0,0.122,,,,-0.122,,0,0,0.547,0.547,34,22,35,22,1,0,6.0,2.0,8.0,1.0,2.29,0.44,0.44,44.3,,,,,
CH,2024-07-12,80.5,-2.56,6.08,"Hendricks, Kyle",691026,543294,,ball,,,,,14,Masyn Winn pops out to second baseman Nico Hoerner.,R,R,R,STL,CHC,B,,,1,1,2024,-0.26,1.05,1.41,1.1,,,,0,1,Bot,,,,,,,9.180351626195115,-116.91652866770588,-6.387846979727076,-3.8447022844552015,17.77467877941311,-21.530806294735733,3.29,1.45,,,,80.1,2167,5.7,745153,665804,683737,663538,670156,621020,664023,691718,673548,54.79,,,,,,,,4,3,Changeup,0,0,0,0,0,0,0,0,Standard,Standard,227,0.0,0.053,,,,-0.053,,0,0,0.547,0.547,34,22,35,22,1,0,6.0,2.0,8.0,1.0,2.43,0.26,0.26,44.4,,,,,
SI,2024-07-12,87.6,-2.64,5.95,"Hendricks, Kyle",691026,543294,,called_strike,,,,,1,Masyn Winn pops out to second baseman Nico Hoerner.,R,R,R,STL,CHC,S,,,1,0,2024,-0.94,0.59,-0.54,3.02,,,,0,1,Bot,,,,,,,6.90081256094597,-127.56429904898908,-2.266552882958201,-11.523353348140285,21.81373139492012,-25.4590835362892,3.23,1.44,,,,87.3,2019,5.7,745153,665804,683737,663538,670156,621020,664023,691718,673548,54.81,,,,,,,,4,2,Sinker,0,0,0,0,0,0,0,0,Standard,Standard,208,0.0,-0.049,,,,0.049,,0,0,0.547,0.547,34,22,35,22,1,0,6.0,2.0,8.0,1.0,2.34,0.94,0.94,43.2,,,,,
FF,2024-07-12,87.4,-2.53,5.91,"Hendricks, Kyle",691026,543294,,ball,,,,,14,Masyn Winn pops out to second baseman Nico Hoerner.,R,R,R,STL,CHC,B,,,0,0,2024,-0.12,1.23,1.88,1.63,,,,0,1,Bot,,,,,,,10.731964596670782,-126.90262740779566,-6.675834579212391,-3.137783318449741,22.08975665304565,-17.69692160106412,3.33,1.44,,,,86.8,2214,5.7,745153,665804,683737,663538,670156,621020,664023,691718,673548,54.8,,,,,,,,4,1,4-Seam Fastball,0,0,0,0,0,0,0,0,Standard,Standard,213,0.0,0.038,,,,-0.038,,0,0,0.547,0.547,34,22,35,22,1,0,6.0,2.0,8.0,1.0,1.73,0.12,0.12,42.1,,,,,
CU,2024-07-06,73.8,-2.18,6.05,"Hendricks, Kyle",621493,543294,truncated_pa,ball,,,,,12,"Keston Hiura caught stealing 2nd base, catcher Tomás Nido to second baseman Nico Hoerner.",R,R,R,CHC,LAA,B,2.0,,2,2,2024,1.23,-0.78,0.61,4.02,694384.0,,669374.0,2,2,Top,,,,,,,3.480690480325018,-107.35365814727648,4.4318670659988495,8.950506458409151,18.558866155874668,-39.23178698473727,3.23,1.48,,,,72.7,2932,5.4,746856,621512,683737,663538,623520,621020,664023,641355,673548,55.05,,,0.0,0.0,0.0,0.0,,16,5,Curveball,0,2,2,0,2,0,2,0,Standard,Standard,46,0.037,-0.193,,,,0.193,,-2,2,0.294,0.706,34,30,35,31,2,1,6.0,1.0,6.0,1.0,4.97,-1.23,-1.23,41.3,,,,,
SI,2024-07-06,86.8,-2.13,5.97,"Hendricks, Kyle",621493,543294,,foul,,,,,3,"Keston Hiura caught stealing 2nd base, catcher Tomás Nido to second baseman Nico Hoerner.",R,R,R,CHC,LAA,S,,,2,1,2024,-0.84,0.73,0.4,2.95,694384.0,,669374.0,2,2,Top,,,,,,,7.664838869805501,-126.44246475291004,-2.65652037235194,-10.394180927385165,20.426422290233862,-23.925203933942168,3.36,1.61,232.0,75.2,29.0,86.5,2000,5.6,746856,621512,683737,663538,623520,621020,664023,641355,673548,54.91,,,,,,,,16,4,Sinker,0,2,2,0,2,0,2,0,Standard,Standard,214,0.0,-0.057,65.3,6.0,,0.057,88.0,-2,2,0.294,0.706,34,30,35,31,2,1,6.0,1.0,6.0,1.0,2.24,0.84,0.84,42.1,-6.861981986194231,29.443368541245608,28.370523398660787,43.44186865907494,11.77213778437213
CU,2024-07-06,73.0,-2.14,6.01,"Hendricks, Kyle",621493,543294,,called_strike,,,,,8,"Keston Hiura caught stealing 2nd base, catcher Tomás Nido to second baseman Nico Hoerner.",R,R,R,CHC,LAA,S,,,2,0,2024,1.05,-0.97,0.24,2.08,694384.0,,669374.0,2,2,Top,,,,,,,2.9519462942190664,-106.34508753619748,1.0126724954049535,7.502453203417152,17.131827502267885,-39.97125860672909,3.22,1.68,,,,72.1,2953,5.4,746856,621512,683737,663538,623520,621020,664023,641355,673548,55.11,,,,,,,,16,3,Curveball,0,2,2,0,2,0,2,0,Standard,Standard,46,0.0,-0.08,,,,0.08,,-2,2,0.294,0.706,34,30,35,31,2,1,6.0,1.0,6.0,1.0,5.22,-1.05,-1.05,40.9,,,,,
SI,2024-07-06,87.3,-2.31,5.99,"Hendricks, Kyle",621493,543294,,ball,,,,,11,"Keston Hiura caught stealing 2nd base, catcher Tomás Nido to second baseman Nico Hoerner.",R,R,R,CHC,LAA,B,,,1,0,2024,-1.08,0.53,-1.72,3.65,694384.0,,669374.0,2,2,Top,,,,,,,3.587965691202476,-127.31962972001055,-0.6901673114707683,-12.53701600994787,21.69809195716081,-26.428160979015715,3.35,1.66,,,,86.9,1957,5.5,746856,621512,683737,663538,623520,621020,664023,641355,673548,54.98,,,,,,,,16,2,Sinker,0,2,2,0,2,0,2,0,Standard,Standard,216,0.0,0.06,,,,-0.06,,-2,2,0.294,0.706,34,30,35,31,2,1,6.0,1.0,6.0,1.0,2.41,1.08,1.08,41.7,,,,,
CH,2024-07-06,79.5,-2.2,5.96,"Hendricks, Kyle",621493,543294,,ball,,,,,14,"Keston Hiura caught stealing 2nd base, catcher Tomás Nido to second baseman Nico Hoerner.",R,R,R,CHC,LAA,B,,,0,0,2024,-0.39,0.8,0.96,2.11,694384.0,,669374.0,2,2,Top,,,,,,,7.556435753182455,-115.69184452015946,-3.2732329909037152,-4.665374003884892,17.148610569702857,-24.52675531695145,3.09,1.55,,,,79.2,2088,5.6,746856,621512,683737,663538,623520,621020,664023,641355,673548,54.88,,,,,,,,16,1,Changeup,0,2,2,0,2,0,2,0,Standard,Standard,228,0.0,0.03,,,,-0.03,,-2,2,0.294,0.706,34,30,35,31,2,1,6.0,1.0,6.0,1.0,2.74,0.39,0.39,40.7,,,,,
SI,2024-07-06,88.0,-2.16,5.93,"Hendricks, Kyle",669374,543294,single,hit_into_play,,,,,4,Keston Hiura singles on a line drive to right fielder Seiya Suzuki. Jo Adell scores. Nolan Schanuel to 3rd.,R,R,R,CHC,LAA,X,9.0,line_drive,1,0,2024,-1.36,0.57,-0.61,2.3,,666176.0,694384.0,2,2,Top,157.11,89.84,,,,,6.46348210113306,-127.98468795020128,-3.854554013404241,-16.220300931744557,24.731850787334515,-25.334916878970184,3.1,1.43,211.0,83.8,17.0,87.1,1905,5.6,746856,621512,683737,663538,623520,621020,664023,641355,673548,54.9,0.946,0.894,0.9,1.0,1.0,0.0,4.0,15,2,Sinker,0,1,1,0,2,0,2,0,Standard,Standard,214,-0.103,0.537,73.4,6.7,1.102,-0.537,88.0,-1,1,0.397,0.603,34,27,35,28,2,1,6.0,1.0,6.0,2.0,2.36,1.36,1.36,41.7,3.8555591342909454,14.597580398727104,40.71578695677545,31.103582118882425,24.26920891169272
CU,2024-07-06,74.8,-2.2,6.02,"Hendricks, Kyle",669374,543294,,blocked_ball,,,,,14,Keston Hiura singles on a line drive to right fielder Seiya Suzuki. Jo Adell scores. Nolan Schanuel to 3rd.,R,R,R,CHC,LAA,B,,,0,0,2024,1.04,-1.02,2.09,0.28,,666176.0,694384.0,2,2,Top,,,,,,,6.916800171610776,-108.7759052648732,-2.81000177927442,6.985249631139759,19.781677950294423,-39.9252623180907,3.27,1.49,,,,73.6,3054,5.5,746856,621512,683737,663538,623520,621020,664023,641355,673548,55.01,,,,,,,,15,1,Curveball,0,1,1,0,1,0,1,0,Standard,Standard,39,0.0,0.026,,,,-0.026,,-1,1,0.397,0.603,34,27,35,28,2,1,6.0,1.0,6.0,2.0,5.11,-1.04,-1.04,43.1,,,,,
SI,2024-07-06,85.8,-2.3,6.04,"Hendricks, Kyle",694384,543294,single,hit_into_play,,,,,11,Nolan Schanuel singles on a line drive to left fielder Ian Happ. Jo Adell to 2nd.,R,L,R,CHC,LAA,X,7.0,line_drive,0,0,2024,-1.06,0.77,-0.1,3.69,,,666176.0,2,2,Top,56.63,118.21,,,,,7.237281415756057,-124.8802213236669,-0.9242479485835422,-12.48127383215026,21.993163235155446,-24.050893287133658,3.53,1.71,191.0,89.6,12.0,85.1,1979,5.5,746856,621512,683737,663538,623520,621020,664023,641355,673548,54.97,0.809,0.773,0.9,1.0,1.0,0.0,4.0,14,1,Sinker,0,1,1,0,1,0,1,0,Standard,Standard,213,-0.018,0.357,,,0.946,-0.357,89.6,-1,1,0.415,0.585,34,22,35,22,2,1,6.0,1.0,6.0,1.0,2.29,1.06,-1.06,42.2,,,,,
FF,2024-07-06,87.8,-2.65,5.83,"Hendricks, Kyle",666176,543294,walk,ball,,,,,12,Jo Adell walks.,R,R,R,CHC,LAA,B,,,3,2,2024,-0.46,1.28,0.31,3.63,,,,2,2,Top,,,,,,,8.006220817247765,-127.6576677343634,-1.838614513066506,-6.648033776745345,25.738371381652023,-17.966867595985136,3.42,1.72,,,,86.8,2022,5.7,746856,621512,683737,663538,623520,621020,664023,641355,673548,54.82,,0.689131,0.7,1.0,0.0,0.0,,13,6,4-Seam Fastball,0,1,1,0,1,0,1,0,Standard,Standard,212,-0.012,0.267,,,,-0.267,,-1,1,0.427,0.573,34,25,35,25,1,0,6.0,1.0,6.0,1.0,1.68,0.46,0.46,40.1,,,,,
SI,2024-07-06,87.7,-2.55,5.92,"Hendricks, Kyle",666176,543294,,foul,,,,,5,Jo Adell walks.,R,R,R,CHC,LAA,S,,,3,1,2024,-1.24,0.63,-0.17,2.92,,,,2,2,Top,,,,,,,8.219529170533361,-127.55701113426504,-2.505071701638758,-15.17671142773098,22.126424564737448,-24.908930433188704,3.81,1.84,153.0,57.3,43.0,87.2,1981,5.6,746856,621512,683737,663538,623520,621020,664023,641355,673548,54.86,,,,,,,,13,5,Sinker,0,1,1,0,1,0,1,0,Standard,Standard,219,0.0,-0.089,72.9,5.7,,0.089,88.0,-1,1,0.427,0.573,34,25,35,25,1,0,6.0,1.0,6.0,1.0,2.3,1.24,1.24,42.0,-13.004452932320614,20.976647251819568,36.35307845666414,32.02279852338204,14.412772557019297
CH,2024-07-06,79.8,-2.45,6.07,"Hendricks, Kyle",666176,543294,,ball,,,,,14,Jo Adell walks.,R,R,R,CHC,LAA,B,,,2,1,2024,-0.32,0.97,1.43,1.24,,,,2,2,Top,,,,,,,9.003017229789723,-115.93215084927962,-5.74061920718818,-4.367933395283848,18.41221429795399,-22.525437467666816,3.56,1.83,,,,79.2,2136,5.6,746856,621512,683737,663538,623520,621020,664023,641355,673548,54.89,,,,,,,,13,4,Changeup,0,1,1,0,1,0,1,0,Standard,Standard,231,0.0,0.112,,,,-0.112,,-1,1,0.427,0.573,34,25,35,25,1,0,6.0,1.0,6.0,1.0,2.58,0.32,0.32,44.8,,,,,
SI,2024-07-06,87.3,-2.55,5.93,"Hendricks, Kyle",666176,543294,,called_strike,,,,,2,Jo Adell walks.,R,R,R,CHC,LAA,S,,,2,0,2024,-1.15,0.39,0.03,3.5,,,,2,2,Top,,,,,,,8.448595194546668,-127.04613218929288,-0.6081492015770193,-14.027253410909044,21.440549174592217,-28.023303018916444,3.49,1.73,,,,86.8,1930,5.6,746856,621512,683737,663538,623520,621020,664023,641355,673548,54.94,,,,,,,,13,3,Sinker,0,1,1,0,1,0,1,0,Standard,Standard,211,0.0,-0.061,,,,0.061,,-1,1,0.427,0.573,34,25,35,25,1,0,6.0,1.0,6.0,1.0,2.56,1.15,1.15,39.0,,,,,
CH,2024-07-06,79.3,-2.52,6.05,"Hendricks, Kyle",666176,543294,,ball,,,,,14,Jo Adell walks.,R,R,R,CHC,LAA,B,,,1,0,2024,-0.24,0.99,1.01,1.33,,,,2,2,Top,,,,,,,8.037311516025623,-115.29572321562068,-5.476172977115255,-3.3166722610952144,16.49627610260063,-22.51946356195373,3.58,1.76,,,,79.0,2133,5.6,746856,621512,683737,663538,623520,621020,664023,641355,673548,54.86,,,,,,,,13,2,Changeup,0,1,1,0,1,0,1,0,Standard,Standard,227,0.0,0.068,,,,-0.068,,-1,1,0.427,0.573,34,25,35,25,1,0,6.0,1.0,6.0,1.0,2.57,0.24,0.24,45.2,,,,,
CU,2024-07-06,74.4,-2.64,5.96,"Hendricks, Kyle",666176,543294,,ball,,,,,14,Jo Adell walks.,R,R,R,CHC,LAA,B,,,0,0,2024,1.15,-0.77,0.83,1.14,,,,2,2,Top,,,,,,,5.047633625810755,-108.35196915217088,-1.319802736388822,8.14189621827983,19.29042766289663,-38.20660392245616,3.39,1.66,,,,73.5,2982,5.6,746856,621512,683737,663538,623520,621020,664023,641355,673548,54.91,,,,,,,,13,1,Curveball,0,1,1,0,1,0,1,0,Standard,Standard,43,0.0,0.04,,,,-0.04,,-1,1,0.427,0.573,34,25,35,25,1,0,6.0,1.0,6.0,1.0,4.89,-1.15,-1.15,40.9,,,,,
CU,2024-07-06,74.1,-2.67,5.95,"Hendricks, Kyle",641645,543294,field_out,hit_into_play,,,,,5,Luis Guillorme pops out to third baseman David Bote.,R,L,R,CHC,LAA,X,5.0,popup,1,0,2024,1.23,-0.73,0.16,2.42,,,,1,2,Top,94.2,163.05,,,,,3.6001166740987345,-107.85449127643128,1.2439890831492233,8.992244580456331,18.239809017731776,-38.3312073108714,3.19,1.55,122.0,83.0,68.0,73.2,2901,5.5,746856,621512,683737,663538,623520,621020,664023,641355,673548,55.0,0.011,0.014,0.0,1.0,0.0,0.0,3.0,12,2,Curveball,0,1,1,0,1,0,1,0,Standard,Standard,50,0.015,-0.295,69.9,8.0,0.019,0.295,88.0,-1,1,0.412,0.588,34,29,35,30,1,0,6.0,3.0,6.0,1.0,4.87,-1.23,1.23,41.4,27.424984758334723,-1.79126276318944,39.14336204717284,35.1284748286452,35.85495107519411
SI,2024-07-06,86.1,-2.47,5.99,"Hendricks, Kyle",641645,543294,,ball,,,,,14,Luis Guillorme pops out to third baseman David Bote.,R,L,R,CHC,LAA,B,,,0,0,2024,-1.01,0.73,0.91,1.83,,,,1,2,Top,,,,,,,9.9532165632143,-125.16297488408894,-5.18158821361112,-12.35237269227198,19.47036413914264,-23.663330548893416,3.1,1.43,,,,86.0,1950,5.8,746856,621512,683737,663538,623520,621020,664023,641355,673548,54.75,,,,,,,,12,1,Sinker,0,1,1,0,1,0,1,0,Standard,Standard,207,0.0,0.039,,,,-0.039,,-1,1,0.412,0.588,34,29,35,30,1,0,6.0,3.0,6.0,1.0,2.29,1.01,-1.01,43.4,,,,,
SI,2024-07-06,87.5,-2.52,6.03,"Hendricks, Kyle",687263,543294,field_out,hit_into_play,,,,,2,Zach Neto flies out to right fielder Seiya Suzuki in foul territory.,R,R,R,CHC,LAA,X,9.0,fly_ball,2,1,2024,-1.08,0.55,0.26,3.41,,,,0,2,Top,183.1,148.79,,,,,8.788176300797518,-127.28940938260152,-1.4392390491572562,-13.281814614565842,19.98343365056343,-26.06725508906636,3.35,1.57,189.0,94.3,57.0,87.1,2050,5.5,746856,621512,683737,663538,623520,621020,664023,641355,673548,54.96,0.014,0.017,0.0,1.0,0.0,0.0,3.0,11,4,Sinker,0,1,1,0,1,0,1,0,Standard,Standard,210,0.02,-0.296,71.3,6.4,0.024,0.296,94.3,-1,1,0.392,0.608,34,23,35,23,1,0,6.0,1.0,6.0,1.0,2.38,1.08,1.08,43.7,12.637768704643204,9.29920152909153,22.580612310683183,38.47621081139507,28.02911314665207
CU,2024-07-06,73.5,-2.63,5.95,"Hendricks, Kyle",687263,543294,,ball,,,,,13,Zach Neto flies out to right fielder Seiya Suzuki in foul territory.,R,R,R,CHC,LAA,B,,,1,1,2024,0.98,-1.06,-0.6,0.8,,,,0,2,Top,,,,,,,2.38464251141644,-107.04693897501836,-1.3222639817896884,7.15398793257446,18.41031472175659,-40.28311588392874,3.46,1.55,,,,72.7,2857,5.6,746856,621512,683737,663538,623520,621020,664023,641355,673548,54.91,,,,,,,,11,3,Curveball,0,1,1,0,1,0,1,0,Standard,Standard,42,0.0,0.053,,,,-0.053,,-1,1,0.392,0.608,34,23,35,23,1,0,6.0,1.0,6.0,1.0,5.27,-0.98,-0.98,42.8,,,,,
SI,2024-07-06,86.8,-2.54,6.01,"Hendricks, Kyle",687263,543294,,ball,,,,,14,Zach Neto flies out to right fielder Seiya Suzuki in foul territory.,R,R,R,CHC,LAA,B,,,0,1,2024,-1.0,0.57,1.0,2.13,,,,0,2,Top,,,,,,,10.36936870935368,-126.07231104500322,-4.308093604422471,-12.54758717722919,21.597135655771982,-25.380425870642917,3.53,1.66,,,,86.2,1976,5.7,746856,621512,683737,663538,623520,621020,664023,641355,673548,54.83,,,,,,,,11,2,Sinker,0,1,1,0,1,0,1,0,Standard,Standard,215,0.0,0.025,,,,-0.025,,-1,1,0.392,0.608,34,23,35,23,1,0,6.0,1.0,6.0,1.0,2.43,1.0,1.0,43.7,,,,,
CU,2024-07-06,72.7,-2.66,6.06,"Hendricks, Kyle",687263,543294,,called_strike,,,,,6,Zach Neto flies out to right fielder Seiya Suzuki in foul territory.,R,R,R,CHC,LAA,S,,,0,0,2024,1.27,-0.91,0.44,2.29,,,,0,2,Top,,,,,,,3.994726815341227,-105.788062424247,1.3799311145731634,8.817104821309275,18.5537731041547,-39.45503957859596,3.29,1.44,,,,71.7,2924,5.6,746856,621512,683737,663538,623520,621020,664023,641355,673548,54.92,,,,,,,,11,1,Curveball,0,1,1,0,1,0,1,0,Standard,Standard,50,0.0,-0.037,,,,0.037,,-1,1,0.392,0.608,34,23,35,23,1,0,6.0,1.0,6.0,1.0,5.23,-1.27,-1.27,42.4,,,,,
CH,2024-07-06,79.8,-2.45,6.06,"Hendricks, Kyle",666160,543294,double_play,hit_into_play,,,,,7,"Mickey Moniak lines into a double play, right fielder Seiya Suzuki to catcher Tomás Nido. Keston Hiura out at home.",R,L,R,CHC,LAA,X,9.0,line_drive,0,1,2024,-0.86,0.81,-0.46,2.0,669374.0,621493.0,681351.0,1,1,Top,198.35,120.83,,,,,5.889754465396571,-116.28597593384134,-3.843832808662506,-8.74973164693111,16.96561131711764,-24.32900522156312,3.37,1.6,263.0,79.7,25.0,79.4,2077,5.5,746856,621512,683737,663538,623520,621020,664023,641355,673548,55.03,0.349,0.314,0.0,1.0,0.0,0.0,3.0,6,2,Changeup,0,1,1,0,1,0,1,0,Standard,Standard,226,0.129,-0.097,67.4,8.3,0.391,0.097,88.0,-1,1,0.313,0.687,34,26,35,26,1,0,6.0,3.0,6.0,1.0,2.7,0.86,-0.86,42.9,23.144134120526108,-15.536231638712463,30.99797158687757,47.49300664967613,41.48343125318371
CU,2024-07-06,73.6,-2.44,6.03,"Hendricks, Kyle",666160,543294,,called_strike,,,,,11,"Mickey Moniak lines into a double play, right fielder Seiya Suzuki to catcher Tomás Nido. Keston Hiura out at home.",R,L,R,CHC,LAA,S,,,0,0,2024,1.39,-0.7,-0.61,3.75,669374.0,621493.0,681351.0,1,1,Top,,,,,,,1.28986911365865,-107.19538576370594,3.7608462232612414,10.552742816792405,17.865728782144853,-38.45505142585585,3.22,1.41,,,,72.6,2987,5.4,746856,621512,683737,663538,623520,621020,664023,641355,673548,55.13,,,,,,,,6,1,Curveball,0,1,1,0,1,0,1,0,Standard,Standard,45,0.0,-0.041,,,,0.041,,-1,1,0.313,0.687,34,26,35,26,1,0,6.0,3.0,6.0,1.0,4.89,-1.39,1.39,42.2,,,,,
SI,2024-07-06,87.4,-2.43,5.98,"Hendricks, Kyle",681351,543294,hit_by_pitch,hit_by_pitch,,,,,11,Logan O'Hoppe hit by pitch. Nolan Schanuel scores. Keston Hiura to 3rd. Taylor Ward to 2nd.,R,R,R,CHC,LAA,B,,,2,0,2024,-1.35,0.58,-1.9,2.74,694384.0,669374.0,621493.0,1,1,Top,,,,,,,4.000049580436336,-127.30892016996049,-2.890583846111357,-15.516855250213526,24.56859653249214,-25.451794380878297,3.29,1.55,,,,86.5,1972,5.5,746856,621512,683737,663538,623520,621020,664023,641355,673548,54.95,,0.720192,0.7,1.0,0.0,0.0,,5,3,Sinker,0,0,0,0,1,0,1,0,Standard,Standard,216,-0.089,0.262,,,,-0.262,,0,0,0.402,0.598,34,24,35,24,1,0,6.0,1.0,6.0,1.0,2.38,1.35,1.35,42.8,,,,,
CH,2024-07-06,79.2,-2.35,6.11,"Hendricks, Kyle",681351,543294,,ball,,,,,14,Logan O'Hoppe hit by pitch. Nolan Schanuel scores. Keston Hiura to 3rd. Taylor Ward to 2nd.,R,R,R,CHC,LAA,B,,,1,0,2024,-0.12,0.79,0.99,1.8,694384.0,669374.0,621493.0,1,1,Top,,,,,,,7.4086997433655855,-115.17516778577456,-4.126718519843095,-2.306341434304228,18.789704975923573,-24.53667075147853,3.03,1.42,,,,78.3,2114,5.5,746856,621512,683737,663538,623520,621020,664023,641355,673548,55.05,,,,,,,,5,2,Changeup,0,0,0,0,0,0,0,0,Standard,Standard,226,0.0,0.062,,,,-0.062,,0,0,0.402,0.598,34,24,35,24,1,0,6.0,1.0,6.0,1.0,2.81,0.12,0.12,44.8,,,,,
SI,2024-07-06,87.7,-2.4,5.95,"Hendricks, Kyle",681351,543294,,ball,,,,,7,Logan O'Hoppe hit by pitch. Nolan Schanuel scores. Keston Hiura to 3rd. Taylor Ward to 2nd.,R,R,R,CHC,LAA,B,,,0,0,2024,-1.12,0.4,-0.49,1.69,694384.0,669374.0,621493.0,1,1,Top,,,,,,,6.843901497748588,-127.5975757905085,-5.019777555232251,-13.585134827585838,23.452624104484507,-26.971303512451463,3.18,1.45,,,,87.1,1939,5.7,746856,621512,683737,663538,623520,621020,664023,641355,673548,54.8,,,,,,,,5,1,Sinker,0,0,0,0,0,0,0,0,Standard,Standard,221,0.0,0.039,,,,-0.039,,0,0,0.402,0.598,34,24,35,24,1,0,6.0,1.0,6.0,1.0,2.54,1.12,1.12,42.5,,,,,
CU,2024-07-06,73.7,-2.52,5.97,"Hendricks, Kyle",641432,543294,strikeout,called_strike,,,,,1,Willie Calhoun called out on strikes.,R,L,R,CHC,LAA,S,2.0,,1,2,2024,1.22,-0.79,-0.58,3.0,694384.0,669374.0,621493.0,0,1,Top,,,,,,,1.8096141291940984,-107.17763834094656,2.6277308961072245,9.020283232035757,19.801682070172816,-38.985593152087375,2.96,1.44,,,,72.3,2958,5.4,746856,621512,683737,663538,623520,621020,664023,641355,673548,55.12,,0.0,0.0,1.0,0.0,0.0,,4,4,Curveball,0,0,0,0,0,0,0,0,Standard,Standard,48,0.065,-0.202,,,,0.202,,0,0,0.337,0.663,34,29,35,30,1,0,6.0,2.0,6.0,1.0,5.02,-1.22,1.22,41.1,,,,,
SI,2024-07-06,86.8,-2.32,6.03,"Hendricks, Kyle",641432,543294,,called_strike,,,,,12,Willie Calhoun called out on strikes.,R,L,R,CHC,LAA,S,,,1,1,2024,-1.02,0.46,0.39,3.46,694384.0,669374.0,621493.0,0,1,Top,,,,,,,8.452621629422492,-126.24636244903508,-1.0090482633140352,-12.488897915068724,20.889292835099997,-27.187938190300923,3.24,1.39,,,,86.3,1984,5.6,746856,621512,683737,663538,623520,621020,664023,641355,673548,54.93,,,,,,,,4,3,Sinker,0,0,0,0,0,0,0,0,Standard,Standard,212,0.0,-0.052,,,,0.052,,0,0,0.337,0.663,34,29,35,30,1,0,6.0,2.0,6.0,1.0,2.52,1.02,-1.02,43.0,,,,,
CH,2024-07-06,80.7,-2.44,6.04,"Hendricks, Kyle",641432,543294,,ball,,,,,8,Willie Calhoun called out on strikes.,R,L,R,CHC,LAA,B,,,0,1,2024,-1.37,0.57,-0.08,1.44,694384.0,669374.0,621493.0,0,1,Top,,,,,,,7.740460816023268,-117.18978169656836,-4.581799545397191,-14.09065930098921,21.643216190473137,-26.20014866480157,3.05,1.33,,,,79.5,2111,5.5,746856,621512,683737,663538,623520,621020,664023,641355,673548,54.96,,,,,,,,4,2,Changeup,0,0,0,0,0,0,0,0,Standard,Standard,231,0.0,0.014,,,,-0.014,,0,0,0.337,0.663,34,29,35,30,1,0,6.0,2.0,6.0,1.0,2.93,1.37,-1.37,42.9,,,,,
SI,2024-07-06,86.8,-2.4,6.01,"Hendricks, Kyle",641432,543294,,called_strike,,,,,4,Willie Calhoun called out on strikes.,R,L,R,CHC,LAA,S,,,0,0,2024,-1.13,0.52,-0.56,2.44,694384.0,669374.0,621493.0,0,1,Top,,,,,,,6.628191103468772,-126.32030006213274,-3.4759765715890065,-13.428773515430109,21.954697833444065,-26.090338173930565,3.05,1.59,,,,86.4,2013,5.7,746856,621512,683737,663538,623520,621020,664023,641355,673548,54.81,,,,,,,,4,1,Sinker,0,0,0,0,0,0,0,0,Standard,Standard,211,0.0,-0.042,,,,0.042,,0,0,0.337,0.663,34,29,35,30,1,0,6.0,2.0,6.0,1.0,2.47,1.13,-1.13,43.1,,,,,
CH,2024-07-06,79.4,-2.34,6.11,"Hendricks, Kyle",621493,543294,single,hit_into_play,,,,,5,Taylor Ward singles on a line drive to left fielder Ian Happ. Nolan Schanuel to 3rd. Keston Hiura to 2nd.,R,R,R,CHC,LAA,X,7.0,line_drive,1,1,2024,-1.24,0.21,-0.24,2.22,,694384.0,669374.0,0,1,Top,57.61,106.59,,,,,6.785341377774539,-115.42770412011652,-2.13101606084016,-12.3220560470674,20.480179477143867,-30.135668684356556,3.36,1.61,186.0,89.6,13.0,78.3,2007,5.5,746856,621512,683737,663538,623520,621020,664023,641355,673548,55.04,0.917,0.883,0.9,1.0,1.0,0.0,4.0,3,3,Changeup,0,0,0,0,0,0,0,0,Standard,Standard,319,-0.075,0.478,67.6,7.1,1.092,-0.478,89.6,0,0,0.412,0.588,34,30,35,31,1,0,6.0,1.0,6.0,1.0,3.4,1.24,1.24,43.4,15.709586983002776,-8.952128354464422,36.46068597321956,34.312087126019605,40.02446653884287
SI,2024-07-06,87.5,-2.56,5.97,"Hendricks, Kyle",621493,543294,,foul,,,,,11,Taylor Ward singles on a line drive to left fielder Ian Happ. Nolan Schanuel to 3rd. Keston Hiura to 2nd.,R,R,R,CHC,LAA,S,,,1,0,2024,-1.19,0.38,-1.08,2.98,,694384.0,669374.0,0,1,Top,,,,,,,5.946232234081888,-127.4230243213164,-1.9030690453287615,-14.175158847025015,24.075342149832213,-27.80991061363065,3.36,1.61,116.0,73.6,9.0,86.8,1972,5.6,746856,621512,683737,663538,623520,621020,664023,641355,673548,54.88,,,,,,,,3,2,Sinker,0,0,0,0,0,0,0,0,Standard,Standard,214,0.0,-0.055,,,,0.055,88.0,0,0,0.412,0.588,34,30,35,31,1,0,6.0,1.0,6.0,1.0,2.57,1.19,1.19,41.2,,,,,
SI,2024-07-06,87.2,-2.24,6.03,"Hendricks, Kyle",621493,543294,,ball,,,,,14,Taylor Ward singles on a line drive to left fielder Ian Happ. Nolan Schanuel to 3rd. Keston Hiura to 2nd.,R,R,R,CHC,LAA,B,,,0,0,2024,-1.22,0.55,0.94,1.99,,694384.0,669374.0,0,1,Top,,,,,,,10.017410354220416,-126.52720766691284,-4.629042331397948,-15.1503461859348,24.8181630947365,-25.48153297066389,3.23,1.59,,,,86.3,1931,5.8,746856,621512,683737,663538,623520,621020,664023,641355,673548,54.74,,,,,,,,3,1,Sinker,0,0,0,0,0,0,0,0,Standard,Standard,214,0.0,0.045,,,,-0.045,,0,0,0.412,0.588,34,30,35,31,1,0,6.0,1.0,6.0,1.0,2.45,1.22,1.22,44.0,,,,,
SI,2024-07-06,87.1,-2.53,5.98,"Hendricks, Kyle",669374,543294,single,hit_into_play,,,,,11,Keston Hiura singles on a pop up to right fielder Seiya Suzuki. Nolan Schanuel to 2nd.,R,R,R,CHC,LAA,X,9.0,popup,0,1,2024,-1.49,0.47,-0.83,2.58,,,694384.0,0,1,Top,174.38,131.52,,,,,7.03910616046369,-126.66927478271108,-2.9395678247970163,-17.52829494548806,25.66396862747697,-26.723818290105594,3.1,1.43,168.0,62.9,26.0,86.1,1896,5.6,746856,621512,683737,663538,623520,621020,664023,641355,673548,54.86,0.714,0.643,0.9,1.0,1.0,0.0,4.0,2,2,Sinker,0,0,0,0,0,0,0,0,Standard,Standard,212,-0.052,0.492,67.7,6.2,0.757,-0.492,88.0,0,0,0.464,0.536,34,27,35,28,1,0,6.0,1.0,6.0,2.0,2.54,1.49,1.49,40.9,-0.7222303019306391,19.87253743183521,39.48763861145431,30.148836472383948,22.296831172594075
SI,2024-07-06,86.5,-2.44,6.0,"Hendricks, Kyle",669374,543294,,called_strike,,,,,9,Keston Hiura singles on a pop up to right fielder Seiya Suzuki. Nolan Schanuel to 2nd.,R,R,R,CHC,LAA,S,,,0,0,2024,-1.31,0.36,0.47,1.99,,,694384.0,0,1,Top,,,,,,,9.47497135835069,-125.628199058552,-4.059038774000221,-15.728090807815974,23.94516220261883,-27.70543954516128,3.22,1.46,,,,85.6,1920,5.7,746856,621512,683737,663538,623520,621020,664023,641355,673548,54.79,,,,,,,,2,1,Sinker,0,0,0,0,0,0,0,0,Standard,Standard,210,0.0,-0.042,,,,0.042,,0,0,0.464,0.536,34,27,35,28,1,0,6.0,1.0,6.0,2.0,2.68,1.31,1.31,41.7,,,,,
CH,2024-07-06,81.5,-2.57,6.09,"Hendricks, Kyle",694384,543294,walk,ball,,,,,14,Nolan Schanuel walks.,R,L,R,CHC,LAA,B,,,3,2,2024,-1.15,0.39,0.2,1.28,,,,0,1,Top,,,,,,,8.30414272048024,-118.43476075152262,-4.909301798436008,-12.360483944166802,22.10953716497708,-27.774533201190117,3.08,1.4,,,,80.4,2191,5.5,746856,621512,683737,663538,623520,621020,664023,641355,673548,54.95,,0.689131,0.7,1.0,0.0,0.0,,1,9,Changeup,0,0,0,0,0,0,0,0,Infield shade,Standard,227,-0.036,0.371,,,,-0.371,,0,0,0.5,0.5,34,22,35,22,1,0,6.0,1.0,6.0,1.0,3.05,1.15,-1.15,44.9,,,,,
CH,2024-07-06,81.0,-2.67,6.03,"Hendricks, Kyle",694384,543294,,foul,,,,,4,Nolan Schanuel walks.,R,L,R,CHC,LAA,S,,,3,2,2024,-1.27,0.33,-0.71,2.74,,,,0,1,Top,,,,,,,6.677718890601281,-117.80408095754608,-1.3924596221984835,-13.038874445573322,20.880179980631947,-29.014424687443483,3.53,1.71,254.0,82.2,40.0,79.9,2069,5.4,746856,621512,683737,663538,623520,621020,664023,641355,673548,55.06,,,,,,,,1,8,Changeup,0,0,0,0,0,0,0,0,Infield shade,Standard,227,0.0,0.0,60.4,6.0,,0.0,88.0,0,0,0.5,0.5,34,22,35,22,1,0,6.0,1.0,6.0,1.0,3.13,1.27,-1.27,42.1,-1.327266565662589,12.519215076283208,36.41732694536006,41.32940456565756,23.075574304322075
SI,2024-07-06,88.3,-2.51,5.99,"Hendricks, Kyle",694384,543294,,foul,,,,,6,Nolan Schanuel walks.,R,L,R,CHC,LAA,S,,,3,2,2024,-1.37,0.57,0.74,2.93,,,,0,1,Top,,,,,,,10.61702639749504,-128.16348168666215,-2.502151592261839,-17.345041508114775,26.780748645698853,-25.53389144325392,3.53,1.71,153.0,70.7,17.0,87.2,2077,5.8,746856,621512,683737,663538,623520,621020,664023,641355,673548,54.74,,,,,,,,1,7,Sinker,0,0,0,0,0,0,0,0,Infield shade,Standard,210,0.0,0.0,59.6,5.4,,0.0,88.0,0,0,0.5,0.5,34,22,35,22,1,0,6.0,1.0,6.0,1.0,2.37,1.37,-1.37,42.7,2.673986483405862,5.442579816878278,43.556331181789005,24.5706646993863,23.030693818959925
SI,2024-07-06,86.9,-2.64,5.98,"Hendricks, Kyle",694384,543294,,foul,,,,,7,Nolan Schanuel walks.,R,L,R,CHC,LAA,S,,,3,2,2024,-1.04,0.49,-0.68,1.72,,,,0,1,Top,,,,,,,6.7038036239345695,-126.41134526846416,-5.033948073515195,-12.40078096730438,22.456970759022543,-26.185736205310853,3.53,1.71,239.0,79.9,28.0,86.3,1945,5.7,746856,621512,683737,663538,623520,621020,664023,641355,673548,54.84,,,,,,,,1,6,Sinker,0,0,0,0,0,0,0,0,Infield shade,Standard,213,0.0,0.0,65.8,6.7,,0.0,88.0,0,0,0.5,0.5,34,22,35,22,1,0,6.0,1.0,6.0,1.0,2.5,1.04,-1.04,42.9,-0.9896691453787124,15.893573984410718,40.86953117319143,40.72474180336252,17.656212935536317
CU,2024-07-06,73.4,-2.73,5.98,"Hendricks, Kyle",694384,543294,,ball,,,,,11,Nolan Schanuel walks.,R,L,R,CHC,LAA,B,,,2,2,2024,1.38,-1.0,-1.25,2.63,,,,0,1,Top,,,,,,,0.590724973080964,-106.75651429707636,2.331478861960885,10.36069736014805,20.77368608211333,-40.47507749315024,3.12,1.42,,,,72.0,2938,5.6,746856,621512,683737,663538,623520,621020,664023,641355,673548,54.93,,,,,,,,1,5,Curveball,0,0,0,0,0,0,0,0,Infield shade,Standard,43,0.0,0.107,,,,-0.107,,0,0,0.5,0.5,34,22,35,22,1,0,6.0,1.0,6.0,1.0,5.28,-1.38,1.38,41.5,,,,,
FF,2024-07-06,86.8,-2.77,5.96,"Hendricks, Kyle",694384,543294,,ball,,,,,11,Nolan Schanuel walks.,R,L,R,CHC,LAA,B,,,1,2,2024,-0.37,1.19,-0.06,5.39,,,,0,1,Top,,,,,,,7.150127586650273,-126.27874117993632,2.345835290917121,-5.378790187268745,23.938811832911178,-20.078821833322657,3.05,1.44,,,,85.9,2101,5.6,746856,621512,683737,663538,623520,621020,664023,641355,673548,54.92,,,,,,,,1,4,4-Seam Fastball,0,0,0,0,0,0,0,0,Infield shade,Standard,209,0.0,0.04,,,,-0.04,,0,0,0.5,0.5,34,22,35,22,1,0,6.0,1.0,6.0,1.0,1.82,0.37,-0.37,40.6,,,,,
CH,2024-07-06,78.0,-2.69,6.13,"Hendricks, Kyle",694384,543294,,ball,,,,,14,Nolan Schanuel walks.,R,L,R,CHC,LAA,B,,,0,2,2024,-1.29,0.49,0.49,1.13,,,,0,1,Top,,,,,,,9.088473633597784,-113.3037928766461,-4.791855173456527,-12.62831631156351,17.572350196966575,-27.304745567001746,3.15,1.48,,,,77.5,2004,5.7,746856,621512,683737,663538,623520,621020,664023,641355,673548,54.78,,,,,,,,1,3,Changeup,0,0,0,0,0,0,0,0,Infield shade,Standard,230,0.0,0.023,,,,-0.023,,0,0,0.5,0.5,34,22,35,22,1,0,6.0,1.0,6.0,1.0,3.23,1.29,-1.29,46.2,,,,,
CU,2024-07-06,73.2,-2.7,6.05,"Hendricks, Kyle",694384,543294,,swinging_strike,,,,,9,Nolan Schanuel walks.,R,L,R,CHC,LAA,S,,,0,1,2024,1.49,-0.75,0.71,2.16,,,,0,1,Top,,,,,,,4.239956366062347,-106.41585614322666,0.8894314846291809,10.366561872864857,21.2498844648457,-38.24675021050511,3.53,1.71,,,,71.7,2928,5.5,746856,621512,683737,663538,623520,621020,664023,641355,673548,54.95,,,,,,,,1,2,Curveball,0,0,0,0,0,0,0,0,Infield shade,Standard,44,0.0,-0.054,66.4,7.8,,0.054,,0,0,0.5,0.5,34,22,35,22,1,0,6.0,1.0,6.0,1.0,5.07,-1.49,1.49,43.2,37.41084623742453,-38.29961962178536,45.73338245590348,27.01351812182676,56.0655250427927
SI,2024-07-06,85.3,-2.68,6.08,"Hendricks, Kyle",694384,543294,,called_strike,,,,,5,Nolan Schanuel walks.,R,L,R,CHC,LAA,S,,,0,0,2024,-0.98,0.47,0.25,2.6,,,,0,1,Top,,,,,,,8.760297797989237,-124.02065782637304,-2.8998254757463378,-11.695716454953638,20.490917407580064,-26.916127601106407,3.27,1.51,,,,85.0,1892,5.7,746856,621512,683737,663538,623520,621020,664023,641355,673548,54.77,,,,,,,,1,1,Sinker,0,0,0,0,0,0,0,0,Infield shade,Standard,207,0.0,-0.037,,,,0.037,,0,0,0.5,0.5,34,22,35,22,1,0,6.0,1.0,6.0,1.0,2.62,0.98,-0.98,42.0,,,,,
SI,2024-06-30,87.1,-2.24,5.73,"Hendricks, Kyle",668930,543294,home_run,hit_into_play,,,,,6,Brice Turang hits a grand slam (6) to right center field. Rhys Hoskins scores. Sal Frelick scores. Jackson Chourio scores.,R,L,R,MIL,CHC,X,,line_drive,1,0,2024,-1.21,0.56,0.31,2.38,656555.0,686217.0,694192.0,2,4,Bot,203.64,65.7,,,,,8.483123798105426,-126.60331364350566,-3.0373972668676044,-14.643169338385407,23.77404428800162,-25.68061266710057,3.14,1.47,381.0,107.8,20.0,86.3,2039,5.7,745971,665804,683737,663538,666624,621020,664023,691718,673548,54.82,0.837,1.331,2.0,1.0,0.0,3.0,6.0,35,2,Sinker,3,1,3,1,1,7,7,1,Standard,Standard,225,0.161,1.097,74.5,6.2,2.346,-1.097,107.8,2,2,0.807,0.807,34,24,35,25,3,2,5.0,1.0,6.0,1.0,2.43,1.21,-1.21,50.0,8.458553738768364,-11.309395898993705,28.768756212097497,30.436319053753337,42.2205296583227
CH,2024-06-30,81.1,-2.18,5.81,"Hendricks, Kyle",668930,543294,,ball,,,,,13,Brice Turang hits a grand slam (6) to right center field. Rhys Hoskins scores. Sal Frelick scores. Jackson Chourio scores.,R,L,R,MIL,CHC,B,,,0,0,2024,-1.23,0.7,-0.34,1.17,656555.0,686217.0,694192.0,2,4,Bot,,,,,,,6.3677196827476905,-117.95747930740288,-5.0671976519124415,-12.712289810931631,21.16855789490634,-24.839029519387708,3.3,1.52,,,,80.2,2243,5.6,745971,665804,683737,663538,666624,621020,664023,691718,673548,54.94,,,,,,,,35,1,Changeup,3,1,3,1,1,3,3,1,Standard,Standard,233,0.0,0.031,,,,-0.031,,2,2,0.807,0.807,34,24,35,25,3,2,5.0,1.0,6.0,1.0,2.75,1.23,-1.23,43.0,,,,,
CU,2024-06-30,74.4,-2.34,5.7,"Hendricks, Kyle",655316,543294,strikeout,swinging_strike_blocked,,,,,14,Andruw Monasterio strikes out swinging.,R,R,R,MIL,CHC,S,2.0,,1,2,2024,1.17,-0.88,0.39,0.61,656555.0,686217.0,694192.0,1,4,Bot,,,,,,,3.5008771694834344,-108.23083514812542,-1.546453981974939,8.383826508204203,22.13383206397384,-38.92603758900671,3.3,1.53,,,,72.9,2910,5.5,745971,665804,683737,663538,666624,621020,664023,691718,673548,54.97,,0.0,0.0,1.0,0.0,0.0,,34,4,Curveball,3,1,3,1,1,3,3,1,Standard,Standard,39,-0.047,-0.18,63.8,7.8,,0.18,,2,2,0.854,0.854,34,27,35,27,2,1,5.0,1.0,6.0,2.0,5.06,-1.17,-1.17,49.6,34.26799067094004,-30.615320062769012,41.44730318997279,35.11285869366586,55.99504345673978
CH,2024-06-30,79.7,-2.23,5.81,"Hendricks, Kyle",655316,543294,,foul,,,,,14,Andruw Monasterio strikes out swinging.,R,R,R,MIL,CHC,S,,,1,1,2024,-0.38,0.86,1.13,1.69,656555.0,686217.0,694192.0,1,4,Bot,,,,,,,7.968021740118162,-115.80935133426156,-3.8810420899126585,-4.916790147416633,21.329524268443496,-23.85773474928532,3.3,1.53,,,,78.6,2147,5.6,745971,665804,683737,663538,666624,621020,664023,691718,673548,54.92,,,,,,,,34,3,Changeup,3,1,3,1,1,3,3,1,Standard,Standard,231,0.0,-0.07,64.8,7.5,,0.07,,2,2,0.854,0.854,34,27,35,27,2,1,5.0,1.0,6.0,2.0,2.73,0.38,0.38,43.6,22.9838564394715,-8.515132202788458,37.16527451506432,47.0333428640405,39.73585708001464
SI,2024-06-30,87.0,-2.13,5.75,"Hendricks, Kyle",655316,543294,,called_strike,,,,,9,Andruw Monasterio strikes out swinging.,R,R,R,MIL,CHC,S,,,1,0,2024,-1.21,0.6,0.5,1.92,656555.0,686217.0,694192.0,1,4,Bot,,,,,,,8.675424593668605,-126.51438139619492,-4.255975179836482,-14.668286619051274,23.024386436198576,-25.050614055205124,3.27,1.52,,,,86.3,1982,5.6,745971,665804,683737,663538,666624,621020,664023,691718,673548,54.87,,,,,,,,34,2,Sinker,3,1,3,1,1,3,3,1,Standard,Standard,217,0.0,-0.062,,,,0.062,,2,2,0.854,0.854,34,27,35,27,2,1,5.0,1.0,6.0,2.0,2.39,1.21,1.21,43.3,,,,,
CU,2024-06-30,72.9,-2.3,5.89,"Hendricks, Kyle",655316,543294,,ball,,,,,12,Andruw Monasterio strikes out swinging.,R,R,R,MIL,CHC,B,,,0,0,2024,1.25,-0.67,0.62,3.49,656555.0,686217.0,694192.0,1,4,Bot,,,,,,,3.670532364067956,-105.95628381136288,3.714035510047722,8.581440172534046,20.4858171220532,-38.110942197700574,3.15,1.44,,,,71.4,2860,5.5,745971,665804,683737,663538,666624,621020,664023,691718,673548,54.99,,,,,,,,34,1,Curveball,3,1,3,1,1,3,3,1,Standard,Standard,56,0.0,0.039,,,,-0.039,,2,2,0.854,0.854,34,27,35,27,2,1,5.0,1.0,6.0,2.0,5.01,-1.25,-1.25,44.4,,,,,
SI,2024-06-30,87.5,-2.21,5.77,"Hendricks, Kyle",694192,543294,single,hit_into_play,,,,,2,Jackson Chourio singles on a ground ball to left fielder Ian Happ. Rhys Hoskins to 3rd. Sal Frelick to 2nd.,R,R,R,MIL,CHC,X,7.0,ground_ball,0,2,2024,-1.03,0.48,-0.11,3.06,,656555.0,686217.0,1,4,Bot,82.23,112.24,,,,,7.073740587913408,-127.29819203273604,-1.4624500695222218,-12.565676447167212,23.165089398130185,-26.790456449578333,3.29,1.58,140.0,96.2,7.0,86.7,1937,5.6,745971,665804,683737,663538,666624,621020,664023,691718,673548,54.94,0.54,0.486,0.9,1.0,1.0,0.0,4.0,33,3,Sinker,3,1,3,1,1,3,3,1,Standard,Standard,212,0.037,0.566,72.7,7.4,0.603,-0.566,96.2,2,2,0.817,0.817,34,20,35,20,2,1,5.0,1.0,6.0,1.0,2.47,1.03,1.03,49.7,12.646619427386172,-2.492208084657073,25.26865860813856,33.79969406249221,30.0593300779193
SI,2024-06-30,87.8,-2.26,5.75,"Hendricks, Kyle",694192,543294,,foul,,,,,13,Jackson Chourio singles on a ground ball to left fielder Ian Happ. Rhys Hoskins to 3rd. Sal Frelick to 2nd.,R,R,R,MIL,CHC,S,,,0,1,2024,-1.29,0.6,-1.58,2.22,,656555.0,686217.0,1,4,Bot,,,,,,,4.26333827417565,-127.78773905128403,-3.660829249928625,-15.02294600227022,26.173479575634826,-25.014166081287787,3.29,1.58,6.0,93.8,-19.0,86.7,1925,5.6,745971,665804,683737,663538,666624,621020,664023,691718,673548,54.92,,,,,,,,33,2,Sinker,3,1,3,1,1,3,3,1,Standard,Standard,216,0.0,-0.048,80.3,7.6,,0.048,93.8,2,2,0.817,0.817,34,20,35,20,2,1,5.0,1.0,6.0,1.0,2.35,1.29,1.29,42.9,10.053505042630055,-25.317568790851,37.695014172425175,19.36286449716436,30.386851877185364
SI,2024-06-30,87.5,-2.17,5.75,"Hendricks, Kyle",694192,543294,,called_strike,,,,,9,Jackson Chourio singles on a ground ball to left fielder Ian Happ. Rhys Hoskins to 3rd. Sal Frelick to 2nd.,R,R,R,MIL,CHC,S,,,0,0,2024,-1.14,0.57,0.69,1.94,,656555.0,686217.0,1,4,Bot,,,,,,,9.122444815027846,-127.12435054998322,-4.214084696782073,-14.145430541461494,24.23990670330396,-25.35359078612665,3.34,1.49,,,,86.7,1940,5.7,745971,665804,683737,663538,666624,621020,664023,691718,673548,54.8,,,,,,,,33,1,Sinker,3,1,3,1,1,3,3,1,Standard,Standard,215,0.0,-0.039,,,,0.039,,2,2,0.817,0.817,34,20,35,20,2,1,5.0,1.0,6.0,1.0,2.4,1.14,1.14,45.2,,,,,
CH,2024-06-30,80.8,-2.32,5.79,"Hendricks, Kyle",686217,543294,single,hit_into_play,,,,,13,Sal Frelick singles on a line drive to center fielder Pete Crow-Armstrong. Jake Bauers scores. Rhys Hoskins to 2nd.,R,L,R,MIL,CHC,X,8.0,line_drive,1,1,2024,-1.38,0.38,-0.85,1.56,,641343.0,656555.0,1,4,Bot,105.46,91.73,,,,,5.788265731695115,-117.50459152156007,-3.45021865333934,-13.882829769441315,22.24074133635952,-28.181617922166403,3.0,1.39,227.0,87.1,12.0,79.6,2191,5.5,745971,665804,683737,663538,666624,621020,664023,691718,673548,55.01,0.754,0.717,0.9,1.0,1.0,0.0,4.0,32,3,Changeup,2,1,2,1,1,3,3,1,Standard,Standard,235,0.093,0.504,64.6,7.7,0.873,-0.504,88.0,1,1,0.724,0.724,34,24,35,24,2,1,5.0,1.0,6.0,1.0,3.11,1.38,-1.38,42.7,7.308089452773056,4.858675319340995,28.773991599600976,48.58187597608175,21.686296082812213
CU,2024-06-30,73.8,-2.43,5.78,"Hendricks, Kyle",686217,543294,,ball,,,,,11,Sal Frelick singles on a line drive to center fielder Pete Crow-Armstrong. Jake Bauers scores. Rhys Hoskins to 2nd.,R,L,R,MIL,CHC,B,,,0,1,2024,1.35,-0.79,-1.17,3.38,,641343.0,656555.0,1,4,Bot,,,,,,,0.1975790057070377,-107.29862108390344,3.807091327626819,10.251468869314444,22.021525735192125,-39.20604247911964,2.92,1.29,,,,72.0,2972,5.3,745971,665804,683737,663538,666624,621020,664023,691718,673548,55.16,,,,,,,,32,2,Curveball,2,1,2,1,1,2,2,1,Standard,Standard,47,0.0,0.015,,,,-0.015,,1,1,0.724,0.724,34,24,35,24,2,1,5.0,1.0,6.0,1.0,5.04,-1.35,1.35,40.9,,,,,
SI,2024-06-30,87.1,-2.32,5.76,"Hendricks, Kyle",686217,543294,,called_strike,,,,,5,Sal Frelick singles on a line drive to center fielder Pete Crow-Armstrong. Jake Bauers scores. Rhys Hoskins to 2nd.,R,L,R,MIL,CHC,S,,,0,0,2024,-1.12,0.7,-0.24,2.5,,641343.0,656555.0,1,4,Bot,,,,,,,7.202758280510643,-126.72446571354418,-3.138176641426614,-13.53184053193049,23.8332021505904,-24.129488477146896,3.06,1.4,,,,86.5,1992,5.7,745971,665804,683737,663538,666624,621020,664023,691718,673548,54.79,,,,,,,,32,1,Sinker,2,1,2,1,1,2,2,1,Standard,Standard,215,0.0,-0.039,,,,0.039,,1,1,0.724,0.724,34,24,35,24,2,1,5.0,1.0,6.0,1.0,2.28,1.12,-1.12,42.7,,,,,
CH,2024-06-30,79.6,-2.17,5.86,"Hendricks, Kyle",656555,543294,single,hit_into_play,,,,,5,Rhys Hoskins singles on a fly ball to left fielder Ian Happ. Jake Bauers to 2nd.,R,R,R,MIL,CHC,X,7.0,fly_ball,2,1,2024,-0.38,1.27,0.15,2.72,,,641343.0,1,4,Bot,34.51,86.81,,,,,5.714736026507581,-115.79833411087004,-2.497261526305531,-4.534285454395059,21.734636517289157,-20.46522339274601,3.52,1.64,360.0,98.1,44.0,78.4,2292,5.4,745971,665804,683737,663538,666624,621020,664023,691718,673548,55.05,0.031,0.051,0.9,1.0,1.0,0.0,3.0,31,4,Changeup,2,1,2,1,1,2,2,1,Infield shade,Standard,225,0.032,0.37,76.2,8.6,0.098,-0.37,98.1,1,1,0.692,0.692,34,31,35,31,2,1,5.0,1.0,6.0,1.0,2.33,0.38,0.38,42.6,28.449290248497928,-20.630796104088155,31.153850612876923,36.97019476938521,46.16566738538225
SI,2024-06-30,87.3,-2.28,5.71,"Hendricks, Kyle",656555,543294,,ball,,,,,11,Rhys Hoskins singles on a fly ball to left fielder Ian Happ. Jake Bauers to 2nd.,R,R,R,MIL,CHC,B,,,1,1,2024,-1.29,0.68,-1.51,3.22,,,641343.0,1,4,Bot,,,,,,,4.436856951489125,-127.0789705252382,-1.2691941472669388,-14.867818704625982,25.943706538143275,-24.70333607654348,3.61,1.49,,,,86.3,2037,5.6,745971,665804,683737,663538,666624,621020,664023,691718,673548,54.9,,,,,,,,31,3,Sinker,2,1,2,1,1,2,2,1,Standard,Standard,218,0.0,0.046,,,,-0.046,,1,1,0.692,0.692,34,31,35,31,2,1,5.0,1.0,6.0,1.0,2.3,1.29,1.29,41.3,,,,,
SI,2024-06-30,87.0,-2.3,5.76,"Hendricks, Kyle",656555,543294,,ball,,,,,11,Rhys Hoskins singles on a fly ball to left fielder Ian Happ. Jake Bauers to 2nd.,R,R,R,MIL,CHC,B,,,0,1,2024,-1.24,0.67,-1.8,2.77,,,641343.0,1,4,Bot,,,,,,,3.694329106773929,-126.7532982406042,-2.3961736885923584,-14.158228407092828,24.932349160666213,-24.616811110052897,3.62,1.62,,,,86.1,1990,5.6,745971,665804,683737,663538,666624,621020,664023,691718,673548,54.95,,,,,,,,31,2,Sinker,2,1,2,1,1,2,2,1,Standard,Standard,217,0.0,0.029,,,,-0.029,,1,1,0.692,0.692,34,31,35,31,2,1,5.0,1.0,6.0,1.0,2.32,1.24,1.24,42.4,,,,,
CU,2024-06-30,72.1,-2.26,5.82,"Hendricks, Kyle",656555,543294,,called_strike,,,,,5,Rhys Hoskins singles on a fly ball to left fielder Ian Happ. Jake Bauers to 2nd.,R,R,R,MIL,CHC,S,,,0,0,2024,1.13,-0.82,-0.08,2.44,,,641343.0,1,4,Bot,,,,,,,2.382061658537448,-104.9325611577104,2.147581082112868,7.820678984530929,19.72219748223817,-38.85142128824278,3.59,1.48,,,,70.7,2977,5.4,745971,665804,683737,663538,666624,621020,664023,691718,673548,55.09,,,,,,,,31,1,Curveball,2,1,2,1,1,2,2,1,Standard,Standard,40,0.0,-0.04,,,,0.04,,1,1,0.692,0.692,34,31,35,31,2,1,5.0,1.0,6.0,1.0,5.25,-1.13,-1.13,42.3,,,,,
CH,2024-06-30,81.0,-2.68,5.88,"Hendricks, Kyle",641343,543294,walk,ball,,,,,12,Jake Bauers walks.,R,L,R,MIL,CHC,B,,,3,1,2024,-1.12,0.75,0.17,3.51,,,,1,4,Bot,,,,,,,8.377326398482193,-117.84327908792606,-0.1956508874962462,-11.940806222100411,18.89896737276488,-25.30186036112699,3.34,1.58,,,,80.5,2194,5.6,745971,665804,683737,663538,666624,621020,664023,691718,673548,54.92,,0.689131,0.7,1.0,0.0,0.0,,30,5,Changeup,2,1,2,1,1,2,2,1,Standard,Standard,226,0.022,0.256,,,,-0.256,,1,1,0.67,0.67,34,28,35,29,2,1,5.0,1.0,6.0,2.0,2.69,1.12,-1.12,44.8,,,,,
CH,2024-06-30,81.9,-2.63,5.81,"Hendricks, Kyle",641343,543294,,ball,,,,,14,Jake Bauers walks.,R,L,R,MIL,CHC,B,,,2,1,2024,-1.19,0.58,0.44,1.23,,,,1,4,Bot,,,,,,,9.075462516683492,-118.8842221777774,-4.860219693959247,-12.99776256872332,21.39082848956574,-25.946161168025505,3.5,1.62,,,,81.0,2215,5.7,745971,665804,683737,663538,666624,621020,664023,691718,673548,54.85,,,,,,,,30,4,Changeup,2,1,2,1,1,2,2,1,Standard,Standard,237,0.0,0.122,,,,-0.122,,1,1,0.67,0.67,34,28,35,29,2,1,5.0,1.0,6.0,2.0,2.82,1.19,-1.19,44.7,,,,,
SI,2024-06-30,88.1,-2.6,5.78,"Hendricks, Kyle",641343,543294,,ball,,,,,14,Jake Bauers walks.,R,L,R,MIL,CHC,B,,,1,1,2024,-1.2,0.69,1.9,2.15,,,,1,4,Bot,,,,,,,13.217111179554673,-127.68396027844274,-4.124020623529479,-15.785284146980937,24.529670890179965,-23.85984318124341,3.53,1.61,,,,87.1,1979,5.7,745971,665804,683737,663538,666624,621020,664023,691718,673548,54.8,,,,,,,,30,3,Sinker,2,1,2,1,1,2,2,1,Standard,Standard,221,0.0,0.059,,,,-0.059,,1,1,0.67,0.67,34,28,35,29,2,1,5.0,1.0,6.0,2.0,2.25,1.2,-1.2,43.8,,,,,
CH,2024-06-30,81.6,-2.67,5.86,"Hendricks, Kyle",641343,543294,,ball,,,,,13,Jake Bauers walks.,R,L,R,MIL,CHC,B,,,0,1,2024,-1.31,0.57,-0.89,1.37,,,,1,4,Bot,,,,,,,6.434353115677848,-118.58991686831628,-4.559016809441432,-13.616349695328145,22.467216987808587,-26.07946690044183,3.52,1.57,,,,80.5,2256,5.6,745971,665804,683737,663538,666624,621020,664023,691718,673548,54.88,,,,,,,,30,2,Changeup,2,1,2,1,1,2,2,1,Standard,Standard,231,0.0,0.024,,,,-0.024,,1,1,0.67,0.67,34,28,35,29,2,1,5.0,1.0,6.0,2.0,2.86,1.31,-1.31,44.9,,,,,
SI,2024-06-30,87.7,-2.63,5.74,"Hendricks, Kyle",641343,543294,,foul,,,,,4,Jake Bauers walks.,R,L,R,MIL,CHC,S,,,0,0,2024,-1.42,0.46,-0.72,2.59,,,,1,4,Bot,,,,,,,7.473061149473935,-127.49441483432112,-2.413405529116768,-17.041606347890752,26.410884889962645,-26.836605695301085,3.45,1.62,270.0,87.1,44.0,86.7,1932,5.7,745971,665804,683737,663538,666624,621020,664023,691718,673548,54.78,,,,,,,,30,1,Sinker,2,1,2,1,1,2,2,1,Standard,Standard,219,0.0,-0.037,73.4,6.9,,0.037,88.0,1,1,0.67,0.67,34,28,35,29,2,1,5.0,1.0,6.0,2.0,2.51,1.42,-1.42,45.0,5.031598121611023,14.89817676386182,34.066303505624354,44.81069047440435,20.23132632578357
SI,2024-06-30,88.0,-2.81,5.73,"Hendricks, Kyle",642715,543294,strikeout,swinging_strike,,,,,11,Willy Adames strikes out swinging.,R,R,R,MIL,CHC,S,2.0,,0,2,2024,-1.21,0.34,-1.47,3.4,,,,0,4,Bot,,,,,,,5.662236966915555,-128.06177833166709,-0.2622069389581654,-14.442728595718146,25.73652641317487,-28.553204392292688,3.38,1.7,,,,87.1,1965,5.6,745971,665804,683737,663538,666624,621020,664023,691718,673548,54.88,,0.0,0.0,1.0,0.0,0.0,,29,3,Sinker,2,1,2,1,1,2,2,1,Standard,Standard,222,-0.02,-0.163,53.3,5.1,,0.163,,1,1,0.69,0.69,34,28,35,29,2,1,5.0,1.0,6.0,1.0,2.59,1.21,1.21,42.5,-19.188860883118448,47.51917101175697,36.48142537262333,21.75717985286004,10.219659806502625
CH,2024-06-30,81.2,-2.7,5.82,"Hendricks, Kyle",642715,543294,,swinging_strike,,,,,6,Willy Adames strikes out swinging.,R,R,R,MIL,CHC,S,,,0,1,2024,-0.27,1.03,0.54,2.45,,,,0,4,Bot,,,,,,,7.696124566591635,-118.07812831983858,-2.9173665282050893,-3.9533920582069375,21.02233386779004,-22.126482596415848,3.38,1.7,,,,80.4,2254,5.6,745971,665804,683737,663538,666624,621020,664023,691718,673548,54.85,,,,,,,,29,2,Changeup,2,1,2,1,1,2,2,1,Standard,Standard,221,0.0,-0.054,72.3,9.1,,0.054,,1,1,0.69,0.69,34,28,35,29,2,1,5.0,1.0,6.0,1.0,2.41,0.27,0.27,44.1,32.54507043076067,-37.00547049252685,32.75889707458068,45.09622264626737,53.99044991539856
SI,2024-06-30,88.7,-2.67,5.74,"Hendricks, Kyle",642715,543294,,foul,,,,,6,Willy Adames strikes out swinging.,R,R,R,MIL,CHC,S,,,0,0,2024,-1.19,0.81,0.33,2.73,,,,0,4,Bot,,,,,,,9.73894814826828,-128.8239755425682,-2.979240415832894,-15.260051389199852,25.05318928000176,-22.754792433911888,3.38,1.7,226.0,84.6,54.0,88.0,2106,5.8,745971,665804,683737,663538,666624,621020,664023,691718,673548,54.65,,,,,,,,29,1,Sinker,2,1,2,1,1,2,2,1,Standard,Standard,219,0.0,-0.037,71.3,7.5,,0.037,88.0,1,1,0.69,0.69,34,28,35,29,2,1,5.0,1.0,6.0,1.0,2.09,1.19,1.19,43.5,3.338456323177652,20.044294964108836,29.18030731485644,43.85083888948501,19.76337750217428
CU,2024-06-30,73.5,-2.38,5.76,"Hendricks, Kyle",592885,543294,home_run,hit_into_play,,,,,5,Christian Yelich homers (8) on a fly ball to center field. William Contreras scores.,R,L,R,MIL,CHC,X,,fly_ball,2,1,2024,1.32,-0.63,-0.25,2.68,,,661388.0,0,4,Bot,143.14,32.89,,,,,1.9980435061543105,-106.90381313758496,2.1982864088379466,9.673356521005015,20.81715535299459,-37.62689658587854,3.34,1.7,422.0,107.4,24.0,72.0,2924,5.4,745971,665804,683737,663538,666624,621020,664023,691718,673548,55.07,0.946,1.815,2.0,1.0,0.0,3.0,6.0,28,4,Curveball,0,1,0,1,1,2,2,1,Standard,Standard,46,0.22,1.02,75.0,7.3,3.447,-1.02,107.4,-1,-1,0.47,0.47,34,32,35,33,2,1,5.0,1.0,6.0,1.0,4.9,-1.32,1.32,41.9,6.282112059310093,0.4603985750117208,31.97392643150047,39.99023201507734,33.56769552165944
SI,2024-06-30,86.9,-2.33,5.73,"Hendricks, Kyle",592885,543294,,ball,,,,,11,Christian Yelich homers (8) on a fly ball to center field. William Contreras scores.,R,L,R,MIL,CHC,B,,,1,1,2024,-1.45,0.77,-1.01,3.05,,,661388.0,0,4,Bot,,,,,,,6.053898309333812,-126.40065568415632,-1.7693093534963111,-16.75693221565953,26.818482919864586,-23.787960539039283,3.37,1.66,,,,85.8,2079,5.7,745971,665804,683737,663538,666624,621020,664023,691718,673548,54.8,,,,,,,,28,3,Sinker,0,1,0,1,1,0,0,1,Standard,Standard,213,0.0,0.043,,,,-0.043,,-1,-1,0.47,0.47,34,32,35,33,2,1,5.0,1.0,6.0,1.0,2.26,1.45,-1.45,41.9,,,,,
SI,2024-06-30,86.3,-2.3,5.83,"Hendricks, Kyle",592885,543294,,ball,,,,,14,Christian Yelich homers (8) on a fly ball to center field. William Contreras scores.,R,L,R,MIL,CHC,B,,,0,1,2024,-1.39,0.94,0.01,1.13,,,661388.0,0,4,Bot,,,,,,,8.223064739795381,-125.33020281804004,-6.754187570485174,-16.2838772171674,26.187320779314884,-21.0538503160824,3.4,1.62,,,,85.2,2107,5.8,745971,665804,683737,663538,666624,621020,664023,691718,673548,54.75,,,,,,,,28,2,Sinker,0,1,0,1,1,0,0,1,Standard,Standard,209,0.0,0.034,,,,-0.034,,-1,-1,0.47,0.47,34,32,35,33,2,1,5.0,1.0,6.0,1.0,2.14,1.39,-1.39,45.0,,,,,
CH,2024-06-30,77.6,-2.38,5.86,"Hendricks, Kyle",592885,543294,,called_strike,,,,,11,Christian Yelich homers (8) on a fly ball to center field. William Contreras scores.,R,L,R,MIL,CHC,S,,,0,0,2024,-1.32,0.49,-0.59,3.61,,,661388.0,0,4,Bot,,,,,,,6.142771223373329,-112.90963711483082,1.1596281297715925,-12.370599497781951,19.3594107500678,-28.40288606906301,3.42,1.42,,,,76.8,2061,5.6,745971,665804,683737,663538,666624,621020,664023,691718,673548,54.93,,,,,,,,28,1,Changeup,0,1,0,1,1,0,0,1,Standard,Standard,240,0.0,-0.042,,,,0.042,,-1,-1,0.47,0.47,34,32,35,33,2,1,5.0,1.0,6.0,1.0,3.28,1.32,-1.32,43.4,,,,,
CH,2024-06-30,81.1,-2.65,5.89,"Hendricks, Kyle",661388,543294,single,hit_into_play,,,,,14,William Contreras singles on a soft ground ball to third baseman Christopher Morel.,R,R,R,MIL,CHC,X,5.0,ground_ball,1,2,2024,-0.34,0.77,1.0,1.54,,,,0,4,Bot,111.6,181.05,,,,,8.696544739735266,-117.83875181390424,-4.573980038106395,-4.668442696492987,19.83648773997172,-24.3307785031044,3.52,1.73,1.0,60.0,-53.0,80.4,2250,5.6,745971,665804,683737,663538,666624,621020,664023,691718,673548,54.87,0.246,0.228,0.9,1.0,1.0,0.0,2.0,27,4,Changeup,0,1,0,1,1,0,0,1,Standard,Standard,229,0.049,0.516,73.5,7.7,0.247,-0.516,88.0,-1,-1,0.421,0.421,34,26,35,27,2,1,5.0,1.0,6.0,1.0,2.68,0.34,0.34,45.6,3.348471216036411,1.90868790092952,29.27717169951685,45.5606089014924,33.83724258704701
CU,2024-06-30,74.9,-2.65,5.73,"Hendricks, Kyle",661388,543294,,ball,,,,,14,William Contreras singles on a soft ground ball to third baseman Christopher Morel.,R,R,R,MIL,CHC,B,,,0,2,2024,1.37,-0.86,2.1,-0.67,,,,0,4,Bot,,,,,,,7.280049985822106,-108.72807828952868,-4.235130871666498,9.010118946525283,24.420345510641383,-38.16031519939727,3.51,1.64,,,,73.0,3013,5.6,745971,665804,683737,663538,666624,621020,664023,691718,673548,54.85,,,,,,,,27,3,Curveball,0,1,0,1,1,0,0,1,Standard,Standard,43,0.0,0.023,,,,-0.023,,-1,-1,0.421,0.421,34,26,35,27,2,1,5.0,1.0,6.0,1.0,5.04,-1.37,-1.37,49.4,,,,,
CH,2024-06-30,79.9,-2.63,5.92,"Hendricks, Kyle",661388,543294,,swinging_strike,,,,,6,William Contreras singles on a soft ground ball to third baseman Christopher Morel.,R,R,R,MIL,CHC,S,,,0,1,2024,-0.44,0.67,0.63,2.61,,,,0,4,Bot,,,,,,,7.885460369787066,-116.15339321299209,-1.8147368499027003,-5.440108465590828,21.39102996006889,-25.972116533450645,3.52,1.73,,,,78.8,2213,5.5,745971,665804,683737,663538,666624,621020,664023,691718,673548,54.97,,,,,,,,27,2,Changeup,0,1,0,1,1,0,0,1,Standard,Standard,211,0.0,-0.054,74.3,7.8,,0.054,,-1,-1,0.421,0.421,34,26,35,27,2,1,5.0,1.0,6.0,1.0,2.9,0.44,0.44,44.4,15.776466603373668,-2.594521626652393,18.857320256258536,41.74155389507551,33.02671069263203
CU,2024-06-30,73.8,-2.68,5.76,"Hendricks, Kyle",661388,543294,,called_strike,,,,,8,William Contreras singles on a soft ground ball to third baseman Christopher Morel.,R,R,R,MIL,CHC,S,,,0,0,2024,1.36,-0.9,0.12,2.28,,,,0,4,Bot,,,,,,,3.2723921019045967,-107.27333591951285,1.8647150049087395,9.62438804860195,22.37618598931264,-39.63172114009618,3.62,1.68,,,,72.1,2938,5.5,745971,665804,683737,663538,666624,621020,664023,691718,673548,55.0,,,,,,,,27,1,Curveball,0,1,0,1,1,0,0,1,Standard,Standard,51,0.0,-0.037,,,,0.037,,-1,-1,0.421,0.421,34,26,35,27,2,1,5.0,1.0,6.0,1.0,5.16,-1.36,-1.36,42.2,,,,,
CH,2024-06-30,81.6,-2.69,5.93,"Hendricks, Kyle",668930,543294,field_out,hit_into_play,,,,,4,Brice Turang pops out to third baseman Christopher Morel.,R,L,R,MIL,CHC,X,5.0,popup,0,1,2024,-1.1,0.64,-0.58,2.54,,,,2,3,Bot,125.98,192.62,,,,,6.774682310006483,-118.82132419478022,-2.3316083609152045,-11.678688007018623,20.26996504197526,-25.816391515704424,3.14,1.47,128.0,71.1,67.0,81.1,2210,5.6,745971,665804,683737,663538,666624,621020,664023,691718,673548,54.86,0.003,0.003,0.0,1.0,0.0,0.0,3.0,23,2,Changeup,0,1,0,1,1,0,0,1,Standard,Standard,231,-0.013,-0.215,67.3,6.3,0.004,0.215,88.0,-1,-1,0.384,0.384,34,24,35,25,2,1,5.0,1.0,6.0,1.0,2.75,1.1,-1.1,45.8,6.238814759488327,0.6904442974141848,24.723854491984444,43.31924314324056,40.25134410025973
CU,2024-06-30,73.6,-2.7,5.78,"Hendricks, Kyle",668930,543294,,called_strike,,,,,4,Brice Turang pops out to third baseman Christopher Morel.,R,L,R,MIL,CHC,S,,,0,0,2024,1.28,-0.87,-0.53,2.32,,,,2,3,Bot,,,,,,,2.1500224426099988,-107.15223217646964,1.8181302595002768,9.385754978998769,20.67521225471757,-39.403874924486274,3.13,1.43,,,,72.2,2953,5.5,745971,665804,683737,663538,666624,621020,664023,691718,673548,55.01,,,,,,,,23,1,Curveball,0,1,0,1,1,0,0,1,Standard,Standard,47,0.0,-0.041,,,,0.041,,-1,-1,0.384,0.384,34,24,35,25,2,1,5.0,1.0,6.0,1.0,5.11,-1.28,1.28,43.1,,,,,
SI,2024-06-30,89.0,-2.73,5.73,"Hendricks, Kyle",655316,543294,strikeout,called_strike,,,,,6,Andruw Monasterio called out on strikes.,R,R,R,MIL,CHC,S,2.0,,2,2,2024,-1.38,0.64,0.35,2.05,,,,1,3,Bot,,,,,,,10.32906967985498,-129.32991831999882,-4.3321380694712746,-17.53085083063064,23.61656114528001,-24.29517126416955,3.34,1.46,,,,88.5,2066,5.8,745971,665804,683737,663538,666624,621020,664023,691718,673548,54.75,,0.0,0.0,1.0,0.0,0.0,,22,5,Sinker,0,1,0,1,1,0,0,1,Standard,Standard,212,-0.019,-0.225,,,,0.225,,-1,-1,0.403,0.403,34,27,35,27,1,0,5.0,1.0,6.0,2.0,2.22,1.38,1.38,42.5,,,,,
CU,2024-06-30,77.0,-2.76,5.75,"Hendricks, Kyle",655316,543294,,ball,,,,,14,Andruw Monasterio called out on strikes.,R,R,R,MIL,CHC,B,,,1,2,2024,0.97,-1.24,2.8,-1.03,,,,1,3,Bot,,,,,,,9.878484131367808,-111.51589438271849,-4.868953079669329,5.687296904518904,25.02981965923104,-41.42928746356309,3.28,1.5,,,,75.0,3082,5.6,745971,665804,683737,663538,666624,621020,664023,691718,673548,54.85,,,,,,,,22,4,Curveball,0,1,0,1,1,0,0,1,Standard,Standard,34,0.0,0.043,,,,-0.043,,-1,-1,0.403,0.403,34,27,35,27,1,0,5.0,1.0,6.0,2.0,5.2,-0.97,-0.97,43.5,,,,,
CH,2024-06-30,80.6,-2.6,5.83,"Hendricks, Kyle",655316,543294,,foul,,,,,9,Andruw Monasterio called out on strikes.,R,R,R,MIL,CHC,S,,,1,1,2024,-0.44,0.88,0.71,1.89,,,,1,3,Bot,,,,,,,8.058118253709338,-117.15366491631012,-3.7740891383005657,-5.467693118576583,19.588566290002056,-23.52251986091358,3.3,1.53,3.0,61.8,-34.0,79.8,2196,5.6,745971,665804,683737,663538,666624,621020,664023,691718,673548,54.93,,,,,,,,22,3,Changeup,0,1,0,1,1,0,0,1,Standard,Standard,228,0.0,-0.061,70.9,7.3,,0.061,88.0,-1,-1,0.403,0.403,34,27,35,27,1,0,5.0,1.0,6.0,2.0,2.6,0.44,0.44,43.7,21.38464553020145,-7.728038987486488,33.65483581460601,40.61227423767788,41.20992607376722
SI,2024-06-30,88.2,-2.68,5.86,"Hendricks, Kyle",655316,543294,,ball,,,,,11,Andruw Monasterio called out on strikes.,R,R,R,MIL,CHC,B,,,0,1,2024,-1.24,0.7,-1.48,3.39,,,,1,3,Bot,,,,,,,5.445790921351751,-128.41442360669873,-1.3968783827593227,-14.864539948708147,25.07841490623212,-24.29081345982719,3.31,1.43,,,,87.5,2060,5.7,745971,665804,683737,663538,666624,621020,664023,691718,673548,54.78,,,,,,,,22,2,Sinker,0,1,0,1,1,0,0,1,Standard,Standard,211,0.0,0.024,,,,-0.024,,-1,-1,0.403,0.403,34,27,35,27,1,0,5.0,1.0,6.0,2.0,2.21,1.24,1.24,44.1,,,,,
SI,2024-06-30,87.7,-2.66,5.74,"Hendricks, Kyle",655316,543294,,called_strike,,,,,6,Andruw Monasterio called out on strikes.,R,R,R,MIL,CHC,S,,,0,0,2024,-1.13,0.71,0.56,2.27,,,,1,3,Bot,,,,,,,10.009924179134618,-127.38003377821076,-3.7324990495958272,-14.284296003197808,23.727112294773423,-23.87787251142141,3.14,1.51,,,,87.1,1991,5.8,745971,665804,683737,663538,666624,621020,664023,691718,673548,54.72,,,,,,,,22,1,Sinker,0,1,0,1,1,0,0,1,Standard,Standard,213,0.0,-0.037,,,,0.037,,-1,-1,0.403,0.403,34,27,35,27,1,0,5.0,1.0,6.0,2.0,2.25,1.13,1.13,44.4,,,,,
SI,2024-06-30,87.7,-2.81,5.72,"Hendricks, Kyle",694192,543294,field_out,hit_into_play,,,,,13,Jackson Chourio lines out to left fielder Ian Happ.,R,R,R,MIL,CHC,X,7.0,line_drive,1,1,2024,-1.14,0.66,-1.2,2.34,,,,0,3,Bot,60.65,97.62,,,,,6.166754037064011,-127.51061570857858,-3.3668127585261214,-13.711843614159816,26.491553206557214,-24.510827153693608,3.29,1.58,298.0,88.6,21.0,86.7,1950,5.7,745971,665804,683737,663538,666624,621020,664023,691718,673548,54.8,0.309,0.295,0.0,1.0,0.0,0.0,3.0,21,3,Sinker,0,1,0,1,1,0,0,1,Standard,Standard,221,-0.027,-0.243,76.3,7.2,0.411,0.243,88.6,-1,-1,0.43,0.43,34,20,35,20,1,0,5.0,1.0,6.0,1.0,2.31,1.14,1.14,41.1,8.197837792251022,-9.760671816001548,33.87550246003798,23.440588162376446,31.396064584940923
CH,2024-06-30,80.7,-2.62,5.9,"Hendricks, Kyle",694192,543294,,ball,,,,,14,Jackson Chourio lines out to left fielder Ian Happ.,R,R,R,MIL,CHC,B,,,0,1,2024,-0.3,0.63,0.91,0.87,,,,0,3,Bot,,,,,,,8.274148006314432,-117.16855361078731,-5.642274655772242,-4.259648703268593,21.705626336767573,-25.5094966203816,3.39,1.4,,,,79.6,2210,5.6,745971,665804,683737,663538,666624,621020,664023,691718,673548,54.86,,,,,,,,21,2,Changeup,0,1,0,1,1,0,0,1,Standard,Standard,222,0.0,0.025,,,,-0.025,,-1,-1,0.43,0.43,34,20,35,20,1,0,5.0,1.0,6.0,1.0,2.88,0.3,0.3,44.5,,,,,
SI,2024-06-30,87.5,-2.6,5.8,"Hendricks, Kyle",694192,543294,,called_strike,,,,,9,Jackson Chourio lines out to left fielder Ian Happ.,R,R,R,MIL,CHC,S,,,0,0,2024,-0.98,0.8,0.53,1.76,,,,0,3,Bot,,,,,,,9.461331263509098,-126.98431395321776,-5.1657506820571575,-12.502631770176793,25.653278466412093,-22.614559927125004,3.47,1.69,,,,86.5,2010,5.8,745971,665804,683737,663538,666624,621020,664023,691718,673548,54.73,,,,,,,,21,1,Sinker,0,1,0,1,1,0,0,1,Standard,Standard,211,0.0,-0.037,,,,0.037,,-1,-1,0.43,0.43,34,20,35,20,1,0,5.0,1.0,6.0,1.0,2.19,0.98,0.98,45.8,,,,,
CH,2024-06-30,80.1,-2.34,5.85,"Hendricks, Kyle",686217,543294,field_out,hit_into_play,,,,,5,Sal Frelick pops out to shortstop Dansby Swanson.,R,L,R,MIL,CHC,X,6.0,popup,0,1,2024,-1.46,0.47,-0.17,2.13,,,641343.0,2,2,Bot,117.76,144.79,,,,,7.409624290330742,-116.46931407116163,-2.4265133989054424,-14.628328298414631,20.162255209419047,-27.627332993110716,3.0,1.39,150.0,84.6,64.0,79.1,2248,5.5,745971,665804,683737,663538,666624,621020,664023,691718,673548,55.05,0.014,0.013,0.0,1.0,0.0,0.0,3.0,16,2,Changeup,0,1,0,1,1,0,0,1,Standard,Standard,235,-0.025,-0.224,71.7,7.7,0.015,0.224,88.0,-1,-1,0.408,0.408,34,24,35,24,1,0,5.0,1.0,6.0,1.0,3.06,1.46,-1.46,43.3,15.75992239928292,-14.694000176141898,29.83037940661873,39.93531669013269,31.94156458465839
SI,2024-06-30,86.6,-2.27,5.81,"Hendricks, Kyle",686217,543294,,called_strike,,,,,1,Sal Frelick pops out to shortstop Dansby Swanson.,R,L,R,MIL,CHC,S,,,0,0,2024,-1.23,0.86,-0.7,2.76,,,641343.0,2,2,Bot,,,,,,,6.1877475341122565,-125.99914816801508,-2.877155153310375,-14.36382445294031,23.346744407826275,-22.555967304398063,3.0,1.37,,,,85.8,2049,5.6,745971,665804,683737,663538,666624,621020,664023,691718,673548,54.92,,,,,,,,16,1,Sinker,0,1,0,1,1,0,0,1,Standard,Standard,223,0.0,-0.047,,,,0.047,,-1,-1,0.408,0.408,34,24,35,24,1,0,5.0,1.0,6.0,1.0,2.15,1.23,-1.23,41.7,,,,,
CH,2024-06-30,80.1,-2.21,5.94,"Hendricks, Kyle",656555,543294,field_out,hit_into_play,,,,,9,Rhys Hoskins flies out to left fielder Ian Happ.,R,R,R,MIL,CHC,X,7.0,fly_ball,0,1,2024,-0.75,1.29,0.46,2.1,,,641343.0,1,2,Bot,68.01,91.89,,,,,7.207914747139892,-116.44767494819796,-4.13487354639534,-8.18542085491216,21.744424344170763,-19.841621407521775,3.52,1.64,302.0,95.7,47.0,78.9,2176,5.5,745971,665804,683737,663538,666624,621020,664023,691718,673548,55.04,0.011,0.019,0.0,1.0,0.0,0.0,3.0,15,2,Changeup,0,1,0,1,1,0,0,1,Infield shade,Standard,232,-0.032,-0.215,70.9,8.6,0.03,0.215,95.7,-1,-1,0.44,0.44,34,31,35,31,1,0,5.0,1.0,6.0,1.0,2.27,0.75,0.75,43.9,20.03383216970798,-15.863743340061616,38.17568630534962,40.821420575376855,44.12431478571248
SI,2024-06-30,87.3,-2.34,5.82,"Hendricks, Kyle",656555,543294,,foul,,,,,5,Rhys Hoskins flies out to left fielder Ian Happ.,R,R,R,MIL,CHC,S,,,0,0,2024,-1.33,0.64,-0.17,2.32,,,641343.0,1,2,Bot,,,,,,,7.848063919389112,-126.88711507688484,-3.528459922340989,-15.98071455065358,25.909358024053716,-24.772077778924626,3.52,1.64,120.0,85.7,72.0,86.2,2026,5.6,745971,665804,683737,663538,666624,621020,664023,691718,673548,54.85,,,,,,,,15,1,Sinker,0,1,0,1,1,0,0,1,Infield shade,Standard,211,0.0,-0.04,74.5,8.3,,0.04,88.0,-1,-1,0.44,0.44,34,31,35,31,1,0,5.0,1.0,6.0,1.0,2.36,1.33,1.33,42.5,8.800690877571602,-15.901448792992328,42.844536749495205,34.517861694617096,35.48460113956585
CH,2024-06-30,82.5,-2.64,5.85,"Hendricks, Kyle",641343,543294,single,hit_into_play,,,,,7,Jake Bauers singles on a line drive to right fielder Seiya Suzuki.,R,L,R,MIL,CHC,X,9.0,line_drive,2,2,2024,-1.09,0.63,-0.53,2.16,,,,1,2,Bot,179.39,116.02,,,,,6.813915690046252,-120.12149809914644,-3.159872296837316,-11.844505393541564,20.63387854612525,-25.633093855028857,3.45,1.62,176.0,96.6,12.0,81.9,2179,5.6,745971,665804,683737,663538,666624,621020,664023,691718,673548,54.91,0.943,0.906,0.9,1.0,1.0,0.0,4.0,14,6,Changeup,0,1,0,1,1,0,0,1,Infield shade,Standard,228,0.028,0.453,72.1,7.9,1.113,-0.453,96.6,-1,-1,0.412,0.412,34,28,35,29,1,0,5.0,1.0,6.0,2.0,2.68,1.09,-1.09,43.3,24.35046951373411,-5.542801207191891,36.07492632278152,42.524562029551625,36.640345927945305
SI,2024-06-30,88.2,-2.75,5.79,"Hendricks, Kyle",641343,543294,,foul,,,,,2,Jake Bauers singles on a line drive to right fielder Seiya Suzuki.,R,L,R,MIL,CHC,S,,,2,2,2024,-1.03,0.61,0.26,3.09,,,,1,2,Bot,,,,,,,9.33802543484617,-128.27810016862625,-1.839855386300448,-13.06983416404574,21.06838746336296,-25.21484452204141,3.45,1.62,165.0,68.4,29.0,88.0,1906,5.7,745971,665804,683737,663538,666624,621020,664023,691718,673548,54.79,,,,,,,,14,5,Sinker,0,1,0,1,1,0,0,1,Infield shade,Standard,199,0.0,0.0,69.0,6.3,,0.0,88.0,-1,-1,0.412,0.412,34,28,35,29,1,0,5.0,1.0,6.0,2.0,2.28,1.03,-1.03,40.3,1.3091283080458551,9.470145320110088,35.98277665147493,32.87099901098949,21.786120510074586
CU,2024-06-30,74.6,-2.73,5.84,"Hendricks, Kyle",641343,543294,,swinging_strike,,,,,8,Jake Bauers singles on a line drive to right fielder Seiya Suzuki.,R,L,R,MIL,CHC,S,,,2,1,2024,1.31,-1.01,0.02,2.1,,,,1,2,Bot,,,,,,,3.291634122395242,-108.50103115618433,1.3159358205065863,9.644781311945556,20.995313710976497,-40.55141913969869,3.45,1.62,,,,73.1,2933,5.4,745971,665804,683737,663538,666624,621020,664023,691718,673548,55.07,,,,,,,,14,4,Curveball,0,1,0,1,1,0,0,1,Standard,Standard,47,0.0,-0.078,77.4,8.4,,0.078,,-1,-1,0.412,0.412,34,28,35,29,1,0,5.0,1.0,6.0,2.0,5.14,-1.31,1.31,43.6,26.75517296728092,-18.321762609247983,35.095701120565785,37.12769420816458,43.38867993029504
CH,2024-06-30,82.2,-2.72,5.86,"Hendricks, Kyle",641343,543294,,ball,,,,,13,Jake Bauers singles on a line drive to right fielder Seiya Suzuki.,R,L,R,MIL,CHC,B,,,1,1,2024,-1.18,0.44,-0.74,1.48,,,,1,2,Bot,,,,,,,6.654568411901883,-119.51072688711136,-4.20068024707963,-12.58102635488577,22.234846439826786,-27.30484858612006,3.54,1.65,,,,81.1,2210,5.5,745971,665804,683737,663538,666624,621020,664023,691718,673548,55.0,,,,,,,,14,3,Changeup,0,1,0,1,1,0,0,1,Standard,Standard,237,0.0,0.059,,,,-0.059,,-1,-1,0.412,0.412,34,28,35,29,1,0,5.0,1.0,6.0,2.0,2.93,1.18,-1.18,45.3,,,,,
CH,2024-06-30,82.0,-2.74,5.85,"Hendricks, Kyle",641343,543294,,ball,,,,,13,Jake Bauers singles on a line drive to right fielder Seiya Suzuki.,R,L,R,MIL,CHC,B,,,0,1,2024,-1.24,0.46,-1.06,2.53,,,,1,2,Bot,,,,,,,6.104495940199485,-119.32360420121668,-1.866590506847342,-13.04430674347,21.377756347776614,-27.62316807011809,3.56,1.59,,,,81.1,2228,5.5,745971,665804,683737,663538,666624,621020,664023,691718,673548,54.95,,,,,,,,14,2,Changeup,0,1,0,1,1,0,0,1,Standard,Standard,230,0.0,0.024,,,,-0.024,,-1,-1,0.412,0.412,34,28,35,29,1,0,5.0,1.0,6.0,2.0,2.91,1.24,-1.24,41.5,,,,,
SI,2024-06-30,87.5,-2.73,5.79,"Hendricks, Kyle",641343,543294,,foul,,,,,7,Jake Bauers singles on a line drive to right fielder Seiya Suzuki.,R,L,R,MIL,CHC,S,,,0,0,2024,-1.25,0.66,-0.71,1.7,,,,1,2,Bot,,,,,,,7.364097667190862,-127.20922388099429,-5.0642809422281925,-15.02621356167407,24.303989869355625,-24.206564482483326,3.45,1.62,157.0,69.4,24.0,86.8,1928,5.8,745971,665804,683737,663538,666624,621020,664023,691718,673548,54.74,,,,,,,,14,1,Sinker,0,1,0,1,1,0,0,1,Standard,Standard,218,0.0,-0.037,72.3,8.0,,0.037,88.0,-1,-1,0.412,0.412,34,28,35,29,1,0,5.0,1.0,6.0,2.0,2.31,1.25,-1.25,44.0,10.586994688087591,-1.0300361730804837,42.46130848744276,44.55239137257444,29.84702655335577
SI,2024-06-30,88.6,-2.69,5.8,"Hendricks, Kyle",642715,543294,field_out,hit_into_play,,,,,13,"Willy Adames grounds out, shortstop Dansby Swanson to first baseman Michael Busch.",R,R,R,MIL,CHC,X,6.0,ground_ball,3,2,2024,-1.26,0.6,-1.06,2.37,,,,0,2,Bot,105.58,150.9,,,,,6.535411249744813,-128.9536276658988,-3.5728029329224635,-15.443255632997545,25.61373981706627,-24.955326494599344,3.38,1.7,25.0,75.5,-3.0,87.7,2052,5.6,745971,665804,683737,663538,666624,621020,664023,691718,673548,54.87,0.094,0.088,0.0,1.0,0.0,0.0,2.0,13,6,Sinker,0,1,0,1,1,0,0,1,Standard,Standard,215,-0.025,-0.333,70.7,6.8,0.098,0.333,88.0,-1,-1,0.437,0.437,34,28,35,29,1,0,5.0,1.0,6.0,1.0,2.29,1.26,1.26,41.0,1.0914113330948525,9.981488511481253,45.04635528083013,26.31095853736535,27.70735596666804
SI,2024-06-30,88.5,-2.51,5.88,"Hendricks, Kyle",642715,543294,,ball,,,,,12,"Willy Adames grounds out, shortstop Dansby Swanson to first baseman Michael Busch.",R,R,R,MIL,CHC,B,,,2,2,2024,-1.16,0.47,1.21,2.91,,,,0,2,Bot,,,,,,,11.32938389634112,-128.49756376288093,-2.176980443147978,-15.02999587356049,23.50712951315016,-26.705859221770577,3.52,1.57,,,,87.7,2166,5.7,745971,665804,683737,663538,666624,621020,664023,691718,673548,54.83,,,,,,,,13,5,Sinker,0,1,0,1,1,0,0,1,Strategic,Standard,201,0.0,0.107,,,,-0.107,,-1,-1,0.437,0.437,34,28,35,29,1,0,5.0,1.0,6.0,1.0,2.43,1.16,1.16,45.4,,,,,
CU,2024-06-30,74.6,-2.62,5.82,"Hendricks, Kyle",642715,543294,,ball,,,,,14,"Willy Adames grounds out, shortstop Dansby Swanson to first baseman Michael Busch.",R,R,R,MIL,CHC,B,,,1,2,2024,1.05,-0.91,1.52,0.36,,,,0,2,Bot,,,,,,,6.575266423027507,-108.38150506568604,-2.2718587180266887,6.822633215042686,21.981677161516718,-39.03543457311656,3.45,1.6,,,,73.1,2947,5.6,745971,665804,683737,663538,666624,621020,664023,691718,673548,54.91,,,,,,,,13,4,Curveball,0,1,0,1,1,0,0,1,Standard,Standard,44,0.0,0.04,,,,-0.04,,-1,-1,0.437,0.437,34,28,35,29,1,0,5.0,1.0,6.0,1.0,5.07,-1.05,-1.05,44.9,,,,,
SI,2024-06-30,88.1,-2.79,5.8,"Hendricks, Kyle",642715,543294,,swinging_strike,,,,,11,"Willy Adames grounds out, shortstop Dansby Swanson to first baseman Michael Busch.",R,R,R,MIL,CHC,S,,,1,1,2024,-1.18,0.78,-1.28,3.32,,,,0,2,Bot,,,,,,,6.063378313638962,-128.32879847630394,-1.628208491876264,-14.278669978049,22.570397840476677,-23.35378951828995,3.38,1.7,,,,87.7,1921,5.6,745971,665804,683737,663538,666624,621020,664023,691718,673548,54.87,,,,,,,,13,3,Sinker,0,1,0,1,1,0,0,1,Strategic,Standard,212,0.0,-0.056,66.5,5.7,,0.056,,-1,-1,0.437,0.437,34,28,35,29,1,0,5.0,1.0,6.0,1.0,2.12,1.18,1.18,43.4,-10.116650477548571,37.10030245825704,36.66660392844582,23.910613524315835,17.45164931830735
SI,2024-06-30,88.0,-2.79,5.74,"Hendricks, Kyle",642715,543294,,ball,,,,,13,"Willy Adames grounds out, shortstop Dansby Swanson to first baseman Michael Busch.",R,R,R,MIL,CHC,B,,,0,1,2024,-1.21,0.56,-1.19,0.73,,,,0,2,Bot,,,,,,,6.320265977251154,-127.91707721862484,-7.175519702194986,-14.572943041383311,23.996398023105268,-24.828838497819515,3.59,1.6,,,,87.4,1993,5.8,745971,665804,683737,663538,666624,621020,664023,691718,673548,54.74,,,,,,,,13,2,Sinker,0,1,0,1,1,0,0,1,Strategic,Standard,215,0.0,0.025,,,,-0.025,,-1,-1,0.437,0.437,34,28,35,29,1,0,5.0,1.0,6.0,1.0,2.37,1.21,1.21,43.8,,,,,
CU,2024-06-30,73.0,-2.79,5.87,"Hendricks, Kyle",642715,543294,,called_strike,,,,,8,"Willy Adames grounds out, shortstop Dansby Swanson to first baseman Michael Busch.",R,R,R,MIL,CHC,S,,,0,0,2024,1.45,-0.74,-0.03,2.17,,,,0,2,Bot,,,,,,,3.019877773560838,-106.17973527060563,1.262847683743884,10.22794607590784,20.86381717699401,-38.19075882710362,3.56,1.61,,,,71.6,2998,5.6,745971,665804,683737,663538,666624,621020,664023,691718,673548,54.93,,,,,,,,13,1,Curveball,0,1,0,1,1,0,0,1,Strategic,Standard,42,0.0,-0.037,,,,0.037,,-1,-1,0.437,0.437,34,28,35,29,1,0,5.0,1.0,6.0,1.0,5.07,-1.45,-1.45,43.7,,,,,
CH,2024-06-30,81.2,-2.71,5.83,"Hendricks, Kyle",592885,543294,field_out,hit_into_play,,,,,7,"Christian Yelich grounds out, second baseman Nico Hoerner to first baseman Michael Busch.",R,L,R,MIL,CHC,X,4.0,ground_ball,1,1,2024,-1.3,0.44,-0.7,1.8,,,,2,1,Bot,138.07,153.95,,,,,6.890972993178117,-118.0332280179662,-3.186053769961779,-13.459898151708522,23.502988053591903,-27.603179488212916,3.34,1.7,4.0,68.6,-27.0,80.0,2163,5.6,745971,665804,683737,663538,666624,621020,664023,691718,673548,54.87,0.046,0.066,0.0,1.0,0.0,0.0,2.0,9,3,Changeup,0,1,0,1,1,0,0,1,Standard,Standard,229,-0.01,-0.244,73.1,7.9,0.05,0.244,88.0,-1,-1,0.402,0.402,34,32,35,33,1,0,5.0,1.0,6.0,1.0,3.03,1.3,-1.3,40.8,7.975753254979568,-7.087732176201229,34.56630599619949,45.39550729806045,34.28307334260059
FF,2024-06-30,87.9,-2.87,5.79,"Hendricks, Kyle",592885,543294,,ball,,,,,13,"Christian Yelich grounds out, second baseman Nico Hoerner to first baseman Michael Busch.",R,L,R,MIL,CHC,B,,,0,1,2024,-0.58,1.28,-0.91,1.45,,,,2,1,Bot,,,,,,,5.873048931702746,-127.70990120094432,-6.945934092183841,-7.632128368934946,27.074129925557635,-16.901608833437777,3.35,1.43,,,,86.7,2116,5.7,745971,665804,683737,663538,666624,621020,664023,691718,673548,54.81,,,,,,,,9,2,4-Seam Fastball,0,1,0,1,1,0,0,1,Standard,Standard,215,0.0,0.029,,,,-0.029,,-1,-1,0.402,0.402,34,32,35,33,1,0,5.0,1.0,6.0,1.0,1.69,0.58,-0.58,43.2,,,,,
SI,2024-06-30,87.1,-2.7,5.84,"Hendricks, Kyle",592885,543294,,called_strike,,,,,9,"Christian Yelich grounds out, second baseman Nico Hoerner to first baseman Michael Busch.",R,L,R,MIL,CHC,S,,,0,0,2024,-1.13,0.78,0.55,2.06,,,,2,1,Bot,,,,,,,9.970244013912689,-126.40570773510092,-4.439411810751613,-14.128229929017404,24.72045564700182,-23.10367324652273,3.32,1.58,,,,86.0,2066,5.7,745971,665804,683737,663538,666624,621020,664023,691718,673548,54.85,,,,,,,,9,1,Sinker,0,1,0,1,1,0,0,1,Standard,Standard,212,0.0,-0.041,,,,0.041,,-1,-1,0.402,0.402,34,32,35,33,1,0,5.0,1.0,6.0,1.0,2.23,1.13,-1.13,44.8,,,,,
CH,2024-06-30,80.6,-2.73,5.9,"Hendricks, Kyle",661388,543294,field_out,hit_into_play,,,,,5,William Contreras pops out to shortstop Dansby Swanson.,R,R,R,MIL,CHC,X,6.0,popup,2,2,2024,-0.28,1.19,-0.04,2.67,,,,1,1,Bot,110.56,155.93,,,,,6.404129881649626,-117.27318717001428,-2.8091800198862438,-3.679406844237336,19.80901556920682,-20.84463121147331,3.52,1.73,120.0,91.8,68.0,79.8,2251,5.5,745971,665804,683737,663538,666624,621020,664023,691718,673548,55.03,0.006,0.005,0.0,1.0,0.0,0.0,3.0,8,5,Changeup,0,1,0,1,1,0,0,1,Standard,Standard,229,-0.017,-0.225,81.2,7.8,0.006,0.225,91.8,-1,-1,0.419,0.419,34,26,35,27,1,0,5.0,1.0,6.0,1.0,2.29,0.28,0.28,44.7,15.753773017079144,-22.639720461293145,29.94035953450052,32.77512682269451,40.08019657127621
FF,2024-06-30,87.2,-2.76,5.77,"Hendricks, Kyle",661388,543294,,ball,,,,,12,William Contreras pops out to shortstop Dansby Swanson.,R,R,R,MIL,CHC,B,,,1,2,2024,-0.29,1.51,1.47,5.12,,,,1,1,Bot,,,,,,,10.61475819545522,-126.51005762714148,1.546028150826362,-5.310138870762215,26.589077916359187,-16.57974458580759,3.55,1.49,,,,85.9,2159,5.7,745971,665804,683737,663538,666624,621020,664023,691718,673548,54.82,,,,,,,,8,4,4-Seam Fastball,0,1,0,1,1,0,0,1,Standard,Standard,206,0.0,0.043,,,,-0.043,,-1,-1,0.419,0.419,34,26,35,27,1,0,5.0,1.0,6.0,1.0,1.51,0.29,0.29,42.1,,,,,
CU,2024-06-30,74.4,-2.71,5.83,"Hendricks, Kyle",661388,543294,,called_strike,,,,,9,William Contreras pops out to shortstop Dansby Swanson.,R,R,R,MIL,CHC,S,,,1,1,2024,1.14,-0.86,0.68,2.07,,,,1,1,Bot,,,,,,,4.881223543686363,-108.12494585203864,1.1107385566354326,7.833539636484018,21.760427513560813,-39.3439038162984,3.56,1.63,,,,72.6,2931,5.4,745971,665804,683737,663538,666624,621020,664023,691718,673548,55.12,,,,,,,,8,3,Curveball,0,1,0,1,1,0,0,1,Standard,Standard,43,0.0,-0.061,,,,0.061,,-1,-1,0.419,0.419,34,26,35,27,1,0,5.0,1.0,6.0,1.0,5.04,-1.14,-1.14,44.7,,,,,
CH,2024-06-30,79.8,-2.61,5.94,"Hendricks, Kyle",661388,543294,,called_strike,,,,,2,William Contreras pops out to shortstop Dansby Swanson.,R,R,R,MIL,CHC,S,,,1,0,2024,-0.48,1.33,0.03,3.49,,,,1,1,Bot,,,,,,,6.6305395138033525,-116.10804981873332,-1.1711936157547789,-5.601046789665332,21.209855597093348,-20.10453606905268,3.54,1.59,,,,78.9,2096,5.6,745971,665804,683737,663538,666624,621020,664023,691718,673548,54.91,,,,,,,,8,2,Changeup,0,1,0,1,1,0,0,1,Standard,Standard,228,0.0,-0.051,,,,0.051,,-1,-1,0.419,0.419,34,26,35,27,1,0,5.0,1.0,6.0,1.0,2.24,0.48,0.48,43.8,,,,,
SI,2024-06-30,87.8,-2.82,5.78,"Hendricks, Kyle",661388,543294,,ball,,,,,13,William Contreras pops out to shortstop Dansby Swanson.,R,R,R,MIL,CHC,B,,,0,0,2024,-1.29,0.7,-1.09,2.52,,,,1,1,Bot,,,,,,,6.786701895963507,-127.66192349704892,-3.2096440221412426,-15.502952816743672,25.34466860240995,-24.044928784943448,3.73,1.63,,,,87.1,2099,5.8,745971,665804,683737,663538,666624,621020,664023,691718,673548,54.7,,,,,,,,8,1,Sinker,0,1,0,1,1,0,0,1,Standard,Standard,217,0.0,0.039,,,,-0.039,,-1,-1,0.419,0.419,34,26,35,27,1,0,5.0,1.0,6.0,1.0,2.25,1.29,1.29,42.0,,,,,
CH,2024-06-30,80.4,-2.69,5.94,"Hendricks, Kyle",668930,543294,field_out,hit_into_play,,,,,13,"Brice Turang grounds out, second baseman Nico Hoerner to first baseman Michael Busch.",R,L,R,MIL,CHC,X,4.0,ground_ball,0,1,2024,-1.4,0.83,-1.06,1.88,,,,0,1,Bot,135.95,151.08,,,,,6.196447979777461,-117.019246126324,-3.96211982283396,-13.981293593221729,18.722491468143392,-23.961509655253074,3.14,1.47,7.0,61.2,-15.0,80.1,2198,5.7,745971,665804,683737,663538,666624,621020,664023,691718,673548,54.77,0.069,0.076,0.0,1.0,0.0,0.0,2.0,7,2,Changeup,0,1,0,1,1,0,0,1,Standard,Standard,214,-0.023,-0.217,63.1,6.7,0.076,0.217,88.0,-1,-1,0.442,0.442,34,24,35,25,1,0,5.0,1.0,6.0,1.0,2.65,1.4,-1.4,44.1,6.273733672322263,1.4354384357826857,32.573071097484465,48.64560587503601,33.70925520525038
FF,2024-06-30,86.8,-2.71,5.81,"Hendricks, Kyle",668930,543294,,called_strike,,,,,5,"Brice Turang grounds out, second baseman Nico Hoerner to first baseman Michael Busch.",R,L,R,MIL,CHC,S,,,0,0,2024,-0.81,1.3,-0.16,2.19,,,,0,1,Bot,,,,,,,7.674603533810815,-126.26804131046592,-5.139010760013844,-10.165291483251512,23.602503933088165,-17.342354385196934,3.21,1.4,,,,86.1,2182,5.7,745971,665804,683737,663538,666624,621020,664023,691718,673548,54.81,,,,,,,,7,1,4-Seam Fastball,0,1,0,1,1,0,0,1,Standard,Standard,213,0.0,-0.037,,,,0.037,,-1,-1,0.442,0.442,34,24,35,25,1,0,5.0,1.0,6.0,1.0,1.7,0.81,-0.81,42.4,,,,,
CH,2024-06-25,79.1,-2.12,5.97,"Hendricks, Kyle",681584,543294,strikeout,called_strike,,,,,9,David Villar called out on strikes.,R,R,R,SF,CHC,S,2.0,,0,2,2024,-0.17,0.5,0.37,1.63,,,642731.0,2,7,Bot,,,,,,,5.7028618185301445,-115.10661638080543,-3.65382332646348,-2.5125514152599817,19.14874111049268,-27.243657796437727,3.39,1.68,,,,78.6,2172,5.7,745322,665804,683737,663538,666624,621020,664023,691718,641355,54.78,,0.0,0.0,1.0,0.0,0.0,,54,3,Changeup,2,1,2,1,1,2,2,1,Infield shade,Standard,237,-0.02,-0.169,,,,0.169,,1,1,0.773,0.773,34,27,35,27,3,2,6.0,3.0,5.0,1.0,3.11,0.17,0.17,42.5,,,,,
CH,2024-06-25,79.4,-2.23,5.9,"Hendricks, Kyle",681584,543294,,swinging_strike,,,,,9,David Villar called out on strikes.,R,R,R,SF,CHC,S,,,0,1,2024,-0.26,0.77,0.42,2.06,,,642731.0,2,7,Bot,,,,,,,6.213040603441891,-115.55648157988988,-3.092967738616817,-3.393571234764511,20.429604193520625,-24.887131748118627,3.3,1.61,,,,78.7,2058,5.7,745322,665804,683737,663538,666624,621020,664023,691718,641355,54.83,,,,,,,,54,2,Changeup,2,1,2,1,1,2,2,1,Standard,Standard,235,0.0,-0.054,67.9,8.8,,0.054,,1,1,0.773,0.773,34,27,35,27,3,2,6.0,3.0,5.0,1.0,2.83,0.26,0.26,38.6,36.389651847379184,-28.7835136573783,35.80707954207062,47.63678571186384,47.72570210653765
CU,2024-06-25,72.8,-2.19,5.93,"Hendricks, Kyle",681584,543294,,called_strike,,,,,4,David Villar called out on strikes.,R,R,R,SF,CHC,S,,,0,0,2024,1.31,-1.24,-0.39,2.23,,,642731.0,2,7,Bot,,,,,,,1.337837954873752,-105.92595198872984,2.1529520103458006,9.495150781331414,20.80569313927809,-42.07120133761471,3.39,1.71,,,,71.5,2876,5.6,745322,665804,683737,663538,666624,621020,664023,691718,641355,54.86,,,,,,,,54,1,Curveball,2,1,2,1,1,2,2,1,Infield shade,Standard,41,0.0,-0.047,,,,0.047,,1,1,0.773,0.773,34,27,35,27,3,2,6.0,3.0,5.0,1.0,5.59,-1.31,-1.31,38.4,,,,,
SI,2024-06-25,88.0,-2.55,5.91,"Hendricks, Kyle",642731,543294,single,hit_into_play,,,,,7,Thairo Estrada singles on a line drive to left fielder Ian Happ.,R,R,R,SF,CHC,X,7.0,line_drive,3,2,2024,-1.16,0.24,-0.52,1.93,,,,2,7,Bot,57.84,96.58,,,,,7.263219429860912,-128.00117777574593,-3.982743887936386,-14.27787662031052,26.840872647678008,-28.93351762121393,3.38,1.67,260.0,95.4,13.0,87.1,2050,5.8,745322,665804,683737,663538,666624,621020,664023,691718,641355,54.74,0.946,0.915,0.9,1.0,1.0,0.0,4.0,53,9,Sinker,2,1,2,1,1,2,2,1,Strategic,Standard,211,0.011,0.263,68.5,7.2,1.14,-0.263,95.4,1,1,0.762,0.762,34,28,35,28,3,2,6.0,1.0,5.0,1.0,2.71,1.16,1.16,41.7,6.008536514507606,-11.10469894286006,34.181466005377864,27.884238769197506,35.66454030778803
CH,2024-06-25,81.4,-2.41,6.09,"Hendricks, Kyle",642731,543294,,ball,,,,,12,Thairo Estrada singles on a line drive to left fielder Ian Happ.,R,R,R,SF,CHC,B,,,2,2,2024,-0.88,0.44,1.13,2.57,,,,2,7,Bot,,,,,,,9.508594316493747,-118.10499835644325,-2.0091149020351,-10.196269391759284,24.57442916333499,-27.92987512829523,3.38,1.68,,,,79.9,2162,5.6,745322,665804,683737,663538,666624,621020,664023,691718,641355,54.86,,,,,,,,53,8,Changeup,2,1,2,1,1,2,2,1,Strategic,Standard,229,0.0,0.106,,,,-0.106,,1,1,0.762,0.762,34,28,35,28,3,2,6.0,1.0,5.0,1.0,3.05,0.88,0.88,43.6,,,,,
CU,2024-06-25,74.9,-2.59,5.9,"Hendricks, Kyle",642731,543294,,foul,,,,,14,Thairo Estrada singles on a line drive to left fielder Ian Happ.,R,R,R,SF,CHC,S,,,2,2,2024,1.46,-1.06,0.68,1.51,,,,2,7,Bot,,,,,,,4.099460546094934,-108.97691701302747,0.1040619479067508,10.61470120211298,23.077174403825865,-40.800401837023415,3.38,1.67,3.0,27.3,-32.0,73.4,3016,5.6,745322,665804,683737,663538,666624,621020,664023,691718,641355,54.85,,,,,,,,53,7,Curveball,2,1,2,1,1,2,2,1,Strategic,Standard,47,0.0,0.0,74.3,7.9,,0.0,88.0,1,1,0.762,0.762,34,28,35,28,3,2,6.0,1.0,5.0,1.0,5.2,-1.46,-1.46,37.3,13.031983270652708,-29.78281927015921,31.397999895938344,38.64359837841384,58.79335448125091
CH,2024-06-25,80.3,-2.49,6.1,"Hendricks, Kyle",642731,543294,,foul,,,,,14,Thairo Estrada singles on a line drive to left fielder Ian Happ.,R,R,R,SF,CHC,S,,,2,2,2024,0.05,0.78,1.05,1.98,,,,2,7,Bot,,,,,,,7.629894455974732,-116.72905289454242,-3.863576250042709,-0.9988303438037196,21.792199596660534,-24.478386720702403,3.38,1.67,,,,79.2,2102,5.6,745322,665804,683737,663538,666624,621020,664023,691718,641355,54.94,,,,,,,,53,6,Changeup,2,1,2,1,1,2,2,1,Strategic,Standard,233,0.0,0.0,,,,0.0,,1,1,0.762,0.762,34,28,35,28,3,2,6.0,1.0,5.0,1.0,2.76,-0.05,-0.05,44.6,,,,,
CU,2024-06-25,75.5,-2.42,5.99,"Hendricks, Kyle",642731,543294,,foul,,,,,14,Thairo Estrada singles on a line drive to left fielder Ian Happ.,R,R,R,SF,CHC,S,,,2,2,2024,1.24,-1.19,1.29,1.68,,,,2,7,Bot,,,,,,,5.437349036394216,-109.72579908093206,0.3469833356750109,8.81641621576499,21.95271168702256,-41.99309472871164,3.38,1.67,3.0,54.1,-34.0,74.1,3080,5.6,745322,665804,683737,663538,666624,621020,664023,691718,641355,54.91,,,,,,,,53,5,Curveball,2,1,2,1,1,2,2,1,Standard,Standard,41,0.0,0.0,68.8,8.0,,0.0,88.0,1,1,0.762,0.762,34,28,35,28,3,2,6.0,1.0,5.0,1.0,5.24,-1.24,-1.24,43.3,16.08922557837379,-16.35067026716519,26.154118684974534,47.075500230399584,49.86853450346997
CU,2024-06-25,75.6,-2.55,5.96,"Hendricks, Kyle",642731,543294,,ball,,,,,14,Thairo Estrada singles on a line drive to left fielder Ian Happ.,R,R,R,SF,CHC,B,,,1,2,2024,1.24,-1.35,1.61,0.89,,,,2,7,Bot,,,,,,,6.3857340100494735,-109.8992325586018,-0.9623644152852854,8.715803641135347,21.725467551789247,-43.094970856491365,3.31,1.67,,,,74.4,3045,5.7,745322,665804,683737,663538,666624,621020,664023,691718,641355,54.77,,,,,,,,53,4,Curveball,2,1,2,1,1,2,2,1,Standard,Standard,40,0.0,0.039,,,,-0.039,,1,1,0.762,0.762,34,28,35,28,3,2,6.0,1.0,5.0,1.0,5.39,-1.24,-1.24,42.9,,,,,
SI,2024-06-25,87.9,-2.59,5.89,"Hendricks, Kyle",642731,543294,,foul,,,,,13,Thairo Estrada singles on a line drive to left fielder Ian Happ.,R,R,R,SF,CHC,S,,,1,1,2024,-1.22,0.25,-1.39,2.46,,,,2,7,Bot,,,,,,,5.3444834458508845,-128.00652122665494,-2.723677814369278,-14.479467974197886,25.51331970954355,-29.0994070725429,3.38,1.67,1.0,29.6,-62.0,87.1,2120,5.6,745322,665804,683737,663538,666624,621020,664023,691718,641355,54.86,,,,,,,,53,3,Sinker,2,1,2,1,1,2,2,1,Standard,Standard,210,0.0,-0.064,66.1,6.0,,0.064,88.0,1,1,0.762,0.762,34,28,35,28,3,2,6.0,1.0,5.0,1.0,2.69,1.22,1.22,41.2,-1.239851345896579,7.059463055998169,40.20894500963392,17.364057133161413,24.7923693160428
CH,2024-06-25,81.0,-2.41,6.02,"Hendricks, Kyle",642731,543294,,ball,,,,,14,Thairo Estrada singles on a line drive to left fielder Ian Happ.,R,R,R,SF,CHC,B,,,0,1,2024,-0.13,0.65,1.55,1.99,,,,2,7,Bot,,,,,,,8.973923045145094,-117.75531075990313,-3.632079785054604,-2.708882261173436,19.29196304734381,-25.661856347398857,3.45,1.67,,,,80.4,2146,5.6,745322,665804,683737,663538,666624,621020,664023,691718,641355,54.87,,,,,,,,53,2,Changeup,2,1,2,1,1,2,2,1,Standard,Standard,229,0.0,0.029,,,,-0.029,,1,1,0.762,0.762,34,28,35,28,3,2,6.0,1.0,5.0,1.0,2.8,0.13,0.13,42.6,,,,,
CU,2024-06-25,75.1,-2.69,5.95,"Hendricks, Kyle",642731,543294,,foul,,,,,9,Thairo Estrada singles on a line drive to left fielder Ian Happ.,R,R,R,SF,CHC,S,,,0,0,2024,1.33,-1.07,0.4,1.65,,,,2,7,Bot,,,,,,,3.997670787113157,-109.22995050780376,0.2403609724966791,9.682252810014278,22.469156993934455,-40.9223064011645,3.38,1.67,18.0,81.9,-4.0,73.7,3017,5.6,745322,665804,683737,663538,666624,621020,664023,691718,641355,54.88,,,,,,,,53,1,Curveball,2,1,2,1,1,2,2,1,Standard,Standard,47,0.0,-0.041,73.9,7.9,,0.041,88.0,1,1,0.762,0.762,34,28,35,28,3,2,6.0,1.0,5.0,1.0,5.17,-1.33,-1.33,42.7,13.081773225104383,-22.96768473179835,30.49712855857602,36.726687631447554,49.50282198337131
CH,2024-06-25,81.4,-2.55,6.01,"Hendricks, Kyle",624424,543294,strikeout,swinging_strike,,,,,13,Michael Conforto strikes out swinging.,R,L,R,SF,CHC,S,2.0,,1,2,2024,-1.26,-0.03,-0.42,0.89,,,,1,7,Bot,,,,,,,7.1136418823026615,-118.36407788315312,-4.782224643973105,-13.16451068992744,22.919235968326557,-31.732919874039727,3.17,1.53,,,,80.6,2191,5.8,745322,665804,683737,663538,666624,621020,664023,691718,641355,54.71,,0.0,0.0,1.0,0.0,0.0,,52,5,Changeup,2,1,2,1,1,2,2,1,Strategic,Standard,230,-0.014,-0.182,60.6,8.4,,0.182,,1,1,0.776,0.776,34,31,35,31,3,2,6.0,1.0,5.0,1.0,3.48,1.26,-1.26,43.8,32.63645380971717,-20.82614303041199,37.49694906123933,43.265474703988914,45.00509078617918
CH,2024-06-25,80.8,-2.58,6.05,"Hendricks, Kyle",624424,543294,,foul,,,,,13,Michael Conforto strikes out swinging.,R,L,R,SF,CHC,S,,,1,2,2024,-1.19,0.11,-1.27,1.9,,,,1,7,Bot,,,,,,,5.094305866077901,-117.67115241655672,-2.81222897720372,-12.004706945159992,21.70579336799224,-30.846278349378277,3.17,1.53,228.0,82.0,19.0,79.9,2170,5.5,745322,665804,683737,663538,666624,621020,664023,691718,641355,54.97,,,,,,,,52,4,Changeup,2,1,2,1,1,2,2,1,Strategic,Standard,228,0.0,0.0,60.2,7.1,,0.0,88.0,1,1,0.776,0.776,34,31,35,31,3,2,6.0,1.0,5.0,1.0,3.37,1.19,-1.19,41.7,6.107530229764424,26.671101934247,25.851032156119768,53.16276832672091,14.78096441144086
CH,2024-06-25,80.0,-2.53,6.01,"Hendricks, Kyle",624424,543294,,swinging_strike,,,,,14,Michael Conforto strikes out swinging.,R,L,R,SF,CHC,S,,,1,1,2024,-1.24,0.06,0.28,0.93,,,,1,7,Bot,,,,,,,8.442834768533695,-116.22410778423216,-4.55003471273257,-12.82859076466571,21.85013205915465,-30.96574403654086,3.17,1.53,,,,79.2,2131,5.8,745322,665804,683737,663538,666624,621020,664023,691718,641355,54.68,,,,,,,,52,3,Changeup,2,1,2,1,1,2,2,1,Standard,Standard,228,0.0,-0.061,79.6,8.5,,0.061,,1,1,0.776,0.776,34,31,35,31,3,2,6.0,1.0,5.0,1.0,3.52,1.24,-1.24,42.9,29.08388191286881,-30.87167797857402,42.22804830789752,34.493916484787924,50.72734609370603
CH,2024-06-25,80.7,-2.56,6.04,"Hendricks, Kyle",624424,543294,,ball,,,,,11,Michael Conforto strikes out swinging.,R,L,R,SF,CHC,B,,,0,1,2024,-1.35,0.44,-2.01,2.4,,,,1,7,Bot,,,,,,,3.734642769545758,-117.43384972634632,-2.2466857764381363,-13.175772281335812,22.211410853178556,-27.910313050337923,3.22,1.56,,,,79.8,2024,5.6,745322,665804,683737,663538,666624,621020,664023,691718,641355,54.85,,,,,,,,52,2,Changeup,2,1,2,1,1,2,2,1,Standard,Standard,230,0.0,0.024,,,,-0.024,,1,1,0.776,0.776,34,31,35,31,3,2,6.0,1.0,5.0,1.0,3.06,1.35,-1.35,41.4,,,,,
CU,2024-06-25,74.2,-2.7,5.94,"Hendricks, Kyle",624424,543294,,called_strike,,,,,9,Michael Conforto strikes out swinging.,R,L,R,SF,CHC,S,,,0,0,2024,1.49,-1.13,0.33,1.67,,,,1,7,Bot,,,,,,,3.5348846466327526,-107.87490049545264,0.6278303415252702,10.708020367624671,22.42828841150942,-41.29190493750803,3.17,1.53,,,,72.7,2913,5.7,745322,665804,683737,663538,666624,621020,664023,691718,641355,54.84,,,,,,,,52,1,Curveball,2,1,2,1,1,2,2,1,Standard,Standard,48,0.0,-0.037,,,,0.037,,1,1,0.776,0.776,34,31,35,31,3,2,6.0,1.0,5.0,1.0,5.35,-1.49,1.49,38.3,,,,,
SI,2024-06-25,87.8,-2.61,5.9,"Hendricks, Kyle",656305,543294,field_out,hit_into_play,,,,,13,Matt Chapman pops out to second baseman Nico Hoerner.,R,R,R,SF,CHC,X,4.0,popup,0,0,2024,-1.19,0.22,-1.37,2.51,,,,0,7,Bot,130.35,153.01,,,,,5.395715917917302,-127.79360698010174,-2.533284312342881,-14.175713275641456,26.74660213735616,-29.41682429452392,3.58,1.7,123.0,56.9,58.0,86.8,2032,5.7,745322,665804,683737,663538,666624,621020,664023,691718,641355,54.82,0.003,0.003,0.0,1.0,0.0,0.0,1.0,51,1,Sinker,2,1,2,1,1,2,2,1,Strategic,Standard,212,-0.018,-0.254,70.7,6.9,0.003,0.254,88.0,1,1,0.794,0.794,34,31,35,31,3,2,6.0,1.0,5.0,1.0,2.74,1.19,1.19,39.9,4.949131349665105,-2.138896424934804,35.06186296836372,24.91063686042368,24.899038506058357
SI,2024-06-25,87.7,-2.45,6.0,"Hendricks, Kyle",624585,543294,field_out,hit_into_play,,,,,4,"Jorge Soler grounds out, shortstop Dansby Swanson to first baseman Michael Busch.",R,R,R,SF,CHC,X,6.0,ground_ball,1,1,2024,-0.84,0.28,-0.54,2.83,,,,2,6,Bot,107.12,153.24,,,,,6.270538666557467,-127.7239541839527,-2.224738968896885,-10.412092110546151,21.67110316170289,-28.83188987808506,3.62,1.75,16.0,93.9,-8.0,87.3,2039,5.6,745322,665804,683737,663538,666624,621020,664023,691718,641355,54.89,0.214,0.194,0.0,1.0,0.0,0.0,2.0,47,3,Sinker,2,1,2,1,1,2,2,1,Strategic,Standard,207,-0.01,-0.244,75.5,6.9,0.24,0.244,93.9,1,1,0.71,0.71,34,32,35,32,3,2,6.0,1.0,5.0,1.0,2.63,0.84,0.84,42.8,0.8266237250160432,4.193885348701481,33.21443933540492,30.145087082712223,20.534668757971698
CH,2024-06-25,79.3,-2.6,6.11,"Hendricks, Kyle",624585,543294,,called_strike,,,,,8,"Jorge Soler grounds out, shortstop Dansby Swanson to first baseman Michael Busch.",R,R,R,SF,CHC,S,,,1,0,2024,-0.28,0.87,0.16,1.82,,,,2,6,Bot,,,,,,,6.4885876306476105,-115.38519014493454,-4.274352529981529,-3.649212659478328,19.26992515341933,-23.755155063563198,3.57,1.74,,,,78.9,2110,5.8,745322,665804,683737,663538,666624,621020,664023,691718,641355,54.75,,,,,,,,47,2,Changeup,2,1,2,1,1,2,2,1,Strategic,Standard,228,0.0,-0.051,,,,0.051,,1,1,0.71,0.71,34,32,35,32,3,2,6.0,1.0,5.0,1.0,2.72,0.28,0.28,42.7,,,,,
SI,2024-06-25,87.3,-2.65,5.94,"Hendricks, Kyle",624585,543294,,ball,,,,,13,"Jorge Soler grounds out, shortstop Dansby Swanson to first baseman Michael Busch.",R,R,R,SF,CHC,B,,,0,0,2024,-0.89,0.31,-1.55,2.53,,,,2,6,Bot,,,,,,,4.422133645501755,-127.2251636007206,-2.736234983785728,-10.53692110813318,24.1071838829922,-28.44937242529812,3.71,1.79,,,,86.8,1936,5.7,745322,665804,683737,663538,666624,621020,664023,691718,641355,54.78,,,,,,,,47,1,Sinker,2,1,2,1,1,2,2,1,Standard,Standard,210,0.0,0.04,,,,-0.04,,1,1,0.71,0.71,34,32,35,32,3,2,6.0,1.0,5.0,1.0,2.65,0.89,0.89,40.1,,,,,
CU,2024-06-25,73.7,-2.65,6.11,"Hendricks, Kyle",672275,543294,field_out,hit_into_play,,,,,2,"Patrick Bailey grounds out, third baseman Christopher Morel to first baseman Michael Busch.",R,L,R,SF,CHC,X,5.0,ground_ball,0,0,2024,1.38,-0.89,-0.11,2.96,,,,1,6,Bot,114.39,169.6,,,,,2.719387962964701,-107.1899696278575,2.460437983391288,10.06383696747977,20.401777587619275,-39.68168420453673,3.39,1.6,8.0,89.4,-21.0,72.4,2916,5.5,745322,665804,683737,663538,666624,621020,664023,691718,641355,54.97,0.069,0.052,0.0,1.0,0.0,0.0,2.0,46,1,Curveball,2,1,2,1,1,2,2,1,Standard,Standard,46,-0.015,-0.256,62.9,5.7,0.078,0.256,89.4,1,1,0.725,0.725,34,25,35,25,3,2,6.0,1.0,5.0,1.0,5.12,-1.38,1.38,42.4,-8.933476253208548,26.68714441677805,30.138446419265623,36.988039686698514,17.522573735949194
CU,2024-06-25,73.7,-2.67,6.06,"Hendricks, Kyle",671218,543294,field_out,hit_into_play,,,,,14,"Heliot Ramos grounds out, third baseman Christopher Morel to first baseman Michael Busch.",R,R,R,SF,CHC,X,5.0,ground_ball,1,1,2024,1.27,-1.05,0.06,1.14,,,,0,6,Bot,108.34,176.26,,,,,3.296756504523082,-107.2301831635356,-0.7813537993177532,9.020873185177246,21.342925627276024,-40.256329122095295,3.21,1.53,13.0,86.0,-5.0,72.4,2957,5.6,745322,665804,683737,663538,666624,621020,664023,691718,641355,54.89,0.137,0.139,0.0,1.0,0.0,0.0,2.0,45,3,Curveball,2,1,2,1,1,2,2,1,Strategic,Standard,46,-0.021,-0.243,75.7,7.5,0.139,0.243,88.0,1,1,0.746,0.746,34,24,35,25,3,2,6.0,1.0,5.0,1.0,5.3,-1.27,-1.27,41.1,14.33278199209021,-12.856105148064527,36.44898900777482,36.97465405588056,39.26216358789964
CH,2024-06-25,80.8,-2.47,6.13,"Hendricks, Kyle",671218,543294,,ball,,,,,14,"Heliot Ramos grounds out, third baseman Christopher Morel to first baseman Michael Busch.",R,R,R,SF,CHC,B,,,0,1,2024,-1.42,0.16,1.34,0.93,,,,0,6,Bot,,,,,,,11.03507573035996,-117.05212668249422,-5.141508025953245,-15.084644174372375,21.248777408751387,-29.92135697670988,3.13,1.53,,,,79.9,2211,5.8,745322,665804,683737,663538,666624,621020,664023,691718,641355,54.69,,,,,,,,45,2,Changeup,2,1,2,1,1,2,2,1,Standard,Standard,233,0.0,0.025,,,,-0.025,,1,1,0.746,0.746,34,24,35,25,3,2,6.0,1.0,5.0,1.0,3.35,1.42,1.42,43.4,,,,,
SI,2024-06-25,86.6,-2.5,5.9,"Hendricks, Kyle",671218,543294,,called_strike,,,,,7,"Heliot Ramos grounds out, third baseman Christopher Morel to first baseman Michael Busch.",R,R,R,SF,CHC,S,,,0,0,2024,-0.96,0.09,-0.69,1.78,,,,0,6,Bot,,,,,,,6.196272815151694,-125.93596851265032,-3.767787177169408,-11.466594473848955,25.259484676007705,-30.704555272773504,3.1,1.5,,,,85.7,1989,5.7,745322,665804,683737,663538,666624,621020,664023,691718,641355,54.77,,,,,,,,45,1,Sinker,2,1,2,1,1,2,2,1,Standard,Standard,221,0.0,-0.037,,,,0.037,,1,1,0.746,0.746,34,24,35,25,3,2,6.0,1.0,5.0,1.0,2.95,0.96,0.96,39.8,,,,,
SI,2024-06-25,86.3,-2.13,6.02,"Hendricks, Kyle",689172,543294,field_out,hit_into_play,,,,,4,"Brett Wisely grounds out, second baseman Nico Hoerner to first baseman Michael Busch.",R,L,R,SF,CHC,X,4.0,ground_ball,1,1,2024,-1.24,0.64,-0.33,2.37,,,682641.0,2,5,Bot,156.19,154.45,,,,,6.723513258367997,-125.5634774343576,-3.788221213622148,-14.405649810714689,22.484309252622044,-24.85296285292287,3.42,1.56,4.0,96.9,-29.0,85.8,2050,5.7,745322,665804,683737,663538,666624,621020,664023,691718,641355,54.8,0.089,0.088,0.0,1.0,0.0,0.0,2.0,40,3,Sinker,2,1,2,1,1,2,2,1,Standard,Standard,211,-0.022,-0.256,66.2,6.6,0.089,0.256,96.9,1,1,0.689,0.689,34,25,35,25,3,2,6.0,2.0,5.0,1.0,2.39,1.24,-1.24,43.3,5.323209658291661,2.650967477257516,29.60553057340076,33.70271409022883,27.523735771102288
CU,2024-06-25,74.4,-2.23,6.04,"Hendricks, Kyle",689172,543294,,ball,,,,,14,"Brett Wisely grounds out, second baseman Nico Hoerner to first baseman Michael Busch.",R,L,R,SF,CHC,B,,,0,1,2024,1.0,-0.87,1.28,1.01,,,682641.0,2,5,Bot,,,,,,,5.363665437373492,-108.32576587855075,-1.553482155894264,6.924065472745669,19.391522734379297,-38.96992265940037,3.46,1.69,,,,73.4,2963,5.6,745322,665804,683737,663538,666624,621020,664023,691718,641355,54.91,,,,,,,,40,2,Curveball,2,1,2,1,1,2,2,1,Standard,Standard,40,0.0,0.032,,,,-0.032,,1,1,0.689,0.689,34,25,35,25,3,2,6.0,2.0,5.0,1.0,4.99,-1.0,1.0,43.3,,,,,
SI,2024-06-25,86.5,-2.11,6.06,"Hendricks, Kyle",689172,543294,,called_strike,,,,,6,"Brett Wisely grounds out, second baseman Nico Hoerner to first baseman Michael Busch.",R,L,R,SF,CHC,S,,,0,0,2024,-1.21,0.42,0.28,2.74,,,682641.0,2,5,Bot,,,,,,,8.062225815313795,-125.84104478697267,-2.5797546088075576,-14.438331806510064,24.17404074736245,-27.3692179664404,3.55,1.72,,,,85.7,2033,5.6,745322,665804,683737,663538,666624,621020,664023,691718,641355,54.85,,,,,,,,40,1,Sinker,2,1,2,1,1,2,2,1,Standard,Standard,213,0.0,-0.047,,,,0.047,,1,1,0.689,0.689,34,25,35,25,3,2,6.0,2.0,5.0,1.0,2.61,1.21,-1.21,41.8,,,,,
SI,2024-06-25,88.4,-2.6,5.99,"Hendricks, Kyle",682641,543294,single,hit_into_play,,,,,7,"Luis Matos singles on a ground ball to left fielder Ian Happ, deflected by shortstop Dansby Swanson.",R,R,R,SF,CHC,X,6.0,ground_ball,2,2,2024,-1.13,0.61,-0.43,2.04,,,,2,5,Bot,91.98,130.83,,,,,7.572300346487192,-128.52560349377842,-4.823053333904224,-14.0626599625414,24.87327362720444,-24.58764448033864,3.27,1.59,35.0,98.7,-1.0,87.9,2085,5.8,745322,665804,683737,663538,666624,621020,664023,691718,641355,54.65,0.371,0.35,0.9,1.0,1.0,0.0,2.0,39,7,Sinker,2,1,2,1,1,2,2,1,Standard,Standard,210,0.012,0.37,75.4,7.2,0.407,-0.37,98.7,1,1,0.677,0.677,34,22,35,22,2,1,6.0,1.0,5.0,1.0,2.29,1.13,1.13,41.5,2.5981770974131897,-5.940758180737977,34.82198785953824,26.45224778915083,31.178747174041877
CU,2024-06-25,75.4,-2.45,6.01,"Hendricks, Kyle",682641,543294,,foul,,,,,9,"Luis Matos singles on a ground ball to left fielder Ian Happ, deflected by shortstop Dansby Swanson.",R,R,R,SF,CHC,S,,,2,2,2024,1.22,-1.19,0.38,1.85,,,,2,5,Bot,,,,,,,3.6738707838691615,-109.72717368331242,0.5816171943559287,9.184128880334429,20.12882349883779,-42.09596192452583,3.27,1.59,169.0,81.6,12.0,74.4,3006,5.6,745322,665804,683737,663538,666624,621020,664023,691718,641355,54.86,,,,,,,,39,6,Curveball,2,1,2,1,1,2,2,1,Standard,Standard,44,0.0,0.0,69.3,7.7,,0.0,88.0,1,1,0.677,0.677,34,22,35,22,2,1,6.0,1.0,5.0,1.0,5.21,-1.22,-1.22,44.7,10.962578740683377,-27.711553106370317,28.835643842199005,35.99044108044581,44.34826506082604
CH,2024-06-25,79.9,-2.47,6.14,"Hendricks, Kyle",682641,543294,,foul,,,,,14,"Luis Matos singles on a ground ball to left fielder Ian Happ, deflected by shortstop Dansby Swanson.",R,R,R,SF,CHC,S,,,2,2,2024,-0.3,0.75,1.1,1.87,,,,2,5,Bot,,,,,,,8.332356001448206,-116.1464539160906,-4.15537056017119,-4.086729136431908,18.5364381966857,-24.75499330824885,3.27,1.59,1.0,66.3,-57.0,79.4,2159,5.7,745322,665804,683737,663538,666624,621020,664023,691718,641355,54.81,,,,,,,,39,5,Changeup,2,1,2,1,1,2,2,1,Strategic,Standard,229,0.0,0.0,66.7,7.4,,0.0,88.0,1,1,0.677,0.677,34,22,35,22,2,1,6.0,1.0,5.0,1.0,2.78,0.3,0.3,44.4,6.220844339124245,3.224552876217721,23.95725187458333,45.31474787028556,30.222796684895236
CH,2024-06-25,81.4,-2.38,6.09,"Hendricks, Kyle",682641,543294,,ball,,,,,14,"Luis Matos singles on a ground ball to left fielder Ian Happ, deflected by shortstop Dansby Swanson.",R,R,R,SF,CHC,B,,,1,2,2024,-0.24,0.85,1.27,0.37,,,,2,5,Bot,,,,,,,8.552065738712397,-118.09044983777468,-7.808249780570718,-3.781907176928717,20.45464261699073,-22.931170862505613,3.49,1.8,,,,80.8,2167,5.8,745322,665804,683737,663538,666624,621020,664023,691718,641355,54.68,,,,,,,,39,4,Changeup,2,1,2,1,1,2,2,1,Strategic,Standard,233,0.0,0.039,,,,-0.039,,1,1,0.677,0.677,34,22,35,22,2,1,6.0,1.0,5.0,1.0,2.59,0.24,0.24,45.6,,,,,
SI,2024-06-25,87.4,-2.56,6.05,"Hendricks, Kyle",682641,543294,,foul,,,,,13,"Luis Matos singles on a ground ball to left fielder Ian Happ, deflected by shortstop Dansby Swanson.",R,R,R,SF,CHC,S,,,1,1,2024,-1.21,0.68,-0.9,2.29,,,,2,5,Bot,,,,,,,6.433179984563675,-127.12556394307138,-4.342953446175273,-14.426706757059442,23.808860234411284,-24.05942535169339,3.27,1.59,4.0,97.6,-30.0,87.0,2011,5.9,745322,665804,683737,663538,666624,621020,664023,691718,641355,54.64,,,,,,,,39,3,Sinker,2,1,2,1,1,2,2,1,Standard,Standard,209,0.0,-0.064,72.5,7.0,,0.064,97.6,1,1,0.677,0.677,34,22,35,22,2,1,6.0,1.0,5.0,1.0,2.28,1.21,1.21,43.1,3.899542151074114,-17.8953851276627,33.212911797701246,21.73484678723259,33.01969888021612
CU,2024-06-25,73.9,-2.57,6.06,"Hendricks, Kyle",682641,543294,,ball,,,,,14,"Luis Matos singles on a ground ball to left fielder Ian Happ, deflected by shortstop Dansby Swanson.",R,R,R,SF,CHC,B,,,0,1,2024,1.37,-0.55,0.87,0.85,,,,2,5,Bot,,,,,,,4.584607448073879,-107.60108421545212,-2.325442003197153,9.728017471164534,20.107938855647934,-36.247623930416594,3.44,1.76,,,,73.1,2944,5.8,745322,665804,683737,663538,666624,621020,664023,691718,641355,54.69,,,,,,,,39,2,Curveball,2,1,2,1,1,2,2,1,Standard,Standard,40,0.0,0.029,,,,-0.029,,1,1,0.677,0.677,34,22,35,22,2,1,6.0,1.0,5.0,1.0,4.75,-1.37,-1.37,43.6,,,,,
CH,2024-06-25,80.1,-2.44,6.13,"Hendricks, Kyle",682641,543294,,foul,,,,,6,"Luis Matos singles on a ground ball to left fielder Ian Happ, deflected by shortstop Dansby Swanson.",R,R,R,SF,CHC,S,,,0,0,2024,-0.19,1.12,0.32,2.54,,,,2,5,Bot,,,,,,,6.37374386712403,-116.5739567346856,-3.374853088717096,-2.809753299634331,19.196928404356463,-21.4613218331332,3.27,1.59,271.0,80.6,42.0,79.7,2077,5.7,745322,665804,683737,663538,666624,621020,664023,691718,641355,54.78,,,,,,,,39,1,Changeup,2,1,2,1,1,2,2,1,Standard,Standard,223,0.0,-0.041,71.4,7.8,,0.041,88.0,1,1,0.677,0.677,34,22,35,22,2,1,6.0,1.0,5.0,1.0,2.39,0.19,0.19,43.3,13.069596434938909,-30.505485847692515,23.12899984502387,35.003669256012785,49.73240835185011
CH,2024-06-25,80.8,-2.62,6.13,"Hendricks, Kyle",681584,543294,field_out,hit_into_play,,,,,5,David Villar flies out to center fielder Pete Crow-Armstrong.,R,R,R,SF,CHC,X,8.0,fly_ball,1,2,2024,-0.04,0.63,0.1,2.47,,,,1,5,Bot,121.72,101.55,,,,,6.062378227337936,-117.63622005009502,-2.7688011964603185,-1.3527092703694237,19.381092380018423,-25.941809522474724,3.3,1.61,245.0,91.3,54.0,80.2,2171,5.6,745322,665804,683737,663538,666624,621020,664023,691718,641355,54.92,0.001,0.0,0.0,1.0,0.0,0.0,3.0,38,4,Changeup,2,1,2,1,1,2,2,1,Strategic,Standard,228,-0.015,-0.182,67.3,8.1,0.001,0.182,91.3,1,1,0.692,0.692,34,27,35,27,2,1,6.0,3.0,5.0,1.0,2.82,0.04,0.04,43.2,26.897606007941057,0.8868552813371766,40.509224909693785,44.34354975483848,36.56245267591413
CH,2024-06-25,79.9,-2.51,6.12,"Hendricks, Kyle",681584,543294,,called_strike,,,,,5,David Villar flies out to center fielder Pete Crow-Armstrong.,R,R,R,SF,CHC,S,,,1,1,2024,-0.36,0.91,0.14,2.83,,,,1,5,Bot,,,,,,,6.435235983854159,-116.39055904251664,-2.335043681718532,-4.323473424593796,18.38998505195685,-23.60845303576676,3.42,1.68,,,,79.7,2168,5.7,745322,665804,683737,663538,666624,621020,664023,691718,641355,54.78,,,,,,,,38,3,Changeup,2,1,2,1,1,2,2,1,Standard,Standard,225,0.0,-0.061,,,,0.061,,1,1,0.692,0.692,34,27,35,27,2,1,6.0,3.0,5.0,1.0,2.61,0.36,0.36,44.2,,,,,
SI,2024-06-25,87.8,-2.45,6.1,"Hendricks, Kyle",681584,543294,,ball,,,,,12,David Villar flies out to center fielder Pete Crow-Armstrong.,R,R,R,SF,CHC,B,,,0,1,2024,-0.87,0.68,1.3,3.19,,,,1,5,Bot,,,,,,,10.74448616953519,-127.61442203153292,-2.404303404872278,-11.389665738605393,20.96430791277936,-24.35316092746585,3.52,1.75,,,,87.6,2066,5.8,745322,665804,683737,663538,666624,621020,664023,691718,641355,54.69,,,,,,,,38,2,Sinker,2,1,2,1,1,2,2,1,Standard,Standard,209,0.0,0.024,,,,-0.024,,1,1,0.692,0.692,34,27,35,27,2,1,6.0,3.0,5.0,1.0,2.23,0.87,0.87,44.3,,,,,
CU,2024-06-25,73.8,-2.48,6.1,"Hendricks, Kyle",681584,543294,,swinging_strike,,,,,8,David Villar flies out to center fielder Pete Crow-Armstrong.,R,R,R,SF,CHC,S,,,0,0,2024,1.11,-1.02,-0.14,1.83,,,,1,5,Bot,,,,,,,2.8003136390355494,-107.4980044721726,0.3529699341000203,8.05255921139518,19.33675309798173,-40.347970657036434,3.3,1.61,,,,73.0,2945,5.7,745322,665804,683737,663538,666624,621020,664023,691718,641355,54.77,,,,,,,,38,1,Curveball,2,1,2,1,1,2,2,1,Standard,Standard,43,0.0,-0.037,65.7,8.8,,0.037,,1,1,0.692,0.692,34,27,35,27,2,1,6.0,3.0,5.0,1.0,5.21,-1.11,-1.11,42.3,38.55277635892643,-32.80799030122184,39.83363254640658,41.15551277000961,48.29377713916299
CH,2024-06-25,80.1,-2.53,6.15,"Hendricks, Kyle",642731,543294,field_out,hit_into_play,,,,,3,Thairo Estrada flies out to left fielder Ian Happ.,R,R,R,SF,CHC,X,7.0,fly_ball,1,2,2024,-0.04,0.97,0.54,3.04,,,,0,5,Bot,56.38,113.89,,,,,6.803503015461242,-116.6576141467269,-2.0963324500147675,-1.429899835312693,17.99787108970902,-23.064961342052666,3.38,1.67,271.0,78.2,39.0,80.0,2131,5.8,745322,665804,683737,663538,666624,621020,664023,691718,641355,54.73,0.051,0.052,0.0,1.0,0.0,0.0,3.0,37,4,Changeup,2,1,2,1,1,2,2,1,Standard,Standard,229,-0.021,-0.186,74.6,7.7,0.067,0.186,88.0,1,1,0.713,0.713,34,28,35,28,2,1,6.0,1.0,5.0,1.0,2.53,0.04,0.04,44.3,18.52446578731018,-27.01386724973412,23.724754320442948,39.60266167049049,49.85763040988701
CU,2024-06-25,74.3,-2.47,6.05,"Hendricks, Kyle",642731,543294,,ball,,,,,14,Thairo Estrada flies out to left fielder Ian Happ.,R,R,R,SF,CHC,B,,,0,2,2024,1.27,-0.88,1.5,0.6,,,,0,5,Bot,,,,,,,5.8303363854764365,-107.99940864757578,-2.2294970300805885,8.590642979472674,22.30146877080196,-38.74967301072538,3.33,1.73,,,,72.8,3030,5.6,745322,665804,683737,663538,666624,621020,664023,691718,641355,54.87,,,,,,,,37,3,Curveball,2,1,2,1,1,2,2,1,Standard,Standard,40,0.0,0.023,,,,-0.023,,1,1,0.713,0.713,34,28,35,28,2,1,6.0,1.0,5.0,1.0,5.08,-1.27,-1.27,42.9,,,,,
CH,2024-06-25,79.9,-2.44,6.2,"Hendricks, Kyle",642731,543294,,swinging_strike,,,,,9,Thairo Estrada flies out to left fielder Ian Happ.,R,R,R,SF,CHC,S,,,0,1,2024,-0.05,0.94,0.77,1.93,,,,0,5,Bot,,,,,,,7.076646246586157,-116.14120829090773,-4.428514139163444,-1.7321710795211367,20.63664630608906,-22.982477709742597,3.38,1.67,,,,79.1,2122,5.6,745322,665804,683737,663538,666624,621020,664023,691718,641355,54.85,,,,,,,,37,2,Changeup,2,1,2,1,1,2,2,1,Standard,Standard,223,0.0,-0.054,68.8,8.6,,0.054,,1,1,0.713,0.713,34,28,35,28,2,1,6.0,1.0,5.0,1.0,2.62,0.05,0.05,44.1,25.39567131395959,-35.37859837350296,30.350723664873183,42.44545126649327,54.59300832593507
CU,2024-06-25,72.4,-2.56,6.09,"Hendricks, Kyle",642731,543294,,called_strike,,,,,6,Thairo Estrada flies out to left fielder Ian Happ.,R,R,R,SF,CHC,S,,,0,0,2024,1.66,-0.74,0.63,2.57,,,,0,5,Bot,,,,,,,3.473707004945093,-105.25034422061194,1.78064720396045,11.451410240711777,21.77461760895028,-38.21046248911579,3.34,1.67,,,,70.8,2986,5.6,745322,665804,683737,663538,666624,621020,664023,691718,641355,54.91,,,,,,,,37,1,Curveball,2,1,2,1,1,2,2,1,Standard,Standard,44,0.0,-0.037,,,,0.037,,1,1,0.713,0.713,34,28,35,28,2,1,6.0,1.0,5.0,1.0,5.18,-1.66,-1.66,42.2,,,,,
SI,2024-06-25,87.4,-2.56,6.07,"Hendricks, Kyle",624424,543294,field_out,hit_into_play,,,,,4,Michael Conforto flies out to center fielder Pete Crow-Armstrong.,R,L,R,SF,CHC,X,8.0,fly_ball,0,0,2024,-1.16,0.54,-0.65,2.37,,,,2,4,Bot,108.05,68.56,,,,,6.928494945435316,-127.23273486626948,-3.912205472175345,-14.03558212575418,23.7855201363098,-25.72490380085614,3.17,1.53,327.0,88.8,30.0,87.0,2001,5.8,745322,665804,683737,663538,666624,621020,664023,691718,641355,54.7,0.066,0.09,0.0,1.0,0.0,0.0,3.0,31,1,Sinker,2,1,2,1,1,2,2,1,Standard,Standard,209,-0.011,-0.256,72.7,7.3,0.143,0.256,88.8,1,1,0.655,0.655,34,31,35,31,2,1,6.0,1.0,5.0,1.0,2.42,1.16,-1.16,45.2,6.520599222567345,2.619696457512786,30.42280031721879,46.00671009153305,32.11017848926273
SI,2024-06-25,87.8,-2.6,6.01,"Hendricks, Kyle",656305,543294,field_out,hit_into_play,,,,,4,"Matt Chapman grounds out, second baseman Nico Hoerner to first baseman Michael Busch.",R,R,R,SF,CHC,X,4.0,ground_ball,2,1,2024,-1.24,0.7,-0.75,2.79,,,,1,4,Bot,132.45,130.88,,,,,6.953050610120208,-127.79970056633738,-3.2088850655521024,-14.951358398235447,21.348221916826827,-24.03119508178108,3.58,1.7,128.0,75.4,10.0,87.5,2035,5.7,745322,665804,683737,663538,666624,621020,664023,691718,641355,54.81,0.354,0.339,0.0,1.0,0.0,0.0,2.0,30,4,Sinker,2,1,2,1,1,2,2,1,Strategic,Standard,211,-0.015,-0.302,71.3,6.5,0.405,0.302,88.0,1,1,0.67,0.67,34,31,35,31,2,1,6.0,1.0,5.0,1.0,2.21,1.24,1.24,44.0,0.7835757514102175,14.119322101979876,27.01885726597849,31.654322628103024,22.61510498237708
CH,2024-06-25,81.3,-2.56,6.09,"Hendricks, Kyle",656305,543294,,ball,,,,,6,"Matt Chapman grounds out, second baseman Nico Hoerner to first baseman Michael Busch.",R,R,R,SF,CHC,B,,,1,1,2024,-0.22,0.89,0.77,2.37,,,,1,4,Bot,,,,,,,7.812913437012086,-118.39341760336096,-3.54662247114872,-3.2474948044146354,17.753517734160894,-23.308157980336013,3.05,1.3,,,,81.2,2155,5.7,745322,665804,683737,663538,666624,621020,664023,691718,641355,54.79,,,,,,,,30,3,Changeup,2,1,2,1,1,2,2,1,Strategic,Standard,230,0.0,0.059,,,,-0.059,,1,1,0.67,0.67,34,31,35,31,2,1,6.0,1.0,5.0,1.0,2.5,0.22,0.22,43.7,,,,,
SI,2024-06-25,88.5,-2.71,5.99,"Hendricks, Kyle",656305,543294,,ball,,,,,11,"Matt Chapman grounds out, second baseman Nico Hoerner to first baseman Michael Busch.",R,R,R,SF,CHC,B,,,0,1,2024,-1.02,0.5,-1.54,3.05,,,,1,4,Bot,,,,,,,4.908320819166455,-128.88423539620652,-2.246635156825599,-12.316349034168493,22.771011324126277,-26.28068237218696,3.43,1.7,,,,88.3,2053,5.8,745322,665804,683737,663538,666624,621020,664023,691718,641355,54.74,,,,,,,,30,2,Sinker,2,1,2,1,1,2,2,1,Strategic,Standard,213,0.0,0.024,,,,-0.024,,1,1,0.67,0.67,34,31,35,31,2,1,6.0,1.0,5.0,1.0,2.37,1.02,1.02,47.6,,,,,
SI,2024-06-25,88.1,-2.5,6.04,"Hendricks, Kyle",656305,543294,,swinging_strike,,,,,1,"Matt Chapman grounds out, second baseman Nico Hoerner to first baseman Michael Busch.",R,R,R,SF,CHC,S,,,0,0,2024,-1.02,0.69,-0.68,3.28,,,,1,4,Bot,,,,,,,6.462096719861164,-128.3009944835328,-2.072317187649665,-12.526575102013457,24.122162717554197,-24.33402564232897,3.58,1.7,,,,87.5,2074,5.6,745322,665804,683737,663538,666624,621020,664023,691718,641355,54.86,,,,,,,,30,1,Sinker,2,1,2,1,1,2,2,1,Strategic,Standard,208,0.0,-0.037,49.6,6.0,,0.037,,1,1,0.67,0.67,34,31,35,31,2,1,6.0,1.0,5.0,1.0,2.22,1.02,1.02,41.9,1.616231266279645,27.41658404298736,21.77511468745652,32.73872566841676,15.752840024877424
CU,2024-06-25,75.9,-2.5,6.08,"Hendricks, Kyle",624585,543294,strikeout,swinging_strike,,,,,14,Jorge Soler strikes out swinging.,R,R,R,SF,CHC,S,2.0,,2,2,2024,1.36,-0.71,1.66,1.11,,,,0,4,Bot,,,,,,,6.19456209808064,-110.35123643194991,-1.923213764246552,9.74837743706981,22.43481800040921,-37.79952352118646,3.62,1.75,,,,74.6,3009,5.7,745322,665804,683737,663538,666624,621020,664023,691718,641355,54.77,,0.0,0.0,1.0,0.0,0.0,,29,5,Curveball,2,1,2,1,1,2,2,1,Infield shade,Standard,42,-0.02,-0.227,52.8,9.0,,0.227,,1,1,0.69,0.69,34,32,35,32,2,1,6.0,1.0,5.0,1.0,4.72,-1.36,-1.36,44.7,29.112459846228717,-29.148446624672815,31.553198963818552,54.938044004884105,45.20167684898925
SI,2024-06-25,87.2,-2.52,6.04,"Hendricks, Kyle",624585,543294,,called_strike,,,,,7,Jorge Soler strikes out swinging.,R,R,R,SF,CHC,S,,,2,1,2024,-1.07,0.65,-0.73,2.25,,,,0,4,Bot,,,,,,,6.426247691804568,-127.02294893755548,-4.382673576334475,-12.797795161020778,21.660922643046028,-24.42690644312991,3.63,1.81,,,,87.0,2056,5.7,745322,665804,683737,663538,666624,621020,664023,691718,641355,54.77,,,,,,,,29,4,Sinker,2,1,2,1,1,2,2,1,Infield shade,Standard,213,0.0,-0.069,,,,0.069,,1,1,0.69,0.69,34,32,35,32,2,1,6.0,1.0,5.0,1.0,2.3,1.07,1.07,41.8,,,,,
SI,2024-06-25,87.7,-2.66,6.02,"Hendricks, Kyle",624585,543294,,ball,,,,,13,Jorge Soler strikes out swinging.,R,R,R,SF,CHC,B,,,1,1,2024,-1.06,0.71,-1.77,2.41,,,,0,4,Bot,,,,,,,4.28738862839392,-127.8147223874426,-4.1413788943257215,-12.530738018378708,22.21815622691389,-23.800419418391574,3.68,1.85,,,,87.5,2063,5.7,745322,665804,683737,663538,666624,621020,664023,691718,641355,54.76,,,,,,,,29,3,Sinker,2,1,2,1,1,2,2,1,Infield shade,Standard,208,0.0,0.053,,,,-0.053,,1,1,0.69,0.69,34,32,35,32,2,1,6.0,1.0,5.0,1.0,2.21,1.06,1.06,42.5,,,,,
CH,2024-06-25,80.1,-2.61,6.14,"Hendricks, Kyle",624585,543294,,called_strike,,,,,6,Jorge Soler strikes out swinging.,R,R,R,SF,CHC,S,,,1,0,2024,-0.2,0.96,0.55,2.51,,,,0,4,Bot,,,,,,,7.251771257335262,-116.63944519273196,-3.192755967199199,-2.9457740363428875,18.225909206021083,-22.948653114179635,3.25,1.54,,,,79.7,2118,5.6,745322,665804,683737,663538,666624,621020,664023,691718,641355,54.91,,,,,,,,29,2,Changeup,2,1,2,1,1,2,2,1,Infield shade,Standard,230,0.0,-0.049,,,,0.049,,1,1,0.69,0.69,34,32,35,32,2,1,6.0,1.0,5.0,1.0,2.54,0.2,0.2,44.0,,,,,
CU,2024-06-25,73.9,-2.58,6.1,"Hendricks, Kyle",624585,543294,,ball,,,,,14,Jorge Soler strikes out swinging.,R,R,R,SF,CHC,B,,,0,0,2024,1.18,-0.83,0.97,1.09,,,,0,4,Bot,,,,,,,5.119735069220575,-107.55714577971716,-1.431677958953637,8.136383978810569,20.17663412311368,-38.54891900003021,3.54,1.8,,,,72.9,2961,5.7,745322,665804,683737,663538,666624,621020,664023,691718,641355,54.8,,,,,,,,29,1,Curveball,2,1,2,1,1,2,2,1,Infield shade,Standard,40,0.0,0.038,,,,-0.038,,1,1,0.69,0.69,34,32,35,32,2,1,6.0,1.0,5.0,1.0,5.03,-1.18,-1.18,43.8,,,,,
CH,2024-06-25,81.2,-2.63,6.12,"Hendricks, Kyle",672275,543294,field_out,hit_into_play,,,,,8,Patrick Bailey flies out to center fielder Pete Crow-Armstrong.,R,L,R,SF,CHC,X,8.0,fly_ball,2,1,2024,-1.08,0.28,-0.25,1.99,,,,2,3,Bot,122.54,80.58,,,,,7.277559941759915,-118.0910413244366,-3.156859878471413,-11.428315611701777,21.81483670099646,-29.1123553098153,3.39,1.6,294.0,89.7,39.0,80.3,2201,5.7,745322,665804,683737,663538,666624,621020,664023,691718,641355,54.84,0.006,0.005,0.0,1.0,0.0,0.0,3.0,25,4,Changeup,2,1,2,1,1,2,2,1,Standard,Standard,230,-0.009,-0.303,72.2,7.7,0.011,0.303,89.7,1,1,0.638,0.638,34,25,35,25,2,1,6.0,1.0,5.0,1.0,3.17,1.08,-1.08,42.5,9.06112569606508,-7.195061688107201,35.18995713497707,39.3805942923931,35.87114396707701
SI,2024-06-25,87.0,-2.63,6.09,"Hendricks, Kyle",672275,543294,,ball,,,,,11,Patrick Bailey flies out to center fielder Pete Crow-Armstrong.,R,L,R,SF,CHC,B,,,1,1,2024,-1.15,0.59,-1.15,2.6,,,,2,3,Bot,,,,,,,5.834367257925082,-126.61209713616064,-3.4125403345009118,-13.584838154772358,24.131370464318245,-25.38031248133996,3.43,1.73,,,,86.3,2084,5.7,745322,665804,683737,663538,666624,621020,664023,691718,641355,54.84,,,,,,,,25,3,Sinker,2,1,2,1,1,2,2,1,Standard,Standard,206,0.0,0.058,,,,-0.058,,1,1,0.638,0.638,34,25,35,25,2,1,6.0,1.0,5.0,1.0,2.41,1.15,-1.15,43.6,,,,,
CU,2024-06-25,74.5,-2.78,6.09,"Hendricks, Kyle",672275,543294,,ball,,,,,11,Patrick Bailey flies out to center fielder Pete Crow-Armstrong.,R,L,R,SF,CHC,B,,,0,1,2024,0.95,-1.06,-2.04,2.73,,,,2,3,Bot,,,,,,,-0.1450510423191101,-108.4030411300175,2.1903505886348187,7.439595260360286,20.72489932544804,-41.09466143198016,3.44,1.64,,,,73.3,3023,5.6,745322,665804,683737,663538,666624,621020,664023,691718,641355,54.9,,,,,,,,25,2,Curveball,2,1,2,1,1,2,2,1,Standard,Standard,44,0.0,0.029,,,,-0.029,,1,1,0.638,0.638,34,25,35,25,2,1,6.0,1.0,5.0,1.0,5.19,-0.95,0.95,42.4,,,,,
CH,2024-06-25,80.6,-2.59,6.08,"Hendricks, Kyle",672275,543294,,called_strike,,,,,13,Patrick Bailey flies out to center fielder Pete Crow-Armstrong.,R,L,R,SF,CHC,S,,,0,0,2024,-1.33,0.46,-0.34,1.5,,,,2,3,Bot,,,,,,,7.42527383586181,-117.23407825721728,-4.392007854682135,-13.667212118983336,20.83269006549724,-27.25962169973965,3.44,1.68,,,,79.8,2120,5.6,745322,665804,683737,663538,666624,621020,664023,691718,641355,54.86,,,,,,,,25,1,Changeup,2,1,2,1,1,2,2,1,Standard,Standard,227,0.0,-0.041,,,,0.041,,1,1,0.638,0.638,34,25,35,25,2,1,6.0,1.0,5.0,1.0,3.03,1.33,-1.33,42.5,,,,,
SI,2024-06-25,88.1,-2.61,6.04,"Hendricks, Kyle",671218,543294,field_out,hit_into_play,,,,,5,Heliot Ramos lines out to right fielder Cody Bellinger.,R,R,R,SF,CHC,X,9.0,line_drive,2,2,2024,-0.83,0.75,-0.04,2.18,,,,1,3,Bot,200.52,103.5,,,,,7.882554529733758,-128.1586580501253,-4.834825271913948,-10.719909411471969,24.48036534564284,-23.14467808383531,3.21,1.53,300.0,94.2,23.0,87.5,2062,5.7,745322,665804,683737,663538,666624,621020,664023,691718,641355,54.75,0.157,0.187,0.0,1.0,0.0,0.0,3.0,24,6,Sinker,2,1,2,1,1,2,2,1,Standard,Standard,206,-0.015,-0.225,73.4,6.5,0.302,0.225,94.2,1,1,0.653,0.653,34,24,35,25,2,1,6.0,1.0,5.0,1.0,2.17,0.83,0.83,43.3,-1.2464992573263245,15.227694806860136,37.72869520834414,37.323243599057406,22.110480467923608
CU,2024-06-25,75.9,-2.69,6.01,"Hendricks, Kyle",671218,543294,,foul,,,,,9,Heliot Ramos lines out to right fielder Cody Bellinger.,R,R,R,SF,CHC,S,,,2,2,2024,1.27,-0.89,0.42,1.83,,,,1,3,Bot,,,,,,,4.185929017254929,-110.43552875972256,-0.0777838018845924,9.608784080339571,20.56761798725475,-39.62958778987868,3.21,1.53,3.0,70.2,-35.0,74.9,3014,5.7,745322,665804,683737,663538,666624,621020,664023,691718,641355,54.83,,,,,,,,24,5,Curveball,2,1,2,1,1,2,2,1,Standard,Standard,47,0.0,0.0,75.3,7.7,,0.0,88.0,1,1,0.653,0.653,34,24,35,25,2,1,6.0,1.0,5.0,1.0,4.86,-1.27,-1.27,41.6,22.349714145653824,-14.411616986435195,30.52699302551593,41.60977253408355,41.17393931415202
CU,2024-06-25,75.0,-2.58,6.07,"Hendricks, Kyle",671218,543294,,swinging_strike,,,,,14,Heliot Ramos lines out to right fielder Cody Bellinger.,R,R,R,SF,CHC,S,,,2,1,2024,1.08,-0.7,0.7,1.15,,,,1,3,Bot,,,,,,,4.832798851233882,-109.23017481633306,-1.7735189539290517,7.800963848562952,19.17003709294228,-37.68474887917568,3.21,1.53,,,,74.3,2893,5.7,745322,665804,683737,663538,666624,621020,664023,691718,641355,54.8,,,,,,,,24,4,Curveball,2,1,2,1,1,2,2,1,Standard,Standard,44,0.0,-0.078,71.8,7.7,,0.078,,1,1,0.653,0.653,34,24,35,25,2,1,6.0,1.0,5.0,1.0,4.74,-1.08,-1.08,43.1,11.882666814277943,-9.777606970600347,32.01420634167908,46.01376001979706,38.8220611694485
CU,2024-06-25,72.2,-2.15,6.1,"Hendricks, Kyle",671218,543294,,swinging_strike,,,,,14,Heliot Ramos lines out to right fielder Cody Bellinger.,R,R,R,SF,CHC,S,,,2,0,2024,1.13,-1.06,0.04,1.21,,,689172.0,0,3,Bot,,,,,,,2.408257863850342,-105.08673515992233,-0.4526502444960607,7.875675277065761,19.162274339310077,-40.13763744205377,3.21,1.53,,,,71.1,2891,5.6,745322,665804,683737,663538,666624,621020,664023,691718,641355,54.94,,,,,,,,24,3,Curveball,2,1,2,1,1,2,2,1,Standard,Standard,45,-0.052,-0.074,76.5,8.4,,0.074,,1,1,0.705,0.705,34,24,35,25,2,1,6.0,1.0,5.0,1.0,5.46,-1.13,-1.13,40.2,27.350024750042277,-38.22797733274475,36.80340886092379,36.23604915189832,50.62584231889008
SI,2024-06-25,87.1,-2.05,6.08,"Hendricks, Kyle",671218,543294,,ball,,,,,9,Heliot Ramos lines out to right fielder Cody Bellinger.,R,R,R,SF,CHC,B,,,1,0,2024,-1.14,0.71,0.74,1.93,,,689172.0,0,3,Bot,,,,,,,8.908578706854009,-126.58717270435602,-5.245592510826055,-13.946002009137866,22.79412844834984,-23.703344746225007,3.15,1.55,,,,86.6,2037,5.8,745322,665804,683737,663538,666624,621020,664023,691718,641355,54.74,,,,,,,,24,2,Sinker,2,1,2,1,1,2,2,1,Standard,Standard,214,0.0,0.068,,,,-0.068,,1,1,0.705,0.705,34,24,35,25,2,1,6.0,1.0,5.0,1.0,2.28,1.14,1.14,42.9,,,,,
CU,2024-06-25,70.5,-2.09,6.26,"Hendricks, Kyle",671218,543294,,ball,,,,,11,Heliot Ramos lines out to right fielder Cody Bellinger.,R,R,R,SF,CHC,B,,,0,0,2024,1.07,-1.21,-1.12,4.26,,,689172.0,0,3,Bot,,,,,,,0.1069012916628717,-102.4208225209134,5.728283338349445,7.459571973470981,19.289583082319176,-41.89173212493284,3.12,1.59,,,,68.8,2840,5.4,745322,665804,683737,663538,666624,621020,664023,691718,641355,55.15,,,,,,,,24,1,Curveball,2,1,2,1,1,2,2,1,Standard,Standard,45,0.0,0.042,,,,-0.042,,1,1,0.705,0.705,34,24,35,25,2,1,6.0,1.0,5.0,1.0,5.86,-1.07,-1.07,43.9,,,,,
CH,2024-06-25,80.4,-2.6,6.24,"Hendricks, Kyle",689172,543294,single,hit_into_play,,,,,4,Brett Wisely singles on a ground ball to right fielder Cody Bellinger.,R,L,R,SF,CHC,X,9.0,ground_ball,0,1,2024,-1.17,0.41,-0.62,2.31,,,,0,3,Bot,173.75,111.45,,,,,6.524878586533145,-116.94619540271192,-2.8052089018180038,-11.942874587268593,21.33211061003037,-28.062178423467586,3.42,1.56,142.0,101.8,7.0,79.6,2193,5.7,745322,665804,683737,663538,666624,621020,664023,691718,641355,54.81,0.666,0.616,0.9,1.0,1.0,0.0,4.0,23,2,Changeup,2,1,2,1,1,2,2,1,Standard,Standard,225,0.032,0.485,68.8,7.0,0.748,-0.485,101.8,1,1,0.673,0.673,34,25,35,25,2,1,6.0,2.0,5.0,1.0,3.11,1.17,-1.17,43.2,12.776864285495837,-2.940994507675566,32.39693322085814,36.5614982094834,32.385667615755075
CU,2024-06-25,73.0,-2.59,6.09,"Hendricks, Kyle",689172,543294,,called_strike,,,,,9,Brett Wisely singles on a ground ball to right fielder Cody Bellinger.,R,L,R,SF,CHC,S,,,0,0,2024,1.21,-0.87,0.41,1.49,,,,0,3,Bot,,,,,,,3.912870569451278,-106.15124906639925,-0.3198774380829503,8.365334817819178,20.17542904654622,-38.85250716993102,3.42,1.5,,,,71.8,2871,5.7,745322,665804,683737,663538,666624,621020,664023,691718,641355,54.84,,,,,,,,23,1,Curveball,2,1,2,1,1,2,2,1,Standard,Standard,43,0.0,-0.037,,,,0.037,,1,1,0.673,0.673,34,25,35,25,2,1,6.0,2.0,5.0,1.0,5.19,-1.21,1.21,41.3,,,,,
SI,2024-06-25,87.6,-2.12,6.12,"Hendricks, Kyle",682641,543294,field_out,hit_into_play,,,,,1,Luis Matos pops out to second baseman Nico Hoerner.,R,R,R,SF,CHC,X,4.0,popup,0,2,2024,-1.15,0.77,-0.55,2.85,,,624424.0,2,2,Bot,134.99,117.51,,,,,6.092939900166688,-127.45552036148528,-3.362200203168995,-13.80950572409643,23.690762124687183,-23.280267559767665,3.27,1.59,209.0,68.9,42.0,86.9,2067,5.6,745322,665804,683737,663538,666624,621020,664023,691718,641355,54.89,0.426,0.438,0.0,1.0,0.0,0.0,3.0,16,3,Sinker,2,0,2,0,0,2,2,0,Standard,Standard,208,-0.016,-0.17,76.7,6.7,0.532,0.17,88.0,2,2,0.737,0.737,34,22,35,22,1,0,6.0,1.0,5.0,1.0,2.18,1.15,1.15,42.7,1.9341623397164776,-6.208113936316305,27.397659013248404,24.86515840741931,28.53329678177796
CH,2024-06-25,79.9,-2.07,6.08,"Hendricks, Kyle",682641,543294,,foul,,,,,9,Luis Matos pops out to second baseman Nico Hoerner.,R,R,R,SF,CHC,S,,,0,1,2024,-0.26,0.86,0.77,1.79,,,624424.0,2,2,Bot,,,,,,,6.648864535365264,-116.20473744785262,-4.318303285606934,-3.5613656383144723,20.694522165808827,-23.804617761012548,3.27,1.59,2.0,52.3,-45.0,79.0,2141,5.6,745322,665804,683737,663538,666624,621020,664023,691718,641355,54.89,,,,,,,,16,2,Changeup,2,0,2,0,0,2,2,0,Standard,Standard,229,0.0,-0.054,24.5,6.1,,0.054,88.0,2,2,0.737,0.737,34,22,35,22,1,0,6.0,1.0,5.0,1.0,2.7,0.26,0.26,43.5,-1.1745600879711977,26.35241938362348,26.739650014562688,40.679098107599685,14.34484437838838
CH,2024-06-25,79.6,-2.06,6.13,"Hendricks, Kyle",682641,543294,,called_strike,,,,,9,Luis Matos pops out to second baseman Nico Hoerner.,R,R,R,SF,CHC,S,,,0,0,2024,-0.67,0.47,0.69,1.58,,,624424.0,2,2,Bot,,,,,,,7.164304904749442,-115.65230315078048,-4.043940180180423,-7.342005409357736,22.0292459063688,-27.34540146735858,3.34,1.68,,,,78.3,2035,5.5,745322,665804,683737,663538,666624,621020,664023,691718,641355,54.98,,,,,,,,16,1,Changeup,2,0,2,0,0,2,2,0,Standard,Standard,232,0.0,-0.047,,,,0.047,,2,2,0.737,0.737,34,22,35,22,1,0,6.0,1.0,5.0,1.0,3.14,0.67,0.67,42.2,,,,,
SI,2024-06-25,87.1,-2.06,6.09,"Hendricks, Kyle",681584,543294,sac_fly,hit_into_play,,,,,7,David Villar out on a sacrifice fly to left fielder Ian Happ. Matt Chapman scores.,R,R,R,SF,CHC,X,7.0,fly_ball,0,0,2024,-1.16,0.81,-0.53,2.04,656305.0,,624424.0,1,2,Bot,49.73,82.1,,,,,5.968131363196345,-126.76136194720098,-5.183645496267729,-13.729372324157533,24.503470780340773,-22.616455779843776,3.3,1.61,344.0,106.3,22.0,86.3,2075,5.6,745322,665804,683737,663538,666624,621020,664023,691718,641355,54.88,0.823,1.375,0.0,1.0,0.0,0.0,6.0,15,1,Sinker,1,0,1,0,0,2,2,0,Standard,Standard,211,0.02,-0.14,,,2.502,0.14,106.3,1,1,0.717,0.717,34,27,35,27,1,0,6.0,3.0,5.0,1.0,2.18,1.16,1.16,42.5,,,,,
CU,2024-06-25,74.5,-2.13,6.11,"Hendricks, Kyle",642731,543294,strikeout,swinging_strike,,,,,2,Thairo Estrada strikes out swinging.,R,R,R,SF,CHC,S,2.0,,1,2,2024,1.24,-1.13,-0.03,2.87,656305.0,,624424.0,0,2,Bot,,,,,,,2.119227445614475,-108.36011026092596,2.5638816299302247,9.310292938063782,20.82304470942726,-41.76977912847707,3.38,1.67,,,,73.1,2999,5.5,745322,665804,683737,663538,666624,621020,664023,691718,641355,55.01,,0.0,0.0,1.0,0.0,0.0,,14,4,Curveball,1,0,1,0,0,1,1,0,Standard,Standard,45,-0.05,-0.228,65.5,7.9,,0.228,,1,1,0.767,0.767,34,28,35,28,1,0,6.0,1.0,5.0,1.0,5.28,-1.24,-1.24,43.5,26.82973097883877,-44.70023534987889,25.36959231331485,32.396541508872204,57.411205967751165
CU,2024-06-25,75.0,-2.07,6.07,"Hendricks, Kyle",642731,543294,,ball,,,,,14,Thairo Estrada strikes out swinging.,R,R,R,SF,CHC,B,,,0,2,2024,1.24,-1.08,1.53,2.18,656305.0,,624424.0,0,2,Bot,,,,,,,5.174550383873295,-109.0712047066923,1.0362651470628408,8.911807711433326,20.2709477343988,-41.17165461248155,3.43,1.78,,,,73.8,3009,5.6,745322,665804,683737,663538,666624,621020,664023,691718,641355,54.95,,,,,,,,14,3,Curveball,1,0,1,0,0,1,1,0,Standard,Standard,46,0.0,-0.003,,,,0.003,,1,1,0.767,0.767,34,28,35,28,1,0,6.0,1.0,5.0,1.0,5.15,-1.24,-1.24,43.7,,,,,
CH,2024-06-25,80.6,-2.08,6.16,"Hendricks, Kyle",642731,543294,,called_strike,,,,,9,Thairo Estrada strikes out swinging.,R,R,R,SF,CHC,S,,,0,1,2024,-0.41,0.75,0.71,2.03,656305.0,,624424.0,0,2,Bot,,,,,,,6.896512273622654,-117.18313007878284,-3.9323742968177218,-4.981080289223452,20.28195154887912,-24.69441082112365,3.35,1.7,,,,80.0,2139,5.7,745322,665804,683737,663538,666624,621020,664023,691718,641355,54.75,,,,,,,,14,2,Changeup,1,0,1,0,0,1,1,0,Standard,Standard,224,0.0,-0.066,,,,0.066,,1,1,0.767,0.767,34,28,35,28,1,0,6.0,1.0,5.0,1.0,2.74,0.41,0.41,43.6,,,,,
SI,2024-06-25,88.0,-2.16,6.08,"Hendricks, Kyle",642731,543294,,foul,,,,,5,Thairo Estrada strikes out swinging.,R,R,R,SF,CHC,S,,,0,0,2024,-1.04,0.69,-0.19,2.33,656305.0,,624424.0,0,2,Bot,,,,,,,6.8410238049766665,-128.13629857135962,-4.438008264150251,-12.777487795938685,22.930761134804087,-23.90147095677071,3.38,1.67,193.0,69.9,25.0,87.4,2003,5.6,745322,665804,683737,663538,666624,621020,664023,691718,641355,54.91,,,,,,,,14,1,Sinker,1,0,1,0,0,1,1,0,Standard,Standard,209,0.0,-0.04,75.2,7.4,,0.04,88.0,1,1,0.767,0.767,34,28,35,28,1,0,6.0,1.0,5.0,1.0,2.22,1.04,1.04,43.0,5.509811650884943,-5.986989245763,33.58277733593996,32.41138608964528,30.59026480066337
SI,2024-06-25,88.0,-2.09,6.05,"Hendricks, Kyle",624424,543294,single,hit_into_play,,,,,14,Michael Conforto singles on a ground ball to right fielder Cody Bellinger. Jorge Soler scores. Matt Chapman to 3rd.,R,L,R,SF,CHC,X,9.0,ground_ball,2,2,2024,-0.91,0.57,1.09,2.3,,624585.0,656305.0,0,2,Bot,194.34,120.53,,,,,9.476358135081176,-127.84858645797344,-4.175408510693546,-11.83676295137303,23.97659025902839,-25.28034622116705,3.17,1.53,79.0,82.2,6.0,87.2,1941,5.6,745322,665804,683737,663538,666624,621020,664023,691718,641355,54.86,0.346,0.309,0.9,1.0,1.0,0.0,2.0,13,5,Sinker,0,0,0,0,0,1,1,0,Standard,Standard,209,0.125,0.52,67.9,6.5,0.415,-0.52,88.0,0,0,0.642,0.642,34,31,35,31,1,0,6.0,1.0,5.0,1.0,2.36,0.91,-0.91,43.1,11.00628821086429,-0.3816831255643158,38.35006336921168,24.080031588671982,26.22141857410567
CH,2024-06-25,82.5,-2.07,6.14,"Hendricks, Kyle",624424,543294,,ball,,,,,13,Michael Conforto singles on a ground ball to right fielder Cody Bellinger. Jorge Soler scores. Matt Chapman to 3rd.,R,L,R,SF,CHC,B,,,1,2,2024,-1.17,0.53,-0.45,0.98,,624585.0,656305.0,0,2,Bot,,,,,,,5.870166730841561,-119.97463148635266,-6.224510775847262,-12.3909322951975,21.795814197789944,-26.042071040121627,3.09,1.53,,,,81.7,2150,5.6,745322,665804,683737,663538,666624,621020,664023,691718,641355,54.88,,,,,,,,13,4,Changeup,0,0,0,0,0,0,0,0,Standard,Standard,224,0.0,0.026,,,,-0.026,,0,0,0.642,0.642,34,31,35,31,1,0,6.0,1.0,5.0,1.0,2.8,1.17,-1.17,44.1,,,,,
CH,2024-06-25,82.3,-2.22,6.11,"Hendricks, Kyle",624424,543294,,swinging_strike,,,,,13,Michael Conforto singles on a ground ball to right fielder Cody Bellinger. Jorge Soler scores. Matt Chapman to 3rd.,R,L,R,SF,CHC,S,,,1,1,2024,-1.05,0.7,-0.15,1.24,,624585.0,656305.0,0,2,Bot,,,,,,,6.624417203444067,-119.67103432688296,-5.80666394707235,-11.340381144232474,22.699103664905103,-24.51735432669816,3.17,1.53,,,,81.2,2207,5.6,745322,665804,683737,663538,666624,621020,664023,691718,641355,54.94,,,,,,,,13,3,Changeup,0,0,0,0,0,0,0,0,Standard,Standard,229,0.0,-0.069,78.5,8.4,,0.069,,0,0,0.642,0.642,34,31,35,31,1,0,6.0,1.0,5.0,1.0,2.67,1.05,-1.05,42.3,28.14273776950293,-34.13158817121906,33.66737496645813,39.77353053943058,55.26176447818061
CH,2024-06-25,80.8,-2.21,6.12,"Hendricks, Kyle",624424,543294,,foul,,,,,7,Michael Conforto singles on a ground ball to right fielder Cody Bellinger. Jorge Soler scores. Matt Chapman to 3rd.,R,L,R,SF,CHC,S,,,1,0,2024,-1.03,0.6,-0.48,2.02,,624585.0,656305.0,0,2,Bot,,,,,,,5.754051705812653,-117.70182639450304,-3.681981133753831,-10.634077270313048,19.55745161789657,-26.08547285962604,3.17,1.53,,,,80.3,2138,5.6,745322,665804,683737,663538,666624,621020,664023,691718,641355,54.88,,,,,,,,13,2,Changeup,0,0,0,0,0,0,0,0,Standard,Standard,230,0.0,-0.055,68.1,7.9,,0.055,,0,0,0.642,0.642,34,31,35,31,1,0,6.0,1.0,5.0,1.0,2.85,1.03,-1.03,43.9,23.30943854871904,-25.025835167581352,29.01562329130676,43.57730388669805,44.69364052769161
SI,2024-06-25,87.3,-2.09,6.09,"Hendricks, Kyle",624424,543294,,ball,,,,,13,Michael Conforto singles on a ground ball to right fielder Cody Bellinger. Jorge Soler scores. Matt Chapman to 3rd.,R,L,R,SF,CHC,B,,,0,0,2024,-1.09,0.53,-0.54,1.32,,624585.0,656305.0,0,2,Bot,,,,,,,5.907843078948122,-126.9226058599994,-6.346766650986738,-13.019011301935414,25.92957637889944,-25.29121094631868,3.23,1.51,,,,86.2,1971,5.7,745322,665804,683737,663538,666624,621020,664023,691718,641355,54.84,,,,,,,,13,1,Sinker,0,0,0,0,0,0,0,0,Standard,Standard,217,0.0,0.045,,,,-0.045,,0,0,0.642,0.642,34,31,35,31,1,0,6.0,1.0,5.0,1.0,2.46,1.09,-1.09,42.7,,,,,
SI,2024-06-25,88.9,-2.19,6.11,"Hendricks, Kyle",656305,543294,walk,ball,,,,,11,Matt Chapman walks. Jorge Soler to 2nd.,R,R,R,SF,CHC,B,,,3,2,2024,-1.0,0.57,-1.81,3.05,,,624585.0,0,2,Bot,,,,,,,2.973469969953688,-129.59246206979424,-2.750620001319425,-11.932708680578218,21.84926214926412,-25.315289408269315,3.32,1.7,,,,88.7,1987,5.6,745322,665804,683737,663538,666624,621020,664023,691718,641355,54.86,,0.689131,0.7,1.0,0.0,0.0,,12,13,Sinker,0,0,0,0,0,0,0,0,Standard,Standard,211,0.054,0.291,,,,-0.291,,0,0,0.588,0.588,34,31,35,31,1,0,6.0,1.0,5.0,1.0,2.26,1.0,1.0,44.9,,,,,
CH,2024-06-25,82.1,-2.08,6.15,"Hendricks, Kyle",656305,543294,,foul,,,,,7,Matt Chapman walks. Jorge Soler to 2nd.,R,R,R,SF,CHC,S,,,3,2,2024,-1.34,0.5,-0.62,1.75,,,624585.0,0,2,Bot,,,,,,,5.823731523890427,-119.46194209830408,-4.383725723094404,-13.984794252032057,21.420004290130645,-26.769130009085703,3.58,1.7,9.0,102.4,-12.0,81.2,2174,5.5,745322,665804,683737,663538,666624,621020,664023,691718,641355,54.97,,,,,,,,12,12,Changeup,0,0,0,0,0,0,0,0,Standard,Standard,226,0.0,0.0,76.4,8.3,,0.0,102.4,0,0,0.588,0.588,34,31,35,31,1,0,6.0,1.0,5.0,1.0,2.86,1.34,1.34,44.5,16.20279457378221,-34.84538966732557,31.574379457879743,31.96640849841125,43.17327402080374
SI,2024-06-25,87.7,-2.13,6.09,"Hendricks, Kyle",656305,543294,,foul,,,,,6,Matt Chapman walks. Jorge Soler to 2nd.,R,R,R,SF,CHC,S,,,3,2,2024,-1.13,0.71,0.51,2.75,,,624585.0,0,2,Bot,,,,,,,8.595496142022824,-127.51769414438694,-3.4492901231128474,-13.95333997510291,22.074077346402586,-23.91526248503216,3.58,1.7,260.0,85.5,43.0,87.1,1923,5.6,745322,665804,683737,663538,666624,621020,664023,691718,641355,54.89,,,,,,,,12,11,Sinker,0,0,0,0,0,0,0,0,Standard,Standard,212,0.0,0.0,68.1,6.7,,0.0,88.0,0,0,0.588,0.588,34,31,35,31,1,0,6.0,1.0,5.0,1.0,2.22,1.13,1.13,41.6,-8.961293444360921,29.06019813132705,20.35253192203231,46.925493443921646,7.974347310080214
CH,2024-06-25,81.2,-2.19,6.18,"Hendricks, Kyle",656305,543294,,foul,,,,,6,Matt Chapman walks. Jorge Soler to 2nd.,R,R,R,SF,CHC,S,,,3,2,2024,-0.21,0.99,0.8,2.98,,,624585.0,0,2,Bot,,,,,,,6.976601325999607,-118.2272842679359,-2.5037746991610903,-3.1688666906476053,19.99377391958704,-22.58123754684678,3.58,1.7,4.0,64.2,-34.0,80.4,2095,5.5,745322,665804,683737,663538,666624,621020,664023,691718,641355,55.03,,,,,,,,12,10,Changeup,0,0,0,0,0,0,0,0,Standard,Standard,226,0.0,0.0,75.6,7.8,,0.0,88.0,0,0,0.588,0.588,34,31,35,31,1,0,6.0,1.0,5.0,1.0,2.43,0.21,0.21,42.2,17.862892013326313,-11.780786774349084,15.982862022833602,49.73372307616538,33.24349052642168
CH,2024-06-25,80.9,-2.23,6.11,"Hendricks, Kyle",656305,543294,,foul,,,,,14,Matt Chapman walks. Jorge Soler to 2nd.,R,R,R,SF,CHC,S,,,3,2,2024,-1.37,0.6,0.23,1.44,,,624585.0,0,2,Bot,,,,,,,7.992949110397552,-117.53025715754062,-4.84104651341111,-14.187669224260562,22.859657867861408,-25.84749967165964,3.58,1.7,3.0,84.6,-31.0,79.8,2208,5.7,745322,665804,683737,663538,666624,621020,664023,691718,641355,54.83,,,,,,,,12,9,Changeup,0,0,0,0,0,0,0,0,Standard,Standard,234,0.0,0.0,81.1,8.6,,0.0,88.0,0,0,0.588,0.588,34,31,35,31,1,0,6.0,1.0,5.0,1.0,2.9,1.37,1.37,42.6,24.859482147386217,-23.096628314284693,28.91950443151918,42.604057901202,39.65283923350923
SI,2024-06-25,88.4,-2.15,6.08,"Hendricks, Kyle",656305,543294,,foul,,,,,4,Matt Chapman walks. Jorge Soler to 2nd.,R,R,R,SF,CHC,S,,,3,2,2024,-0.89,0.71,-0.73,2.74,,,624585.0,0,2,Bot,,,,,,,5.216917129692706,-128.58333716301598,-3.497835006917409,-10.980140314594973,26.50560625802251,-23.764229257731262,3.58,1.7,177.0,66.8,24.0,87.0,1948,5.4,745322,665804,683737,663538,666624,621020,664023,691718,641355,55.08,,,,,,,,12,8,Sinker,0,0,0,0,0,0,0,0,Standard,Standard,211,0.0,0.0,73.3,6.2,,0.0,88.0,0,0,0.588,0.588,34,31,35,31,1,0,6.0,1.0,5.0,1.0,2.21,0.89,0.89,41.6,-2.2809623643692447,12.753111037341,30.051845788900504,31.51359854273148,17.847243701155033
SI,2024-06-25,87.5,-2.01,6.11,"Hendricks, Kyle",656305,543294,,foul,,,,,9,Matt Chapman walks. Jorge Soler to 2nd.,R,R,R,SF,CHC,S,,,3,2,2024,-1.16,0.35,0.75,1.85,,,624585.0,0,2,Bot,,,,,,,8.906492948280789,-127.0317406257082,-4.753118316167455,-14.438161996277705,25.98752915019813,-27.627583700200216,3.58,1.7,29.0,22.4,55.0,86.2,1949,5.6,745322,665804,683737,663538,666624,621020,664023,691718,641355,54.91,,,,,,,,12,7,Sinker,0,0,0,0,0,0,0,0,Standard,Standard,209,0.0,0.0,76.6,7.2,,0.0,88.0,0,0,0.588,0.588,34,31,35,31,1,0,6.0,1.0,5.0,1.0,2.65,1.16,1.16,43.3,0.634271404087432,15.325997259058216,21.86385057037361,49.19963073040567,17.48597183085426
CU,2024-06-25,74.8,-2.26,6.08,"Hendricks, Kyle",656305,543294,,ball,,,,,14,Matt Chapman walks. Jorge Soler to 2nd.,R,R,R,SF,CHC,B,,,2,2,2024,1.15,-0.93,1.09,1.89,,,624585.0,0,2,Bot,,,,,,,4.796388409742275,-108.82748255533136,0.213877659612989,8.167710781098304,20.591643396807623,-39.76900928246387,3.36,1.7,,,,73.3,2947,5.4,745322,665804,683737,663538,666624,621020,664023,691718,641355,55.13,,,,,,,,12,6,Curveball,0,0,0,0,0,0,0,0,Standard,Standard,42,0.0,0.117,,,,-0.117,,0,0,0.588,0.588,34,31,35,31,1,0,6.0,1.0,5.0,1.0,5.03,-1.15,-1.15,42.0,,,,,
SI,2024-06-25,87.1,-2.12,6.1,"Hendricks, Kyle",656305,543294,,foul,,,,,13,Matt Chapman walks. Jorge Soler to 2nd.,R,R,R,SF,CHC,S,,,2,2,2024,-1.13,0.56,-0.95,2.07,,,624585.0,0,2,Bot,,,,,,,5.0476541571883535,-126.75701486652446,-4.601696956267273,-13.261207832057844,25.981767693469525,-25.396356255547925,3.58,1.7,9.0,101.2,-13.0,85.8,1881,5.5,745322,665804,683737,663538,666624,621020,664023,691718,641355,55.05,,,,,,,,12,5,Sinker,0,0,0,0,0,0,0,0,Standard,Standard,214,0.0,0.0,,,,0.0,101.2,0,0,0.588,0.588,34,31,35,31,1,0,6.0,1.0,5.0,1.0,2.44,1.13,1.13,42.8,,,,,
SI,2024-06-25,87.8,-2.25,6.11,"Hendricks, Kyle",656305,543294,,ball,,,,,14,Matt Chapman walks. Jorge Soler to 2nd.,R,R,R,SF,CHC,B,,,1,2,2024,-1.1,0.63,1.16,2.17,,,624585.0,0,2,Bot,,,,,,,10.331204743190746,-127.42890355562464,-4.677461500682437,-13.976589009553072,23.69553031650457,-24.535150300846816,3.27,1.65,,,,86.6,1989,5.4,745322,665804,683737,663538,666624,621020,664023,691718,641355,55.07,,,,,,,,12,4,Sinker,0,0,0,0,0,0,0,0,Standard,Standard,213,0.0,0.045,,,,-0.045,,0,0,0.588,0.588,34,31,35,31,1,0,6.0,1.0,5.0,1.0,2.32,1.1,1.1,43.5,,,,,
CH,2024-06-25,80.0,-2.24,6.28,"Hendricks, Kyle",656305,543294,,ball,,,,,14,Matt Chapman walks. Jorge Soler to 2nd.,R,R,R,SF,CHC,B,,,0,2,2024,-0.44,0.95,2.34,1.71,,,624585.0,0,2,Bot,,,,,,,10.675324586451843,-116.00613080704063,-5.084645739488537,-5.779398660321061,19.53481557135056,-22.81126862343912,3.37,1.66,,,,78.7,1997,5.3,745322,665804,683737,663538,666624,621020,664023,691718,641355,55.16,,,,,,,,12,3,Changeup,0,0,0,0,0,0,0,0,Standard,Standard,231,0.0,0.033,,,,-0.033,,0,0,0.588,0.588,34,31,35,31,1,0,6.0,1.0,5.0,1.0,2.61,0.44,0.44,46.0,,,,,
CH,2024-06-25,79.8,-2.33,6.18,"Hendricks, Kyle",656305,543294,,called_strike,,,,,6,Matt Chapman walks. Jorge Soler to 2nd.,R,R,R,SF,CHC,S,,,0,1,2024,-0.4,1.11,0.46,2.41,,,624585.0,0,2,Bot,,,,,,,6.8017227179967055,-115.9917235205542,-3.5853797062568478,-4.898873148493317,22.07316068974309,-21.69438919309899,3.33,1.62,,,,78.8,1980,5.7,745322,665804,683737,663538,666624,621020,664023,691718,641355,54.84,,,,,,,,12,2,Changeup,0,0,0,0,0,0,0,0,Standard,Standard,224,0.0,-0.048,,,,0.048,,0,0,0.588,0.588,34,31,35,31,1,0,6.0,1.0,5.0,1.0,2.48,0.4,0.4,42.0,,,,,
SI,2024-06-25,86.9,-2.35,6.09,"Hendricks, Kyle",656305,543294,,called_strike,,,,,14,Matt Chapman walks. Jorge Soler to 2nd.,R,R,R,SF,CHC,S,,,0,0,2024,-1.13,0.43,0.05,1.46,,,624585.0,0,2,Bot,,,,,,,7.921661010679658,-126.29381023208968,-5.715026190049336,-13.699201734145309,25.125503210844805,-26.594609432773463,3.33,1.65,,,,85.7,1900,5.6,745322,665804,683737,663538,666624,621020,664023,691718,641355,54.93,,,,,,,,12,1,Sinker,0,0,0,0,0,0,0,0,Standard,Standard,215,0.0,-0.042,,,,0.042,,0,0,0.588,0.588,34,31,35,31,1,0,6.0,1.0,5.0,1.0,2.59,1.13,1.13,42.1,,,,,
SI,2024-06-25,88.3,-2.48,6.15,"Hendricks, Kyle",624585,543294,single,hit_into_play,,,,,8,Jorge Soler singles on a ground ball to left fielder Ian Happ.,R,R,R,SF,CHC,X,7.0,ground_ball,0,0,2024,-1.17,0.49,-0.19,2.2,,,,0,2,Bot,81.68,130.83,,,,,7.912355086476771,-128.45366470286424,-4.56020744857622,-14.57576014657043,24.83101357888171,-25.95560752967924,3.62,1.75,110.0,94.0,7.0,87.5,2030,5.7,745322,665804,683737,663538,666624,621020,664023,691718,641355,54.82,0.557,0.501,0.9,1.0,1.0,0.0,4.0,11,1,Sinker,0,0,0,0,0,0,0,0,Standard,Standard,214,0.038,0.448,78.6,8.1,0.604,-0.448,94.0,0,0,0.55,0.55,34,32,35,32,1,0,6.0,1.0,5.0,1.0,2.41,1.17,1.17,44.6,8.337575969108466,-4.982098584066622,36.20357470501241,36.43896895528867,29.219062330445038
SI,2024-06-25,87.4,-2.6,6.13,"Hendricks, Kyle",672275,543294,field_out,hit_into_play,,,,,5,Patrick Bailey lines out sharply to center fielder Pete Crow-Armstrong.,R,L,R,SF,CHC,X,8.0,line_drive,0,0,2024,-0.99,0.55,0.13,2.23,,,,2,1,Bot,118.38,62.14,,,,,8.501312067674538,-127.09751753973872,-4.401450388550783,-12.31359494359969,23.107178336818272,-25.464902402333465,3.39,1.6,339.0,106.4,15.0,86.8,2006,5.7,745322,665804,683737,663538,666624,621020,664023,691718,641355,54.79,0.637,0.68,0.0,1.0,0.0,0.0,5.0,7,1,Sinker,0,0,0,0,0,0,0,0,Standard,Standard,208,-0.01,-0.256,77.0,7.0,0.991,0.256,106.4,0,0,0.51,0.51,34,25,35,25,1,0,6.0,1.0,5.0,1.0,2.41,0.99,-0.99,43.5,-0.3817363850650834,-5.825293028638927,38.478116836416746,35.50620017490513,32.681039838651
SI,2024-06-25,88.0,-2.6,6.09,"Hendricks, Kyle",671218,543294,field_out,hit_into_play,,,,,13,"Heliot Ramos grounds out, third baseman Christopher Morel to first baseman Michael Busch.",R,R,R,SF,CHC,X,5.0,ground_ball,2,2,2024,-0.95,0.58,-0.16,1.39,,,,1,1,Bot,101.07,169.6,,,,,7.767752966800749,-127.79153946427309,-6.4185390326214575,-12.01184478358548,25.687490793286717,-24.701048727271587,3.21,1.53,4.0,95.7,-23.0,87.0,1986,5.7,745322,665804,683737,663538,666624,621020,664023,691718,641355,54.79,0.126,0.116,0.0,1.0,0.0,0.0,2.0,6,6,Sinker,0,0,0,0,0,0,0,0,Standard,Standard,213,-0.016,-0.225,79.9,7.2,0.141,0.225,95.7,0,0,0.526,0.526,34,24,35,25,1,0,6.0,1.0,5.0,1.0,2.37,0.95,0.95,43.0,7.914303744351315,-4.309456913748823,40.05215752569898,35.14378063681053,33.11784643679273
CU,2024-06-25,76.3,-2.52,6.16,"Hendricks, Kyle",671218,543294,,ball,,,,,14,"Heliot Ramos grounds out, third baseman Christopher Morel to first baseman Michael Busch.",R,R,R,SF,CHC,B,,,1,2,2024,1.52,-0.48,2.43,0.92,,,,1,1,Bot,,,,,,,7.599698997987947,-110.80855944447202,-3.0017118259369404,10.904562153305658,21.80327567033028,-35.76736409802746,3.14,1.56,,,,75.2,2948,5.8,745322,665804,683737,663538,666624,621020,664023,691718,641355,54.65,,,,,,,,6,5,Curveball,0,0,0,0,0,0,0,0,Standard,Standard,39,0.0,0.043,,,,-0.043,,0,0,0.526,0.526,34,24,35,25,1,0,6.0,1.0,5.0,1.0,4.45,-1.52,-1.52,46.3,,,,,
CH,2024-06-25,81.7,-2.66,6.24,"Hendricks, Kyle",671218,543294,,foul,,,,,14,"Heliot Ramos grounds out, third baseman Christopher Morel to first baseman Michael Busch.",R,R,R,SF,CHC,S,,,1,2,2024,-0.6,1.01,0.95,1.91,,,,1,1,Bot,,,,,,,9.15062623595702,-118.79604919502228,-5.2074853750825385,-7.107366109834717,17.3024343938612,-21.82781008400369,3.21,1.53,199.0,69.9,45.0,81.5,2114,5.6,745322,665804,683737,663538,666624,621020,664023,691718,641355,54.86,,,,,,,,6,4,Changeup,0,0,0,0,0,0,0,0,Standard,Standard,231,0.0,0.0,74.5,7.3,,0.0,88.0,0,0,0.526,0.526,34,24,35,25,1,0,6.0,1.0,5.0,1.0,2.35,0.6,0.6,45.3,5.603944855781102,9.120724509488332,31.62587689901896,48.9558051348188,23.831270666991145
CH,2024-06-25,81.0,-2.62,6.22,"Hendricks, Kyle",671218,543294,,ball,,,,,14,"Heliot Ramos grounds out, third baseman Christopher Morel to first baseman Michael Busch.",R,R,R,SF,CHC,B,,,0,2,2024,-0.63,1.06,1.32,1.41,,,,1,1,Bot,,,,,,,9.89536222069585,-117.55249042965757,-6.184437225575713,-7.458329826729621,17.87461372104417,-21.33677128133928,3.18,1.59,,,,80.8,1977,5.9,745322,665804,683737,663538,666624,621020,664023,691718,641355,54.63,,,,,,,,6,3,Changeup,0,0,0,0,0,0,0,0,Standard,Standard,231,0.0,0.02,,,,-0.02,,0,0,0.526,0.526,34,24,35,25,1,0,6.0,1.0,5.0,1.0,2.38,0.63,0.63,45.8,,,,,
SI,2024-06-25,88.2,-2.73,6.08,"Hendricks, Kyle",671218,543294,,foul,,,,,11,"Heliot Ramos grounds out, third baseman Christopher Morel to first baseman Michael Busch.",R,R,R,SF,CHC,S,,,0,1,2024,-1.07,0.61,-1.08,2.71,,,,1,1,Bot,,,,,,,6.148809620648739,-128.47724293238295,-3.42979610955854,-13.0710973137601,23.35140303132024,-24.85488636509515,3.21,1.53,166.0,59.6,30.0,87.7,1978,5.6,745322,665804,683737,663538,666624,621020,664023,691718,641355,54.88,,,,,,,,6,2,Sinker,0,0,0,0,0,0,0,0,Standard,Standard,214,0.0,-0.057,66.8,5.5,,0.057,88.0,0,0,0.526,0.526,34,24,35,25,1,0,6.0,1.0,5.0,1.0,2.28,1.07,1.07,41.6,-13.121111494656557,16.43161691174397,41.00313926028742,25.664570286183523,15.362319882258442
SI,2024-06-25,87.8,-2.72,6.06,"Hendricks, Kyle",671218,543294,,called_strike,,,,,6,"Heliot Ramos grounds out, third baseman Christopher Morel to first baseman Michael Busch.",R,R,R,SF,CHC,S,,,0,0,2024,-1.11,0.56,0.8,2.38,,,,1,1,Bot,,,,,,,10.684870980196116,-127.52102668777188,-3.984593709724522,-14.118941126961166,22.075731399135435,-25.396113910457817,3.05,1.53,,,,87.4,2013,5.8,745322,665804,683737,663538,666624,621020,664023,691718,641355,54.73,,,,,,,,6,1,Sinker,0,0,0,0,0,0,0,0,Standard,Standard,211,0.0,-0.037,,,,0.037,,0,0,0.526,0.526,34,24,35,25,1,0,6.0,1.0,5.0,1.0,2.37,1.11,1.11,41.7,,,,,
FF,2024-06-25,87.0,-2.68,6.06,"Hendricks, Kyle",689172,543294,field_out,hit_into_play,,,,,5,Brett Wisely pops out to third baseman Christopher Morel.,R,L,R,SF,CHC,X,5.0,popup,0,0,2024,-0.68,1.29,-0.21,2.36,,,,0,1,Bot,112.58,170.81,,,,,7.231117534672233,-126.4859092713328,-5.298698862769351,-8.80271608420757,25.0755467819574,-17.40986484492106,3.42,1.56,81.0,75.9,73.0,86.0,2135,5.6,745322,665804,683737,663538,666624,621020,664023,691718,641355,54.86,0.001,0.0,0.0,1.0,0.0,0.0,3.0,5,1,4-Seam Fastball,0,0,0,0,0,0,0,0,Standard,Standard,216,-0.021,-0.254,73.5,7.4,0.001,0.254,88.0,0,0,0.547,0.547,34,25,35,25,1,0,6.0,2.0,5.0,1.0,1.72,0.68,-0.68,40.9,24.99704549886745,-13.474812306986744,25.89846334071412,32.627442151677144,43.38820692212133
SI,2024-06-19,87.4,-2.33,5.88,"Hendricks, Kyle",671218,543294,force_out,hit_into_play,,,,,11,"Heliot Ramos grounds into a force out, fielded by shortstop Dansby Swanson.   Thairo Estrada scores.    Brett Wisely out at 2nd.    Heliot Ramos to 1st.",R,R,R,CHC,SF,X,6.0,ground_ball,2,2,2024,-1.12,0.47,-0.89,2.66,642731.0,,689172.0,1,6,Top,115.52,151.58,,,,,5.719891520144815,-127.22924462832248,-2.619176536395256,-13.358887954263317,23.83062127705487,-26.749796333618857,3.19,1.51,37.0,74.5,-1.0,86.6,1966,5.6,746864,665804,641355,663538,666624,621020,664023,691718,673548,54.91,0.117,0.108,0.0,1.0,0.0,0.0,2.0,43,5,Sinker,3,0,0,3,1,3,1,3,Standard,Standard,211,0.013,-0.249,70.7,5.8,0.137,0.249,88.0,3,-3,0.809,0.191,34,24,35,25,3,2,5.0,1.0,6.0,1.0,2.49,1.12,1.12,40.6,1.8409850951547504,12.916059892437174,34.33401816126586,27.81786837911609,23.490720809475665
CH,2024-06-19,80.0,-2.26,6.03,"Hendricks, Kyle",671218,543294,,ball,,,,,14,"Heliot Ramos grounds into a force out, fielded by shortstop Dansby Swanson.   Thairo Estrada scores.    Brett Wisely out at 2nd.    Heliot Ramos to 1st.",R,R,R,CHC,SF,B,,,1,2,2024,-0.31,0.77,1.2,0.99,642731.0,,689172.0,1,6,Top,,,,,,,8.07090689941607,-116.25565990692986,-5.882003591189098,-4.046397447588749,17.55753435537427,-24.30020288183017,3.3,1.55,,,,79.4,1979,5.5,746864,665804,641355,663538,666624,621020,664023,691718,673548,55.0,,,,,,,,43,4,Changeup,3,0,0,3,0,3,0,3,Standard,Standard,226,0.0,0.022,,,,-0.022,,3,-3,0.809,0.191,34,24,35,25,3,2,5.0,1.0,6.0,1.0,2.74,0.31,0.31,43.5,,,,,
CU,2024-06-19,73.4,-2.26,6.04,"Hendricks, Kyle",671218,543294,,foul,,,,,2,"Heliot Ramos grounds into a force out, fielded by shortstop Dansby Swanson.   Thairo Estrada scores.    Brett Wisely out at 2nd.    Heliot Ramos to 1st.",R,R,R,CHC,SF,S,,,1,1,2024,1.36,-1.26,0.07,2.68,642731.0,,689172.0,1,6,Top,,,,,,,2.3115698066630204,-106.76546726531332,2.746217190051865,9.84609175616224,21.26226082071312,-42.47345645034915,3.19,1.51,333.0,93.3,32.0,71.9,2994,5.5,746864,665804,641355,663538,666624,621020,664023,691718,673548,55.0,,,,,,,,43,3,Curveball,3,0,0,3,0,3,0,3,Standard,Standard,43,0.0,-0.071,72.0,5.9,,0.071,93.3,3,-3,0.809,0.191,34,24,35,25,3,2,5.0,1.0,6.0,1.0,5.55,-1.36,-1.36,43.8,-1.0065486943128683,25.368762335192287,27.29845332002328,40.175503539110025,19.848824730916675
CH,2024-06-19,79.8,-2.26,6.01,"Hendricks, Kyle",671218,543294,,ball,,,,,14,"Heliot Ramos grounds into a force out, fielded by shortstop Dansby Swanson.   Thairo Estrada scores.    Brett Wisely out at 2nd.    Heliot Ramos to 1st.",R,R,R,CHC,SF,B,,,0,1,2024,-0.68,1.04,1.0,1.4,642731.0,,689172.0,1,6,Top,,,,,,,8.314859609657645,-115.8699296117916,-5.295546120775851,-7.6343935724580465,21.257145211641696,-21.956470303965983,3.26,1.61,,,,78.7,2046,5.6,746864,665804,641355,663538,666624,621020,664023,691718,673548,54.92,,,,,,,,43,2,Changeup,3,0,0,3,0,3,0,3,Standard,Standard,228,0.0,0.007,,,,-0.007,,3,-3,0.809,0.191,34,24,35,25,3,2,5.0,1.0,6.0,1.0,2.55,0.68,0.68,42.2,,,,,
SI,2024-06-19,87.2,-2.31,5.92,"Hendricks, Kyle",671218,543294,,called_strike,,,,,7,"Heliot Ramos grounds into a force out, fielded by shortstop Dansby Swanson.   Thairo Estrada scores.    Brett Wisely out at 2nd.    Heliot Ramos to 1st.",R,R,R,CHC,SF,S,,,0,0,2024,-1.24,0.34,-0.4,1.82,642731.0,,689172.0,1,6,Top,,,,,,,7.048441227070324,-126.73776674458516,-4.338478645409955,-14.836013322738424,26.003331506577712,-27.819351675131283,3.26,1.71,,,,86.2,1972,5.7,746864,665804,641355,663538,666624,621020,664023,691718,673548,54.79,,,,,,,,43,1,Sinker,3,0,0,3,0,3,0,3,Standard,Standard,217,0.0,-0.045,,,,0.045,,3,-3,0.809,0.191,34,24,35,25,3,2,5.0,1.0,6.0,1.0,2.67,1.24,1.24,41.8,,,,,
CH,2024-06-19,79.9,-2.39,6.01,"Hendricks, Kyle",689172,543294,single,hit_into_play,,,,,4,Brett Wisely singles on a soft bunt ground ball to pitcher Kyle Hendricks.   Thairo Estrada to 3rd.,R,L,R,CHC,SF,X,1.0,ground_ball,0,0,2024,-1.51,0.57,-0.64,2.73,,642731.0,,1,6,Top,116.0,189.0,,,,,6.593282108867843,-116.340110034317,-1.6313432776939265,-14.95501803349451,19.29118040861905,-26.88641614016645,3.49,1.59,2.0,25.8,-56.0,79.1,2109,5.5,746864,665804,641355,663538,666624,621020,664023,691718,673548,55.04,0.323,0.302,0.9,1.0,1.0,0.0,1.0,42,1,Changeup,3,0,0,3,0,3,0,3,Standard,Standard,226,-0.048,0.174,6.7,1.3,0.354,-0.174,88.0,3,-3,0.857,0.143,34,25,35,25,3,2,5.0,2.0,6.0,1.0,2.96,1.51,-1.51,40.2,-78.56740198634274,-133.31095053528728,27.107179061840743,40.39196065513256,24.43940574396968
SI,2024-06-19,86.3,-2.32,5.97,"Hendricks, Kyle",670092,543294,field_out,hit_into_play,,,,,4,Trenton Brooks flies out to left fielder Ian Happ.,R,L,R,CHC,SF,X,7.0,fly_ball,0,0,2024,-1.07,0.38,-0.33,2.33,,642731.0,,0,6,Top,43.47,92.93,,,,,6.839302318078433,-125.66550047225827,-3.24312707046213,-12.707366252622748,22.496728992733612,-27.74501159950192,3.3,1.5,331.0,93.5,29.0,85.8,1936,5.7,746864,665804,641355,663538,666624,621020,664023,691718,673548,54.85,0.149,0.231,0.0,1.0,0.0,0.0,3.0,41,1,Sinker,3,0,0,3,0,3,0,3,Standard,Standard,213,0.044,-0.265,68.7,6.9,0.399,0.265,93.5,3,-3,0.813,0.187,34,28,35,29,2,1,5.0,2.0,6.0,1.0,2.65,1.07,-1.07,40.3,5.177856009770365,16.154861262321468,33.68310980436808,39.831772044472174,23.51870431643522
FF,2024-06-19,87.6,-2.69,5.93,"Hendricks, Kyle",642731,543294,double,hit_into_play,,,,,2,Thairo Estrada doubles (14) on a sharp line drive to left fielder Ian Happ.,R,R,R,CHC,SF,X,7.0,line_drive,1,2,2024,-0.56,1.24,-0.19,3.37,,,,0,6,Top,44.0,99.0,,,,,7.091869353396488,-127.50911165180428,-2.620240554269545,-7.57484256618364,25.25684265751518,-18.278956181286212,3.31,1.63,344.0,104.4,20.0,86.7,2060,5.6,746864,665804,641355,663538,666624,621020,664023,691718,673548,54.87,0.591,0.807,1.25,1.0,1.0,1.0,6.0,40,4,4-Seam Fastball,3,0,0,3,0,3,0,3,Strategic,Standard,211,-0.059,0.761,73.9,7.0,1.33,-0.761,104.4,3,-3,0.872,0.128,34,28,35,28,2,1,5.0,1.0,6.0,3.0,1.72,0.56,0.56,42.0,15.760968624320814,-11.16256083001527,24.385732731904355,31.953363148393287,38.65282385466933
CH,2024-06-19,80.5,-2.53,6.01,"Hendricks, Kyle",642731,543294,,ball,,,,,14,Thairo Estrada doubles (14) on a sharp line drive to left fielder Ian Happ.,R,R,R,CHC,SF,B,,,0,2,2024,-0.14,0.79,1.59,0.97,,,,0,6,Top,,,,,,,9.271828851187625,-116.92613244766774,-5.982964014760174,-2.8690356789327978,20.086223197998343,-24.005695178978616,3.54,1.83,,,,79.7,2122,5.7,746864,665804,641355,663538,666624,621020,664023,691718,673548,54.83,,,,,,,,40,3,Changeup,3,0,0,3,0,3,0,3,Strategic,Standard,229,0.0,0.023,,,,-0.023,,3,-3,0.872,0.128,34,28,35,28,2,1,5.0,1.0,6.0,3.0,2.72,0.14,0.14,43.4,,,,,
CU,2024-06-19,74.3,-2.58,6.06,"Hendricks, Kyle",642731,543294,,swinging_strike,,,,,14,Thairo Estrada doubles (14) on a sharp line drive to left fielder Ian Happ.,R,R,R,CHC,SF,S,,,0,1,2024,1.54,-0.83,1.05,2.13,,,,0,6,Top,,,,,,,4.672507497433528,-107.98212740963162,0.7266350344383814,10.960811244482011,21.473528096607197,-39.00934496698522,3.31,1.63,,,,72.8,2926,5.6,746864,665804,641355,663538,666624,621020,664023,691718,673548,54.92,,,,,,,,40,2,Curveball,3,0,0,3,0,3,0,3,Standard,Standard,42,0.0,-0.054,,,,0.054,,3,-3,0.872,0.128,34,28,35,28,2,1,5.0,1.0,6.0,3.0,5.02,-1.54,-1.54,43.3,,,,,
CU,2024-06-19,73.0,-2.68,6.03,"Hendricks, Kyle",642731,543294,,called_strike,,,,,1,Thairo Estrada doubles (14) on a sharp line drive to left fielder Ian Happ.,R,R,R,CHC,SF,S,,,0,0,2024,1.55,-0.78,-0.35,2.96,,,,0,6,Top,,,,,,,2.0067168186991378,-106.21631783925044,2.5145926184580123,11.32521325462863,19.163945225870744,-38.77168271189653,3.31,1.68,,,,71.9,2887,5.6,746864,665804,641355,663538,666624,621020,664023,691718,673548,54.9,,,,,,,,40,1,Curveball,3,0,0,3,0,3,0,3,Standard,Standard,44,0.0,-0.037,,,,0.037,,3,-3,0.872,0.128,34,28,35,28,2,1,5.0,1.0,6.0,3.0,5.08,-1.55,-1.55,42.3,,,,,
SI,2024-06-19,86.9,-2.75,5.92,"Hendricks, Kyle",573262,543294,field_out,hit_into_play,,,,,7,"Mike Yastrzemski grounds out, second baseman Nico Hoerner to first baseman Cody Bellinger.",R,L,R,CHC,SF,X,4.0,ground_ball,0,0,2024,-1.08,0.35,-0.31,1.62,,,,2,5,Top,152.59,144.96,,,,,7.9848026460267185,-126.3455513636438,-4.804589151825718,-13.199347315780567,24.281436828696773,-27.70068588843457,3.39,1.61,12.0,84.7,-7.0,86.4,1867,5.9,746864,665804,641355,663538,666624,621020,664023,691718,673548,54.6,0.131,0.111,0.0,1.0,0.0,0.0,2.0,36,1,Sinker,3,0,0,3,0,3,0,3,Standard,Standard,217,0.009,-0.256,74.4,7.5,0.151,0.256,88.0,3,-3,0.883,0.117,34,33,35,34,2,1,5.0,1.0,6.0,1.0,2.66,1.08,-1.08,40.0,6.642536942590136,0.4861652955955896,36.18812777839092,38.68723102508166,31.757572863531177
SI,2024-06-19,87.7,-2.86,5.92,"Hendricks, Kyle",624585,543294,field_out,hit_into_play,,,,,7,Jorge Soler flies out to right fielder Seiya Suzuki.,R,R,R,CHC,SF,X,9.0,fly_ball,0,0,2024,-1.22,0.44,-0.82,2.21,,,,1,5,Top,156.78,98.24,,,,,7.362706792273123,-127.50389910008153,-3.7267952002237865,-14.778345757271303,26.02266255446499,-26.76705033792992,3.6,1.75,264.0,81.2,50.0,86.8,2002,5.8,746864,665804,641355,663538,666624,621020,664023,691718,673548,54.74,0.037,0.044,0.0,1.0,0.0,0.0,3.0,35,1,Sinker,3,0,0,3,0,3,0,3,Strategic,Standard,214,0.015,-0.256,76.3,7.7,0.059,0.256,88.0,3,-3,0.868,0.132,34,32,35,32,2,1,5.0,1.0,6.0,1.0,2.52,1.22,1.22,41.1,9.516234561267478,-13.63134106377166,45.85372733886623,27.78231259839411,28.274022124135207
CH,2024-06-19,80.6,-2.59,6.12,"Hendricks, Kyle",624424,543294,strikeout,swinging_strike,,,,,13,Michael Conforto strikes out swinging.,R,L,R,CHC,SF,S,2.0,,1,2,2024,-1.19,0.36,-0.86,1.82,,,,0,5,Top,,,,,,,6.030260794175978,-117.23771596272417,-3.523754615645369,-12.12065072953313,22.17368646432099,-28.401468326363883,3.14,1.53,,,,79.5,2162,5.6,746864,665804,641355,663538,666624,621020,664023,691718,673548,54.94,,0.0,0.0,1.0,0.0,0.0,,34,4,Changeup,3,0,0,3,0,3,0,3,Infield shade,Standard,230,0.022,-0.186,68.3,8.2,,0.186,,3,-3,0.846,0.154,34,31,35,31,2,1,5.0,1.0,6.0,1.0,3.15,1.19,-1.19,43.7,25.03735840152209,-20.980366115275807,33.816200267543465,49.704761072246136,41.141380554416095
CU,2024-06-19,74.0,-2.71,5.94,"Hendricks, Kyle",624424,543294,,swinging_strike,,,,,14,Michael Conforto strikes out swinging.,R,L,R,CHC,SF,S,,,1,1,2024,1.19,-0.84,0.23,1.36,,,,0,5,Top,,,,,,,3.871079955455484,-107.75439415085604,-0.5977538211068493,8.497935711824278,19.915265664748947,-38.82417662518145,3.14,1.53,,,,73.0,2936,5.7,746864,665804,641355,663538,666624,621020,664023,691718,673548,54.84,,,,,,,,34,3,Curveball,3,0,0,3,0,3,0,3,Infield shade,Standard,45,0.0,-0.056,62.4,6.4,,0.056,,3,-3,0.846,0.154,34,31,35,31,2,1,5.0,1.0,6.0,1.0,5.02,-1.19,1.19,41.5,-4.9428943314456335,15.72332857124883,39.11179627739681,34.9536636452319,15.382778268589153
SI,2024-06-19,85.8,-2.68,6.06,"Hendricks, Kyle",624424,543294,,called_strike,,,,,5,Michael Conforto strikes out swinging.,R,L,R,CHC,SF,S,,,1,0,2024,-0.92,0.68,-0.12,2.36,,,,0,5,Top,,,,,,,7.850656827631636,-124.76205198804335,-3.8700693475842014,-11.16766114518976,23.2910312517185,-24.52318056491128,3.26,1.68,,,,85.3,2009,5.8,746864,665804,641355,663538,666624,621020,664023,691718,673548,54.67,,,,,,,,34,2,Sinker,3,0,0,3,0,3,0,3,Standard,Standard,215,0.0,-0.049,,,,0.049,,3,-3,0.846,0.154,34,31,35,31,2,1,5.0,1.0,6.0,1.0,2.41,0.92,-0.92,43.6,,,,,
SI,2024-06-19,86.5,-2.56,5.98,"Hendricks, Kyle",624424,543294,,ball,,,,,12,Michael Conforto strikes out swinging.,R,L,R,CHC,SF,B,,,0,0,2024,-1.1,0.59,0.94,3.24,,,,0,5,Top,,,,,,,10.446926959315103,-125.62838839486584,-1.5730172783276468,-13.563536491160193,22.337006598786587,-25.75141525194157,3.33,1.65,,,,86.0,2041,5.8,746864,665804,641355,663538,666624,621020,664023,691718,673548,54.71,,,,,,,,34,1,Sinker,3,0,0,3,0,3,0,3,Infield shade,Standard,212,0.0,0.038,,,,-0.038,,3,-3,0.846,0.154,34,31,35,31,2,1,5.0,1.0,6.0,1.0,2.44,1.1,-1.1,42.5,,,,,
SI,2024-06-19,88.2,-2.57,5.95,"Hendricks, Kyle",656305,543294,strikeout,foul_tip,,,,,2,Matt Chapman strikes out on a foul tip.,R,R,R,CHC,SF,S,2.0,,2,2,2024,-1.26,0.55,-0.02,3.34,,,,2,4,Top,,,,,,,8.712078409275716,-128.2111539606396,-1.429242743105854,-15.692119075828012,24.345337841955864,-26.010369067934025,3.49,1.67,,,,87.4,2049,5.6,746864,665804,641355,663538,666624,621020,664023,691718,673548,54.86,,0.0,0.0,1.0,0.0,0.0,,26,6,Sinker,0,0,0,0,0,0,0,0,Strategic,Standard,209,0.013,-0.219,74.6,6.6,,0.219,,0,0,0.546,0.454,34,31,35,31,2,1,5.0,1.0,6.0,1.0,2.37,1.26,1.26,41.6,3.454011946812415,19.43218875382968,19.55086024027255,39.2487898318451,17.622495632375657
CU,2024-06-19,74.1,-2.54,5.94,"Hendricks, Kyle",656305,543294,,foul,,,,,8,Matt Chapman strikes out on a foul tip.,R,R,R,CHC,SF,S,,,2,2,2024,1.4,-0.92,-0.27,2.06,,,,2,4,Top,,,,,,,2.176147650627826,-107.84835620130042,0.9728874498671732,10.39147251659439,21.3567543705395,-39.70206926676576,3.49,1.67,141.0,68.3,71.0,72.8,2841,5.6,746864,665804,641355,663538,666624,621020,664023,691718,673548,54.88,,,,,,,,26,5,Curveball,0,0,0,0,0,0,0,0,Strategic,Standard,42,0.0,0.0,76.6,7.6,,0.0,88.0,0,0,0.546,0.454,34,31,35,31,2,1,5.0,1.0,6.0,1.0,5.12,-1.4,-1.4,42.4,11.318852135740029,-15.6487357734675,33.148994578906375,36.28166212822647,37.54373790562734
FF,2024-06-19,87.6,-2.75,5.88,"Hendricks, Kyle",656305,543294,,ball,,,,,11,Matt Chapman strikes out on a foul tip.,R,R,R,CHC,SF,B,,,1,2,2024,-0.4,1.09,-0.07,4.95,,,,2,4,Top,,,,,,,7.19029822333914,-127.3581555085603,1.5905407004923804,-5.819716996865078,25.8164815693841,-20.858258519601797,3.49,1.71,,,,86.4,2017,5.5,746864,665804,641355,663538,666624,621020,664023,691718,673548,54.95,,,,,,,,26,4,4-Seam Fastball,0,0,0,0,0,0,0,0,Strategic,Standard,214,0.0,0.039,,,,-0.039,,0,0,0.546,0.454,34,31,35,31,2,1,5.0,1.0,6.0,1.0,1.88,0.4,0.4,41.4,,,,,
CH,2024-06-19,80.8,-2.56,6.0,"Hendricks, Kyle",656305,543294,,ball,,,,,14,Matt Chapman strikes out on a foul tip.,R,R,R,CHC,SF,B,,,0,2,2024,-0.35,0.71,2.11,0.91,,,,2,4,Top,,,,,,,10.900627089574996,-117.21322108463434,-6.0638457157218895,-4.886307693644832,17.787403275359033,-24.70039116122495,3.73,1.8,,,,80.3,2061,5.7,746864,665804,641355,663538,666624,621020,664023,691718,673548,54.81,,,,,,,,26,3,Changeup,0,0,0,0,0,0,0,0,Strategic,Standard,233,0.0,0.023,,,,-0.023,,0,0,0.546,0.454,34,31,35,31,2,1,5.0,1.0,6.0,1.0,2.75,0.35,0.35,43.5,,,,,
CH,2024-06-19,81.2,-2.54,6.06,"Hendricks, Kyle",656305,543294,,called_strike,,,,,9,Matt Chapman strikes out on a foul tip.,R,R,R,CHC,SF,S,,,0,1,2024,-1.32,0.7,0.55,2.14,,,,2,4,Top,,,,,,,9.29693408050976,-117.86864634017364,-3.456995726963845,-14.051909572757696,21.296310308182893,-25.1884744338631,3.57,1.71,,,,80.2,2154,5.7,746864,665804,641355,663538,666624,621020,664023,691718,673548,54.84,,,,,,,,26,2,Changeup,0,0,0,0,0,0,0,0,Strategic,Standard,225,0.0,-0.058,,,,0.058,,0,0,0.546,0.454,34,31,35,31,2,1,5.0,1.0,6.0,1.0,2.76,1.32,1.32,49.2,,,,,
SI,2024-06-19,88.2,-2.67,5.95,"Hendricks, Kyle",656305,543294,,called_strike,,,,,5,Matt Chapman strikes out on a foul tip.,R,R,R,CHC,SF,S,,,0,0,2024,-1.25,0.59,-0.25,2.85,,,,2,4,Top,,,,,,,8.380351096170326,-128.29486753562355,-2.6922490973150865,-15.4490449075061,24.639317722308387,-25.30548184724333,3.57,1.71,,,,87.5,1867,5.7,746864,665804,641355,663538,666624,621020,664023,691718,673548,54.79,,,,,,,,26,1,Sinker,0,0,0,0,0,0,0,0,Standard,Standard,210,0.0,-0.041,,,,0.041,,0,0,0.546,0.454,34,31,35,31,2,1,5.0,1.0,6.0,1.0,2.33,1.25,1.25,42.7,,,,,
FF,2024-06-19,86.2,-2.71,5.96,"Hendricks, Kyle",672275,543294,field_out,hit_into_play,,,,,8,"Patrick Bailey grounds out, second baseman Nico Hoerner to first baseman Cody Bellinger.",R,L,R,CHC,SF,X,4.0,ground_ball,0,0,2024,-0.74,0.72,-0.19,1.91,,,,1,4,Top,153.84,124.16,,,,,7.408645161571061,-125.4383656974461,-4.883696196544239,-9.259642415720132,22.52919167785253,-23.743315872867147,3.39,1.6,3.0,101.4,-31.0,85.6,1918,5.7,746864,665804,641355,663538,666624,621020,664023,691718,673548,54.82,0.111,0.085,0.0,1.0,0.0,0.0,2.0,25,1,4-Seam Fastball,0,0,0,0,0,0,0,0,Standard,Standard,209,0.019,-0.256,76.3,7.0,0.133,0.256,101.4,0,0,0.527,0.473,34,25,35,25,2,1,5.0,2.0,6.0,1.0,2.32,0.74,-0.74,42.9,-2.694074100191119,5.11809623326799,38.50411492514683,37.10061941235424,21.919996426239397
CU,2024-06-19,75.3,-2.63,6.02,"Hendricks, Kyle",671218,543294,strikeout,swinging_strike,,,,,6,Heliot Ramos strikes out swinging.,R,R,R,CHC,SF,S,2.0,,0,2,2024,1.28,-0.61,0.83,2.14,,,,0,4,Top,,,,,,,4.8497776249477615,-109.5603071582052,0.1763572269803706,9.42444096806448,20.11679370256825,-37.35753634519944,3.19,1.51,,,,74.4,2980,5.7,746864,665804,641355,663538,666624,621020,664023,691718,673548,54.81,,0.0,0.0,1.0,0.0,0.0,,24,4,Curveball,0,0,0,0,0,0,0,0,Strategic,Standard,43,0.027,-0.163,75.4,8.0,,0.163,,0,0,0.5,0.5,34,24,35,25,2,1,5.0,1.0,6.0,1.0,4.65,-1.28,-1.28,43.3,26.893554553778703,-20.90192056151743,32.43790656155404,47.28215603856761,44.62466907022305
FF,2024-06-19,87.6,-2.64,5.93,"Hendricks, Kyle",671218,543294,,foul,,,,,3,Heliot Ramos strikes out swinging.,R,R,R,CHC,SF,S,,,0,2,2024,-0.55,1.21,0.53,2.93,,,,0,4,Top,,,,,,,8.724347540450749,-127.3555101540398,-3.628768835522429,-7.604610262284892,23.818264427735656,-18.405778576340197,3.19,1.51,325.0,92.8,31.0,87.3,2128,5.9,746864,665804,641355,663538,666624,621020,664023,691718,673548,54.57,,,,,,,,24,3,4-Seam Fastball,0,0,0,0,0,0,0,0,Strategic,Standard,215,0.0,0.0,70.4,5.8,,0.0,92.8,0,0,0.5,0.5,34,24,35,25,2,1,5.0,1.0,6.0,1.0,1.74,0.55,0.55,40.7,-5.1917875160879765,28.98976760537672,28.61130501578404,46.14546031727647,10.731745117615104
CH,2024-06-19,80.0,-2.56,6.1,"Hendricks, Kyle",671218,543294,,foul,,,,,6,Heliot Ramos strikes out swinging.,R,R,R,CHC,SF,S,,,0,1,2024,-0.25,1.16,0.68,2.52,,,,0,4,Top,,,,,,,7.531559028171199,-116.2643117189614,-3.379049871227471,-3.619032651514267,20.3034002340886,-21.13901808015039,3.19,1.51,211.0,68.6,32.0,79.3,2161,5.7,746864,665804,641355,663538,666624,621020,664023,691718,673548,54.76,,,,,,,,24,2,Changeup,0,0,0,0,0,0,0,0,Standard,Standard,225,0.0,-0.054,73.8,6.9,,0.054,88.0,0,0,0.5,0.5,34,24,35,25,2,1,5.0,1.0,6.0,1.0,2.39,0.25,0.25,44.1,4.679775258494153,8.465379224344447,31.111539762726608,48.724487514528775,21.99819663794324
SI,2024-06-19,87.1,-2.62,5.96,"Hendricks, Kyle",671218,543294,,foul,,,,,4,Heliot Ramos strikes out swinging.,R,R,R,CHC,SF,S,,,0,0,2024,-1.06,0.46,-0.41,2.28,,,,0,4,Top,,,,,,,7.390256637904171,-126.61022878972688,-3.595499251704552,-12.876046319979071,25.17485443927446,-26.64614973911308,3.19,1.51,,,,86.3,1971,5.7,746864,665804,641355,663538,666624,621020,664023,691718,673548,54.75,,,,,,,,24,1,Sinker,0,0,0,0,0,0,0,0,Strategic,Standard,217,0.0,-0.037,73.4,5.5,,0.037,,0,0,0.5,0.5,34,24,35,25,2,1,5.0,1.0,6.0,1.0,2.54,1.06,1.06,39.9,-19.17602252748158,39.39276402484413,39.15214059103965,35.28923714395337,11.546070001758649
SI,2024-06-19,87.0,-2.68,5.97,"Hendricks, Kyle",689172,543294,field_out,hit_into_play,,,,,7,Brett Wisely lines out to center fielder Pete Crow-Armstrong.,R,L,R,CHC,SF,X,8.0,line_drive,3,1,2024,-0.94,0.63,-0.37,1.97,,,,2,3,Top,145.07,73.67,,,,,7.365538932150054,-126.5922855646296,-4.78557278787458,-11.439194593633417,21.14401620516569,-24.64250407431704,3.49,1.59,314.0,98.8,15.0,86.8,1943,5.7,746864,665804,641355,663538,666624,621020,664023,691718,673548,54.76,0.72,0.726,0.0,1.0,0.0,0.0,4.0,18,5,Sinker,0,0,0,0,0,0,0,0,Infield shade,Standard,217,0.011,-0.414,73.0,6.8,0.967,0.414,98.8,0,0,0.543,0.457,34,25,35,25,2,1,5.0,2.0,6.0,1.0,2.34,0.94,-0.94,43.2,4.2446951704048,1.514466449195328,33.89956531653695,36.76955204455688,32.344967938305906
FF,2024-06-19,86.5,-2.8,5.92,"Hendricks, Kyle",689172,543294,,called_strike,,,,,11,Brett Wisely lines out to center fielder Pete Crow-Armstrong.,R,L,R,CHC,SF,S,,,3,0,2024,-0.38,1.14,-0.86,3.18,,,,2,3,Top,,,,,,,5.346897680506125,-126.1011596719552,-2.756489740091163,-4.969317839683913,20.791668694357675,-19.520194092910373,3.36,1.43,,,,86.5,2090,5.8,746864,665804,641355,663538,666624,621020,664023,691718,673548,54.72,,,,,,,,18,4,4-Seam Fastball,0,0,0,0,0,0,0,0,Standard,Standard,212,0.0,-0.058,,,,0.058,,0,0,0.543,0.457,34,25,35,25,2,1,5.0,2.0,6.0,1.0,1.85,0.38,-0.38,40.8,,,,,
FF,2024-06-19,87.2,-2.67,5.97,"Hendricks, Kyle",689172,543294,,ball,,,,,11,Brett Wisely lines out to center fielder Pete Crow-Armstrong.,R,L,R,CHC,SF,B,,,2,0,2024,-0.39,1.23,-1.26,3.4,,,,2,3,Top,,,,,,,4.137056102392878,-126.99580273522864,-2.5846167435242515,-5.021121133401321,23.61801196507219,-18.50404305933489,3.49,1.68,,,,86.6,2020,5.6,746864,665804,641355,663538,666624,621020,664023,691718,673548,54.86,,,,,,,,18,3,4-Seam Fastball,0,0,0,0,0,0,0,0,Infield shade,Standard,212,0.0,0.109,,,,-0.109,,0,0,0.543,0.457,34,25,35,25,2,1,5.0,2.0,6.0,1.0,1.74,0.39,-0.39,40.9,,,,,
CU,2024-06-19,74.1,-2.75,5.99,"Hendricks, Kyle",689172,543294,,ball,,,,,11,Brett Wisely lines out to center fielder Pete Crow-Armstrong.,R,L,R,CHC,SF,B,,,1,0,2024,1.08,-1.15,-1.37,3.68,,,,2,3,Top,,,,,,,0.9145958839067532,-107.81290149691289,4.463568594025416,8.267292532343186,19.286478117863503,-42.16300692923031,3.39,1.55,,,,72.8,2974,5.4,746864,665804,641355,663538,666624,621020,664023,691718,673548,55.11,,,,,,,,18,2,Curveball,0,0,0,0,0,0,0,0,Infield shade,Standard,44,0.0,0.068,,,,-0.068,,0,0,0.543,0.457,34,25,35,25,2,1,5.0,2.0,6.0,1.0,5.31,-1.08,1.08,40.4,,,,,
SI,2024-06-19,87.2,-2.59,5.94,"Hendricks, Kyle",689172,543294,,ball,,,,,12,Brett Wisely lines out to center fielder Pete Crow-Armstrong.,R,L,R,CHC,SF,B,,,0,0,2024,-1.03,0.72,0.99,2.71,,,,2,3,Top,,,,,,,10.582650282282792,-126.70915379087248,-3.093914898035808,-13.133179365333792,23.05845850048265,-23.97188905213408,3.29,1.64,,,,86.6,1960,5.7,746864,665804,641355,663538,666624,621020,664023,691718,673548,54.75,,,,,,,,18,1,Sinker,0,0,0,0,0,0,0,0,Standard,Standard,217,0.0,0.04,,,,-0.04,,0,0,0.543,0.457,34,25,35,25,2,1,5.0,2.0,6.0,1.0,2.26,1.03,-1.03,41.3,,,,,
CH,2024-06-19,81.2,-2.71,6.04,"Hendricks, Kyle",670092,543294,field_out,hit_into_play,,,,,4,Trenton Brooks flies out to center fielder Pete Crow-Armstrong.,R,L,R,CHC,SF,X,8.0,fly_ball,2,1,2024,-1.22,0.45,-0.68,2.6,,,,1,3,Top,145.53,50.33,,,,,6.7746048807666375,-118.1211607538174,-1.9483787540940267,-12.732956061792295,21.5829321240796,-27.80743724489593,3.3,1.5,371.0,91.6,29.0,80.3,2119,5.6,746864,665804,641355,663538,666624,621020,664023,691718,673548,54.91,0.086,0.107,0.0,1.0,0.0,0.0,3.0,17,4,Changeup,0,0,0,0,0,0,0,0,Standard,Standard,224,0.018,-0.302,68.0,7.5,0.196,0.302,91.6,0,0,0.525,0.475,34,28,35,29,1,0,5.0,2.0,6.0,1.0,3.0,1.22,-1.22,42.2,17.127022378067633,0.2243137483378048,28.93400507264555,44.42122361232127,30.662281057804623
SI,2024-06-19,87.3,-2.66,5.94,"Hendricks, Kyle",670092,543294,,ball,,,,,11,Trenton Brooks flies out to center fielder Pete Crow-Armstrong.,R,L,R,CHC,SF,B,,,1,1,2024,-1.12,0.51,-0.34,3.58,,,,1,3,Top,,,,,,,7.776021530839197,-127.08786658298791,-0.6618372664376795,-13.60409047707248,22.58995324001337,-26.63281988633089,3.3,1.55,,,,86.6,2048,5.5,746864,665804,641355,663538,666624,621020,664023,691718,673548,54.96,,,,,,,,17,3,Sinker,0,0,0,0,0,0,0,0,Standard,Standard,213,0.0,0.059,,,,-0.059,,0,0,0.525,0.475,34,28,35,29,1,0,5.0,2.0,6.0,1.0,2.44,1.12,-1.12,42.4,,,,,
CU,2024-06-19,74.8,-2.71,5.95,"Hendricks, Kyle",670092,543294,,ball,,,,,14,Trenton Brooks flies out to center fielder Pete Crow-Armstrong.,R,L,R,CHC,SF,B,,,0,1,2024,1.36,-1.16,0.44,0.35,,,,1,3,Top,,,,,,,4.055793866834698,-108.85375483635003,-2.214814797565394,9.863705109059625,21.98547656000383,-41.10693836043075,3.23,1.46,,,,73.3,3076,5.5,746864,665804,641355,663538,666624,621020,664023,691718,673548,54.97,,,,,,,,17,2,Curveball,0,0,0,0,0,0,0,0,Standard,Standard,40,0.0,0.024,,,,-0.024,,0,0,0.525,0.475,34,28,35,29,1,0,5.0,2.0,6.0,1.0,5.29,-1.36,1.36,42.2,,,,,
FF,2024-06-19,88.0,-2.73,5.94,"Hendricks, Kyle",670092,543294,,called_strike,,,,,1,Trenton Brooks flies out to center fielder Pete Crow-Armstrong.,R,L,R,CHC,SF,S,,,0,0,2024,-0.31,1.29,-0.58,2.93,,,,1,3,Top,,,,,,,5.778920587536939,-128.16265812457107,-3.928048809787779,-4.449391831316666,23.021891131315456,-17.262689501471975,3.14,1.4,,,,87.5,2112,5.6,746864,665804,641355,663538,666624,621020,664023,691718,673548,54.88,,,,,,,,17,1,4-Seam Fastball,0,0,0,0,0,0,0,0,Standard,Standard,212,0.0,-0.037,,,,0.037,,0,0,0.525,0.475,34,28,35,29,1,0,5.0,2.0,6.0,1.0,1.62,0.31,-0.31,41.5,,,,,
FF,2024-06-19,87.6,-2.71,5.93,"Hendricks, Kyle",642731,543294,strikeout,swinging_strike,,,,,11,Thairo Estrada strikes out swinging.,R,R,R,CHC,SF,S,2.0,,1,2,2024,-0.49,1.25,-0.52,3.7,,,,0,3,Top,,,,,,,6.225707858582123,-127.58034531235512,-1.8990127922497784,-6.582635183848944,23.68762850790384,-18.22190928312852,3.31,1.63,,,,87.0,2043,5.6,746864,665804,641355,663538,666624,621020,664023,691718,673548,54.87,,0.0,0.0,1.0,0.0,0.0,,16,4,4-Seam Fastball,0,0,0,0,0,0,0,0,Strategic,Standard,214,0.025,-0.186,66.9,6.1,,0.186,,0,0,0.5,0.5,34,28,35,28,1,0,5.0,1.0,6.0,3.0,1.69,0.49,0.49,41.7,13.520953975097555,5.639003702998063,27.19255542277483,28.08036314903192,28.290113322924
CH,2024-06-19,80.4,-2.64,6.0,"Hendricks, Kyle",642731,543294,,swinging_strike,,,,,14,Thairo Estrada strikes out swinging.,R,R,R,CHC,SF,S,,,1,1,2024,-0.21,0.84,1.31,1.65,,,,0,3,Top,,,,,,,9.033255237464386,-116.91670765274752,-4.610136959452034,-3.4113635444654125,18.325972433952884,-23.73695619035291,3.31,1.63,,,,79.9,2142,5.6,746864,665804,641355,663538,666624,621020,664023,691718,673548,54.9,,,,,,,,16,3,Changeup,0,0,0,0,0,0,0,0,Standard,Standard,228,0.0,-0.056,64.6,8.6,,0.056,,0,0,0.5,0.5,34,28,35,28,1,0,5.0,1.0,6.0,3.0,2.64,0.21,0.21,41.8,23.191745215676992,-27.14416659005268,27.355204419297664,49.5072533814393,49.68381459544556
SI,2024-06-19,87.2,-2.5,6.01,"Hendricks, Kyle",642731,543294,,ball,,,,,14,Thairo Estrada strikes out swinging.,R,R,R,CHC,SF,B,,,0,1,2024,-1.09,0.41,1.22,1.67,,,,0,3,Top,,,,,,,11.000731910460042,-126.58204994787052,-5.138096193191656,-13.713820728626896,21.744649702066766,-26.91272991916313,3.57,1.77,,,,86.6,2089,5.7,746864,665804,641355,663538,666624,621020,664023,691718,673548,54.84,,,,,,,,16,2,Sinker,0,0,0,0,0,0,0,0,Standard,Standard,213,0.0,0.025,,,,-0.025,,0,0,0.5,0.5,34,28,35,28,1,0,5.0,1.0,6.0,3.0,2.56,1.09,1.09,43.6,,,,,
CU,2024-06-19,72.9,-2.61,6.03,"Hendricks, Kyle",642731,543294,,called_strike,,,,,9,Thairo Estrada strikes out swinging.,R,R,R,CHC,SF,S,,,0,0,2024,1.33,-0.95,0.5,2.05,,,,0,3,Top,,,,,,,3.908272682071924,-106.12599847861672,1.0310348709476949,9.311992623453186,19.5086973282855,-39.767370278988224,3.42,1.77,,,,71.7,2902,5.5,746864,665804,641355,663538,666624,621020,664023,691718,673548,54.98,,,,,,,,16,1,Curveball,0,0,0,0,0,0,0,0,Standard,Standard,42,0.0,-0.037,,,,0.037,,0,0,0.5,0.5,34,28,35,28,1,0,5.0,1.0,6.0,3.0,5.27,-1.33,-1.33,41.1,,,,,
CH,2024-06-19,81.6,-2.7,6.06,"Hendricks, Kyle",573262,543294,field_out,hit_into_play,,,,,13,"Mike Yastrzemski grounds out, second baseman Nico Hoerner to first baseman Cody Bellinger.",R,L,R,CHC,SF,X,4.0,ground_ball,1,2,2024,-1.24,0.54,-0.98,1.3,,,,2,2,Top,136.3,143.47,,,,,6.150508507629197,-118.62118547714822,-5.1123999040316015,-12.859225691606689,21.42085066046194,-26.32918923934273,3.39,1.61,37.0,72.4,1.0,80.7,2165,5.6,746864,665804,641355,663538,666624,621020,664023,691718,673548,54.87,0.106,0.087,0.0,1.0,0.0,0.0,2.0,11,5,Changeup,0,0,0,0,0,0,0,0,Infield shade,Standard,228,0.01,-0.18,70.2,8.0,0.115,0.18,88.0,0,0,0.54,0.46,34,33,35,34,1,0,5.0,1.0,6.0,1.0,2.88,1.24,-1.24,44.1,16.775146388325783,4.26123288789487,31.570644713442743,46.18550914949319,33.34019317395406
CH,2024-06-19,82.4,-2.64,6.1,"Hendricks, Kyle",573262,543294,,foul,,,,,13,"Mike Yastrzemski grounds out, second baseman Nico Hoerner to first baseman Cody Bellinger.",R,L,R,CHC,SF,S,,,1,2,2024,-1.16,0.42,-0.88,1.87,,,,2,2,Top,,,,,,,6.185503524857169,-119.95312154743893,-3.9572642764498696,-12.399272074448724,20.90573224702221,-27.548339315607038,3.39,1.61,,,,81.8,2182,5.7,746864,665804,641355,663538,666624,621020,664023,691718,673548,54.83,,,,,,,,11,4,Changeup,0,0,0,0,0,0,0,0,Infield shade,Standard,228,0.0,0.0,62.8,8.1,,0.0,,0,0,0.54,0.46,34,33,35,34,1,0,5.0,1.0,6.0,1.0,2.9,1.16,-1.16,41.2,12.725142991924132,-4.084184331221415,33.91823949154808,44.501555024739126,35.38556601287517
FF,2024-06-19,88.0,-2.73,5.94,"Hendricks, Kyle",573262,543294,,called_strike,,,,,4,"Mike Yastrzemski grounds out, second baseman Nico Hoerner to first baseman Cody Bellinger.",R,L,R,CHC,SF,S,,,1,1,2024,-0.34,1.1,-0.69,2.52,,,,2,2,Top,,,,,,,5.56783929473791,-128.09652588981095,-4.504551299569317,-4.733211835382504,22.72573649567465,-19.28953236848777,3.39,1.61,,,,87.5,2141,5.6,746864,665804,641355,663538,666624,621020,664023,691718,673548,54.87,,,,,,,,11,3,4-Seam Fastball,0,0,0,0,0,0,0,0,Standard,Standard,209,0.0,-0.064,,,,0.064,,0,0,0.54,0.46,34,33,35,34,1,0,5.0,1.0,6.0,1.0,1.81,0.34,-0.34,42.5,,,,,
CH,2024-06-19,81.0,-2.74,6.0,"Hendricks, Kyle",573262,543294,,called_strike,,,,,7,"Mike Yastrzemski grounds out, second baseman Nico Hoerner to first baseman Cody Bellinger.",R,L,R,CHC,SF,S,,,1,0,2024,-1.05,0.42,-0.5,1.61,,,,2,2,Top,,,,,,,6.90510623225218,-117.79637330119866,-4.002767096697046,-11.025252364468257,19.11141337137524,-27.753065699937,3.33,1.49,,,,80.5,2124,5.7,746864,665804,641355,663538,666624,621020,664023,691718,673548,54.82,,,,,,,,11,2,Changeup,0,0,0,0,0,0,0,0,Standard,Standard,229,0.0,-0.051,,,,0.051,,0,0,0.54,0.46,34,33,35,34,1,0,5.0,1.0,6.0,1.0,3.02,1.05,-1.05,42.3,,,,,
SI,2024-06-19,87.3,-2.62,5.97,"Hendricks, Kyle",573262,543294,,ball,,,,,11,"Mike Yastrzemski grounds out, second baseman Nico Hoerner to first baseman Cody Bellinger.",R,L,R,CHC,SF,B,,,0,0,2024,-0.97,0.47,-0.4,3.35,,,,2,2,Top,,,,,,,7.234490906858129,-127.13931914554988,-1.216920305644082,-11.901006063723752,21.327400628050643,-26.973650549596726,3.08,1.34,,,,86.9,1975,5.6,746864,665804,641355,663538,666624,621020,664023,691718,673548,54.91,,,,,,,,11,1,Sinker,0,0,0,0,0,0,0,0,Standard,Standard,208,0.0,0.04,,,,-0.04,,0,0,0.54,0.46,34,33,35,34,1,0,5.0,1.0,6.0,1.0,2.47,0.97,-0.97,42.0,,,,,
CH,2024-06-19,80.5,-2.57,6.08,"Hendricks, Kyle",624585,543294,field_out,hit_into_play,,,,,9,"Jorge Soler grounds out, third baseman Christopher Morel to first baseman Cody Bellinger.",R,R,R,CHC,SF,X,5.0,ground_ball,0,2,2024,-0.29,0.85,0.67,2.23,,,,1,2,Top,84.28,156.59,,,,,7.641404062684454,-117.05919911575924,-3.5128355138382616,-4.018848474649688,19.725447787567408,-23.83821070502726,3.6,1.75,95.0,83.8,6.0,79.7,2006,5.5,746864,665804,641355,663538,666624,621020,664023,691718,673548,54.96,0.351,0.316,0.0,1.0,0.0,0.0,4.0,10,3,Changeup,0,0,0,0,0,0,0,0,Infield shade,Standard,232,0.017,-0.162,76.0,8.6,0.382,0.162,88.0,0,0,0.523,0.477,34,32,35,32,1,0,5.0,1.0,6.0,1.0,2.64,0.29,0.29,43.7,17.70092598716168,-16.852560813719126,29.809271121054103,45.44356883954785,38.87886454287494
CH,2024-06-19,80.5,-2.62,6.05,"Hendricks, Kyle",624585,543294,,swinging_strike,,,,,14,"Jorge Soler grounds out, third baseman Christopher Morel to first baseman Cody Bellinger.",R,R,R,CHC,SF,S,,,0,1,2024,-0.34,0.66,0.98,0.74,,,,1,2,Top,,,,,,,8.525559413364396,-116.8538879033804,-6.320306782235928,-4.601322826805767,19.684197052448138,-25.178646616579933,3.6,1.75,,,,79.8,1965,5.7,746864,665804,641355,663538,666624,621020,664023,691718,673548,54.79,,,,,,,,10,2,Changeup,0,0,0,0,0,0,0,0,Infield shade,Standard,220,0.0,-0.057,43.9,8.7,,0.057,,0,0,0.523,0.477,34,32,35,32,1,0,5.0,1.0,6.0,1.0,2.85,0.34,0.34,43.8,22.61881218369346,-12.200867398663643,39.02136279010542,49.38654024903404,38.26896738226384
CU,2024-06-19,73.7,-2.67,5.95,"Hendricks, Kyle",624585,543294,,called_strike,,,,,7,"Jorge Soler grounds out, third baseman Christopher Morel to first baseman Cody Bellinger.",R,R,R,CHC,SF,S,,,0,0,2024,1.21,-1.08,-0.33,2.02,,,,1,2,Top,,,,,,,2.6297607810504138,-107.22722697306664,1.252371212299998,8.703384742444173,21.43531346195575,-40.91924324588226,3.6,1.81,,,,72.2,2945,5.5,746864,665804,641355,663538,666624,621020,664023,691718,673548,54.97,,,,,,,,10,1,Curveball,0,0,0,0,0,0,0,0,Infield shade,Standard,41,0.0,-0.037,,,,0.037,,0,0,0.523,0.477,34,32,35,32,1,0,5.0,1.0,6.0,1.0,5.33,-1.21,-1.21,42.1,,,,,
CU,2024-06-19,74.3,-2.66,5.97,"Hendricks, Kyle",624424,543294,strikeout,called_strike,,,,,8,Michael Conforto called out on strikes.,R,L,R,CHC,SF,S,2.0,,2,2,2024,1.27,-1.04,0.09,1.8,,,,0,2,Top,,,,,,,3.3558855770765783,-108.17172012950508,0.5428057756466369,9.20677524424726,20.928964828703,-40.59005241323348,3.21,1.5,,,,73.0,3008,5.5,746864,665804,641355,663538,666624,621020,664023,691718,673548,54.95,,0.0,0.0,1.0,0.0,0.0,,9,5,Curveball,0,0,0,0,0,0,0,0,Infield shade,Standard,44,0.023,-0.227,,,,0.227,,0,0,0.5,0.5,34,31,35,31,1,0,5.0,1.0,6.0,1.0,5.2,-1.27,1.27,39.6,,,,,
CH,2024-06-19,80.9,-2.69,6.01,"Hendricks, Kyle",624424,543294,,swinging_strike,,,,,4,Michael Conforto called out on strikes.,R,L,R,CHC,SF,S,,,2,1,2024,-1.36,0.76,-0.45,2.12,,,,0,2,Top,,,,,,,7.482661319607382,-117.61469032171718,-3.5176455418367225,-13.988576172883928,19.897770847272355,-24.605092548948665,3.14,1.53,,,,80.3,2131,5.7,746864,665804,641355,663538,666624,621020,664023,691718,673548,54.79,,,,,,,,9,4,Changeup,0,0,0,0,0,0,0,0,Standard,Standard,229,0.0,-0.069,76.7,8.2,,0.069,,0,0,0.5,0.5,34,31,35,31,1,0,5.0,1.0,6.0,1.0,2.7,1.36,-1.36,43.3,26.550700721210475,-28.40840966749584,32.395369479826165,45.04506905370611,48.30319331690985
SI,2024-06-19,85.9,-2.65,6.03,"Hendricks, Kyle",624424,543294,,foul,,,,,7,Michael Conforto called out on strikes.,R,L,R,CHC,SF,S,,,2,0,2024,-1.1,0.71,-0.72,1.97,,,,0,2,Top,,,,,,,6.703155522445878,-125.03837818891972,-4.8250101503090805,-12.827016265019546,22.30516146771357,-23.97491723700497,3.14,1.53,4.0,69.3,-26.0,85.4,2045,5.7,746864,665804,641355,663538,666624,621020,664023,691718,673548,54.82,,,,,,,,9,3,Sinker,0,0,0,0,0,0,0,0,Infield shade,Standard,209,0.0,-0.065,73.3,7.6,,0.065,88.0,0,0,0.5,0.5,34,31,35,31,1,0,5.0,1.0,6.0,1.0,2.35,1.1,-1.1,43.8,20.312336474283217,-4.425886671938287,31.171120183072016,47.631781233075216,33.64779425329843
FF,2024-06-19,86.7,-2.75,5.93,"Hendricks, Kyle",624424,543294,,ball,,,,,13,Michael Conforto called out on strikes.,R,L,R,CHC,SF,B,,,1,0,2024,-0.44,1.36,-1.05,2.04,,,,0,2,Top,,,,,,,4.914889322405721,-126.12945473546964,-5.844748152389449,-5.641302406686411,24.339540170315413,-16.701729295696286,3.27,1.59,,,,85.9,2086,5.7,746864,665804,641355,663538,666624,621020,664023,691718,673548,54.81,,,,,,,,9,2,4-Seam Fastball,0,0,0,0,0,0,0,0,Infield shade,Standard,215,0.0,0.069,,,,-0.069,,0,0,0.5,0.5,34,31,35,31,1,0,5.0,1.0,6.0,1.0,1.67,0.44,-0.44,41.6,,,,,
FF,2024-06-19,86.5,-2.8,5.94,"Hendricks, Kyle",624424,543294,,ball,,,,,11,Michael Conforto called out on strikes.,R,L,R,CHC,SF,B,,,0,0,2024,-0.3,1.19,-1.43,2.65,,,,0,2,Top,,,,,,,3.83241371220132,-126.01676887701576,-4.108375583675827,-3.9556630346050414,23.73594978764798,-18.78594081204897,3.36,1.59,,,,86.0,2033,5.7,746864,665804,641355,663538,666624,621020,664023,691718,673548,54.77,,,,,,,,9,1,4-Seam Fastball,0,0,0,0,0,0,0,0,Standard,Standard,219,0.0,0.038,,,,-0.038,,0,0,0.5,0.5,34,31,35,31,1,0,5.0,1.0,6.0,1.0,1.83,0.3,-0.3,41.0,,,,,
CH,2024-06-19,80.0,-2.4,6.12,"Hendricks, Kyle",656305,543294,strikeout,swinging_strike,,,,,4,Matt Chapman strikes out swinging.,R,R,R,CHC,SF,S,2.0,,1,2,2024,-0.59,0.95,-0.38,2.41,,,671218.0,2,1,Top,,,,,,,5.498475803955095,-116.46686277947497,-3.324998037242988,-6.3297643157445815,18.109943937962008,-23.07623672877702,3.49,1.67,,,,79.4,1867,5.4,746864,665804,641355,663538,666624,621020,664023,691718,673548,55.06,,0.0,0.0,1.0,0.0,0.0,,4,5,Changeup,0,0,0,0,0,0,0,0,Standard,Standard,228,0.022,-0.196,75.9,8.7,,0.196,,0,0,0.525,0.475,34,31,35,31,1,0,5.0,1.0,6.0,1.0,2.56,0.59,0.59,42.6,20.33593841927862,-45.86300608207336,25.979940537227336,36.20872650140234,50.79278284374128
CU,2024-06-19,74.9,-2.4,6.02,"Hendricks, Kyle",656305,543294,,foul,,,,,9,Matt Chapman strikes out swinging.,R,R,R,CHC,SF,S,,,1,2,2024,1.15,-1.14,0.73,2.13,,,671218.0,2,1,Top,,,,,,,4.368195990552137,-109.00381175596463,1.1584640431347182,8.323866828507246,20.65184601035172,-41.693706523533415,3.49,1.67,7.0,75.0,-19.0,73.6,3052,5.5,746864,665804,641355,663538,666624,621020,664023,691718,673548,55.0,,,,,,,,4,4,Curveball,0,0,0,0,0,0,0,0,Strategic,Standard,42,0.0,0.0,72.9,8.3,,0.0,88.0,0,0,0.525,0.475,34,31,35,31,1,0,5.0,1.0,6.0,1.0,5.23,-1.15,-1.15,42.1,13.108789355192782,-23.03696238930832,24.06497820870613,49.32939229252766,40.344191110615526
SI,2024-06-19,88.2,-2.4,5.99,"Hendricks, Kyle",656305,543294,,foul_tip,,,,,2,Matt Chapman strikes out swinging.,R,R,R,CHC,SF,S,,,1,1,2024,-1.0,0.69,-0.25,3.34,,,671218.0,2,1,Top,,,,,,,7.190703841810047,-128.4340475984227,-1.8717601690343797,-12.431052630709589,22.562848406251597,-24.29836924837978,3.49,1.67,,,,87.8,2064,5.6,746864,665804,641355,663538,666624,621020,664023,691718,673548,54.86,,,,,,,,4,3,Sinker,0,0,0,0,0,0,0,0,Strategic,Standard,212,0.0,-0.06,75.8,6.7,,0.06,,0,0,0.525,0.475,34,31,35,31,1,0,5.0,1.0,6.0,1.0,2.2,1.0,1.0,41.5,6.056473163042015,12.656795307397855,18.981485865492854,39.15215323421077,21.8727437782622
SI,2024-06-19,87.7,-2.36,6.0,"Hendricks, Kyle",656305,543294,,foul,,,,,6,Matt Chapman strikes out swinging.,R,R,R,CHC,SF,S,,,1,0,2024,-1.19,0.72,0.31,2.43,,,671218.0,2,1,Top,,,,,,,8.786263811639481,-127.52593972462924,-4.028320361312634,-14.675251648785704,23.61550930823729,-23.622892039288168,3.49,1.67,172.0,71.7,19.0,87.1,2041,5.7,746864,665804,641355,663538,666624,621020,664023,691718,673548,54.78,,,,,,,,4,2,Sinker,0,0,0,0,0,0,0,0,Standard,Standard,219,0.0,-0.048,78.6,7.8,,0.048,88.0,0,0,0.525,0.475,34,31,35,31,1,0,5.0,1.0,6.0,1.0,2.22,1.19,1.19,42.8,4.868435124132417,7.0881515633361625,24.336747152080115,45.95769127589708,19.30109220843968
SI,2024-06-19,87.9,-2.35,6.0,"Hendricks, Kyle",656305,543294,,ball,,,,,14,Matt Chapman strikes out swinging.,R,R,R,CHC,SF,B,,,0,0,2024,-1.22,0.56,0.91,1.81,,,671218.0,2,1,Top,,,,,,,10.249739048621398,-127.53881466211703,-5.158508405324699,-15.294929631852389,24.400439984940117,-25.156614514644108,3.61,1.84,,,,86.9,2097,5.7,746864,665804,641355,663538,666624,621020,664023,691718,673548,54.82,,,,,,,,4,1,Sinker,0,0,0,0,0,0,0,0,Standard,Standard,219,0.0,0.034,,,,-0.034,,0,0,0.525,0.475,34,31,35,31,1,0,5.0,1.0,6.0,1.0,2.39,1.22,1.22,39.9,,,,,
CH,2024-06-19,81.0,-2.51,6.06,"Hendricks, Kyle",672275,543294,strikeout,foul_tip,,,,,8,Patrick Bailey strikes out on a foul tip.,R,L,R,CHC,SF,S,2.0,,1,2,2024,-0.91,0.81,0.21,2.03,,,671218.0,1,1,Top,,,,,,,7.68884905759619,-117.73344657160644,-3.921683378194716,-9.845382224028022,20.132886472537265,-24.04476065828776,3.39,1.6,,,,80.1,2220,5.5,746864,665804,641355,663538,666624,621020,664023,691718,673548,55.0,,0.0,0.0,1.0,0.0,0.0,,3,4,Changeup,0,0,0,0,0,0,0,0,Strategic,Standard,227,0.028,-0.182,67.6,8.4,,0.182,,0,0,0.497,0.503,34,25,35,25,1,0,5.0,2.0,6.0,1.0,2.64,0.91,-0.91,42.7,30.131642706623563,-47.44478126861929,37.24340518711079,35.34055342315855,53.58153090351871
CH,2024-06-19,80.6,-2.46,6.01,"Hendricks, Kyle",672275,543294,,ball,,,,,13,Patrick Bailey strikes out on a foul tip.,R,L,R,CHC,SF,B,,,0,2,2024,-1.18,0.72,-0.09,1.19,,,671218.0,1,1,Top,,,,,,,7.38965311011648,-117.13629988216192,-5.429811237664548,-12.134027200346496,18.887741767295825,-24.7447825494642,3.36,1.53,,,,80.0,2248,5.6,746864,665804,641355,663538,666624,621020,664023,691718,673548,54.9,,,,,,,,3,3,Changeup,0,0,0,0,0,0,0,0,Strategic,Standard,227,0.0,0.022,,,,-0.022,,0,0,0.497,0.503,34,25,35,25,1,0,5.0,2.0,6.0,1.0,2.76,1.18,-1.18,43.2,,,,,
SI,2024-06-19,87.3,-2.57,5.99,"Hendricks, Kyle",672275,543294,,called_strike,,,,,7,Patrick Bailey strikes out on a foul tip.,R,L,R,CHC,SF,S,,,0,1,2024,-1.01,0.73,-0.8,1.76,,,671218.0,1,1,Top,,,,,,,6.263844966181451,-127.137613902715,-5.5796142639867,-12.181819645271595,20.869853495168915,-23.40209811754236,3.39,1.59,,,,86.9,2024,5.6,746864,665804,641355,663538,666624,621020,664023,691718,673548,54.95,,,,,,,,3,2,Sinker,0,0,0,0,0,0,0,0,Standard,Standard,215,0.0,-0.052,,,,0.052,,0,0,0.497,0.503,34,25,35,25,1,0,5.0,2.0,6.0,1.0,2.21,1.01,-1.01,42.3,,,,,
SI,2024-06-19,87.5,-2.55,6.0,"Hendricks, Kyle",672275,543294,,foul_tip,,,,,1,Patrick Bailey strikes out on a foul tip.,R,L,R,CHC,SF,S,,,0,0,2024,-1.07,0.7,-0.28,3.02,,,671218.0,1,1,Top,,,,,,,7.584652023232341,-127.33687179349448,-2.5344549885469565,-13.157209270384053,22.64278443264332,-24.178401001538084,3.39,1.6,,,,86.8,2058,5.5,746864,665804,641355,663538,666624,621020,664023,691718,673548,54.96,,,,,,,,3,1,Sinker,0,0,0,0,0,0,0,0,Standard,Standard,212,0.0,-0.04,66.6,5.3,,0.04,,0,0,0.497,0.503,34,25,35,25,1,0,5.0,2.0,6.0,1.0,2.24,1.07,-1.07,41.1,-19.555794816771968,39.84146180474064,39.46337852673547,38.9682420608484,3.0605243388463297
CU,2024-06-19,76.0,-2.71,5.99,"Hendricks, Kyle",671218,543294,walk,ball,,,,,14,Heliot Ramos walks.,R,R,R,CHC,SF,B,,,3,2,2024,1.36,-0.85,1.41,1.1,,,,1,1,Top,,,,,,,6.1234141208199135,-110.4409041338664,-1.559510737201346,9.860128271337238,21.645276246527683,-39.03962498848594,3.19,1.64,,,,74.8,3103,5.7,746864,665804,641355,663538,666624,621020,664023,691718,673548,54.79,,0.689131,0.7,1.0,0.0,0.0,,2,6,Curveball,0,0,0,0,0,0,0,0,Strategic,Standard,44,-0.025,0.348,,,,-0.348,,0,0,0.522,0.478,34,24,35,25,1,0,5.0,1.0,6.0,1.0,4.84,-1.36,-1.36,41.7,,,,,
SI,2024-06-19,89.7,-2.59,5.88,"Hendricks, Kyle",671218,543294,,ball,,,,,14,Heliot Ramos walks.,R,R,R,CHC,SF,B,,,2,2,2024,-1.1,0.42,1.04,0.34,,,,1,1,Top,,,,,,,11.166233874531637,-130.09914926881174,-8.563357787264659,-14.714505067845554,24.05375158738253,-25.837922143855533,3.19,1.52,,,,89.2,1973,5.9,746864,665804,641355,663538,666624,621020,664023,691718,673548,54.6,,,,,,,,2,5,Sinker,0,0,0,0,0,0,0,0,Standard,Standard,216,0.0,0.108,,,,-0.108,,0,0,0.522,0.478,34,24,35,25,1,0,5.0,1.0,6.0,1.0,2.41,1.1,1.1,41.4,,,,,
SI,2024-06-19,88.1,-2.79,5.98,"Hendricks, Kyle",671218,543294,,foul,,,,,13,Heliot Ramos walks.,R,R,R,CHC,SF,S,,,2,1,2024,-1.08,0.43,-0.88,2.03,,,,1,1,Top,,,,,,,6.815545605265813,-128.12915472122174,-4.396233086657598,-13.28397185858701,24.342505553944125,-26.74587536617611,3.19,1.51,128.0,73.9,9.0,87.5,2042,5.8,746864,665804,641355,663538,666624,621020,664023,691718,673548,54.71,,,,,,,,2,4,Sinker,0,0,0,0,0,0,0,0,Strategic,Standard,214,0.0,-0.078,67.3,5.6,,0.078,88.0,0,0,0.522,0.478,34,24,35,25,1,0,5.0,1.0,6.0,1.0,2.49,1.08,1.08,42.7,-22.69847035128616,22.212641477489665,45.97906003472478,29.186942883320068,13.312316032857094
CH,2024-06-19,81.4,-2.57,6.03,"Hendricks, Kyle",671218,543294,,ball,,,,,14,Heliot Ramos walks.,R,R,R,CHC,SF,B,,,1,1,2024,-0.24,0.86,1.81,1.21,,,,1,1,Top,,,,,,,10.14850340909133,-118.123135715069,-5.8153894208980645,-4.058597946001372,20.35067644113331,-23.168362232221696,3.26,1.68,,,,80.5,2082,5.6,746864,665804,641355,663538,666624,621020,664023,691718,673548,54.91,,,,,,,,2,3,Changeup,0,0,0,0,0,0,0,0,Strategic,Standard,230,0.0,0.059,,,,-0.059,,0,0,0.522,0.478,34,24,35,25,1,0,5.0,1.0,6.0,1.0,2.57,0.24,0.24,43.9,,,,,
SI,2024-06-19,88.8,-2.6,6.0,"Hendricks, Kyle",671218,543294,,called_strike,,,,,9,Heliot Ramos walks.,R,R,R,CHC,SF,S,,,1,0,2024,-1.1,0.5,0.48,1.91,,,,1,1,Top,,,,,,,9.690936386866325,-128.92280501108766,-4.974214455901749,-14.216460269446989,24.714793133300493,-25.746809249536927,3.33,1.61,,,,87.9,2102,5.7,746864,665804,641355,663538,666624,621020,664023,691718,673548,54.81,,,,,,,,2,2,Sinker,0,0,0,0,0,0,0,0,Standard,Standard,216,0.0,-0.051,,,,0.051,,0,0,0.522,0.478,34,24,35,25,1,0,5.0,1.0,6.0,1.0,2.39,1.1,1.1,43.4,,,,,
SI,2024-06-19,88.4,-2.61,5.97,"Hendricks, Kyle",671218,543294,,ball,,,,,14,Heliot Ramos walks.,R,R,R,CHC,SF,B,,,0,0,2024,-0.99,0.47,2.01,0.8,,,,1,1,Top,,,,,,,13.118399314530944,-127.98044986879395,-7.426090332388926,-13.290824117972091,22.890384766794693,-25.65859637938189,3.26,1.64,,,,87.7,2052,5.8,746864,665804,641355,663538,666624,621020,664023,691718,673548,54.68,,,,,,,,2,1,Sinker,0,0,0,0,0,0,0,0,Standard,Standard,213,0.0,0.039,,,,-0.039,,0,0,0.522,0.478,34,24,35,25,1,0,5.0,1.0,6.0,1.0,2.45,0.99,0.99,42.9,,,,,
CH,2024-06-19,81.9,-2.71,6.07,"Hendricks, Kyle",689172,543294,strikeout,swinging_strike,,,,,13,Brett Wisely strikes out swinging.,R,L,R,CHC,SF,S,2.0,,2,2,2024,-1.32,0.62,-1.06,1.21,,,,0,1,Top,,,,,,,6.199296019258251,-119.10001090124646,-5.5421215038377145,-13.78880615265834,22.477603698216345,-25.44327816909264,3.49,1.59,,,,81.0,2189,5.7,746864,665804,641355,663538,666624,621020,664023,691718,673548,54.82,,0.0,0.0,1.0,0.0,0.0,,1,6,Changeup,0,0,0,0,0,0,0,0,Infield shade,Standard,224,0.022,-0.227,71.1,7.8,,0.227,,0,0,0.5,0.5,34,25,35,25,1,0,5.0,2.0,6.0,1.0,2.78,1.32,-1.32,42.8,14.254320570907264,-11.788264825632456,33.97834419038945,45.740528010375,39.604943771997554
SI,2024-06-19,88.0,-2.71,5.96,"Hendricks, Kyle",689172,543294,,foul,,,,,3,Brett Wisely strikes out swinging.,R,L,R,CHC,SF,S,,,2,2,2024,-0.89,0.36,0.41,3.19,,,,0,1,Top,,,,,,,9.284279890484797,-127.98036387004804,-1.397874714056873,-11.584296581035286,23.39754655591084,-28.16340667345804,3.49,1.59,166.0,66.3,22.0,87.4,2072,5.7,746864,665804,641355,663538,666624,621020,664023,691718,673548,54.83,,,,,,,,1,5,Sinker,0,0,0,0,0,0,0,0,Infield shade,Standard,210,0.0,0.0,57.6,4.9,,0.0,88.0,0,0,0.5,0.5,34,25,35,25,1,0,5.0,2.0,6.0,1.0,2.56,0.89,-0.89,41.9,-10.731678742330825,24.2874457800817,34.876598028422094,27.31027387231712,16.38045932864713
FF,2024-06-19,88.1,-2.86,5.94,"Hendricks, Kyle",689172,543294,,ball,,,,,11,Brett Wisely strikes out swinging.,R,L,R,CHC,SF,B,,,1,2,2024,-0.43,1.2,-1.65,3.13,,,,0,1,Top,,,,,,,3.798255672164141,-128.28563993473347,-3.2633801460311327,-5.504134315101412,23.955485819784787,-18.393010198222203,3.33,1.52,,,,87.4,2028,5.6,746864,665804,641355,663538,666624,621020,664023,691718,673548,54.91,,,,,,,,1,4,4-Seam Fastball,0,0,0,0,0,0,0,0,Standard,Standard,217,0.0,0.04,,,,-0.04,,0,0,0.5,0.5,34,25,35,25,1,0,5.0,2.0,6.0,1.0,1.71,0.43,-0.43,39.8,,,,,
SI,2024-06-19,86.9,-2.75,5.95,"Hendricks, Kyle",689172,543294,,called_strike,,,,,2,Brett Wisely strikes out swinging.,R,L,R,CHC,SF,S,,,1,1,2024,-0.88,0.31,-0.16,2.86,,,,0,1,Top,,,,,,,7.935718301476922,-126.56791951013568,-1.9929351375225268,-10.930981199677158,20.96564430291393,-28.60218622330368,3.2,1.58,,,,86.7,1968,5.7,746864,665804,641355,663538,666624,621020,664023,691718,673548,54.82,,,,,,,,1,3,Sinker,0,0,0,0,0,0,0,0,Standard,Standard,218,0.0,-0.056,,,,0.056,,0,0,0.5,0.5,34,25,35,25,1,0,5.0,2.0,6.0,1.0,2.65,0.88,-0.88,41.6,,,,,
CH,2024-06-19,80.2,-2.73,6.08,"Hendricks, Kyle",689172,543294,,ball,,,,,13,Brett Wisely strikes out swinging.,R,L,R,CHC,SF,B,,,0,1,2024,-1.21,0.37,-1.08,2.18,,,,0,1,Top,,,,,,,5.868088235785461,-116.73691572532611,-2.6618813764346814,-12.150849332363023,20.00037812713754,-28.492576611603383,3.23,1.46,,,,79.5,2111,5.6,746864,665804,641355,663538,666624,621020,664023,691718,673548,54.88,,,,,,,,1,2,Changeup,0,0,0,0,0,0,0,0,Standard,Standard,226,0.0,0.025,,,,-0.025,,0,0,0.5,0.5,34,25,35,25,1,0,5.0,2.0,6.0,1.0,3.15,1.21,-1.21,43.6,,,,,
FF,2024-06-19,87.0,-2.72,6.03,"Hendricks, Kyle",689172,543294,,foul,,,,,14,Brett Wisely strikes out swinging.,R,L,R,CHC,SF,S,,,0,0,2024,-0.45,1.26,1.04,2.08,,,,0,1,Top,,,,,,,9.807101052321029,-126.38581353541755,-5.898373482336668,-6.545465194991258,21.713709865596577,-17.559286548680813,3.49,1.59,243.0,88.4,19.0,86.5,2169,5.7,746864,665804,641355,663538,666624,621020,664023,691718,673548,54.76,,,,,,,,1,1,4-Seam Fastball,0,0,0,0,0,0,0,0,Standard,Standard,214,0.0,-0.037,72.5,7.0,,0.037,88.4,0,0,0.5,0.5,34,25,35,25,1,0,5.0,2.0,6.0,1.0,1.72,0.45,-0.45,43.0,15.78272360215405,-11.28257861127514,40.18298290134388,20.667431709752165,33.707584895036426
CH,2024-06-14,80.1,-2.35,6.0,"Hendricks, Kyle",571448,543294,force_out,hit_into_play,,,,,8,"Nolan Arenado grounds into a force out, fielded by second baseman Nico Hoerner. Alec Burleson out at 2nd.",R,R,R,CHC,STL,X,4.0,ground_ball,1,0,2024,-0.37,0.85,0.21,1.94,,691026.0,676475.0,2,6,Top,134.94,144.99,,,,,6.269637962972304,-116.60100280991254,-3.943616845308416,-4.394675059803965,17.114741516432943,-23.892784483989686,3.38,1.65,100.0,68.9,11.0,79.8,2140,5.6,746869,665804,683737,663538,666624,621020,664023,643565,673548,54.95,0.28,0.269,0.0,1.0,0.0,0.0,2.0,40,2,Changeup,0,0,0,0,0,0,0,0,Standard,Standard,229,0.065,-0.306,69.4,9.0,0.328,0.306,88.0,0,0,0.509,0.491,34,33,35,33,2,2,8.0,1.0,5.0,1.0,2.64,0.37,0.37,43.9,24.5589807543168,-23.883802014227523,32.855120006372736,41.01494659801726,51.33364358816182
SI,2024-06-14,88.6,-2.49,5.87,"Hendricks, Kyle",571448,543294,,ball,,,,,13,"Nolan Arenado grounds into a force out, fielded by second baseman Nico Hoerner. Alec Burleson out at 2nd.",R,R,R,CHC,STL,B,,,0,0,2024,-1.21,0.68,-1.3,1.48,,691026.0,676475.0,2,6,Top,,,,,,,5.373857766734682,-128.9677840174761,-6.117541005917607,-14.649928989705744,22.884482142990294,-23.573240058954084,3.49,1.84,,,,88.2,1936,5.7,746869,665804,683737,663538,666624,621020,664023,643565,673548,54.78,,,,,,,,40,1,Sinker,0,0,0,0,0,0,0,0,Standard,Standard,216,0.0,0.026,,,,-0.026,,0,0,0.509,0.491,34,33,35,33,2,2,8.0,1.0,5.0,1.0,2.19,1.21,1.21,42.8,,,,,
SI,2024-06-14,88.6,-2.28,5.87,"Hendricks, Kyle",502671,543294,field_out,hit_into_play,,,,,6,Paul Goldschmidt flies out to right fielder Seiya Suzuki.,R,R,R,CHC,STL,X,9.0,fly_ball,3,1,2024,-1.06,0.7,0.5,2.31,,691026.0,676475.0,1,6,Top,176.97,125.66,,,,,8.862553213796888,-128.80413674043595,-4.11735112961934,-13.48787326916638,23.07513228997659,-23.752231403401467,3.58,1.62,224.0,79.5,46.0,88.0,2028,5.6,746869,665804,683737,663538,666624,621020,664023,643565,673548,54.86,0.057,0.067,0.0,1.0,0.0,0.0,3.0,39,5,Sinker,0,0,0,0,0,0,0,0,Standard,Standard,210,0.063,-0.361,75.1,8.1,0.091,0.361,88.0,0,0,0.446,0.554,34,36,35,37,2,2,8.0,1.0,5.0,1.0,2.18,1.06,1.06,43.7,12.49194220250806,5.884373625806215,29.13959628241874,52.97276332212755,20.82297463654313
CH,2024-06-14,80.4,-2.36,5.94,"Hendricks, Kyle",502671,543294,,ball,,,,,14,Paul Goldschmidt flies out to right fielder Seiya Suzuki.,R,R,R,CHC,STL,B,,,2,1,2024,-0.72,1.11,0.99,0.87,,691026.0,676475.0,1,6,Top,,,,,,,8.649761430573534,-116.83057502559512,-6.651922834869875,-8.039215732002365,18.313597383849583,-20.96695671094901,3.62,1.72,,,,79.8,2160,5.6,746869,665804,683737,663538,666624,621020,664023,643565,673548,54.95,,,,,,,,39,4,Changeup,0,0,0,0,0,0,0,0,Standard,Standard,234,0.0,0.104,,,,-0.104,,0,0,0.446,0.554,34,36,35,37,2,2,8.0,1.0,5.0,1.0,2.38,0.72,0.72,44.1,,,,,
SI,2024-06-14,88.0,-2.41,5.86,"Hendricks, Kyle",502671,543294,,ball,,,,,13,Paul Goldschmidt flies out to right fielder Seiya Suzuki.,R,R,R,CHC,STL,B,,,1,1,2024,-1.02,0.69,-0.85,1.01,,691026.0,676475.0,1,6,Top,,,,,,,5.835111904284637,-128.00464297643774,-7.150012160551263,-12.39382111573414,21.38421506060071,-23.41555147300773,3.58,1.69,,,,87.7,1962,5.7,746869,665804,683737,663538,666624,621020,664023,643565,673548,54.8,,,,,,,,39,3,Sinker,0,0,0,0,0,0,0,0,Standard,Standard,211,0.0,0.042,,,,-0.042,,0,0,0.446,0.554,34,36,35,37,2,2,8.0,1.0,5.0,1.0,2.21,1.02,1.02,42.3,,,,,
CU,2024-06-14,74.7,-2.28,5.92,"Hendricks, Kyle",502671,543294,,blocked_ball,,,,,14,Paul Goldschmidt flies out to right fielder Seiya Suzuki.,R,R,R,CHC,STL,B,,,0,1,2024,1.19,-0.82,1.28,1.14,,691026.0,676475.0,1,6,Top,,,,,,,5.183922691154388,-108.724131305037,-1.150511895505754,8.351995853720588,21.07393739949396,-38.66505304155799,3.58,1.72,,,,73.4,2985,5.6,746869,665804,683737,663538,666624,621020,664023,643565,673548,54.94,,,,,,,,39,2,Curveball,0,0,0,0,0,0,0,0,Standard,Standard,43,0.0,0.015,,,,-0.015,,0,0,0.446,0.554,34,36,35,37,2,2,8.0,1.0,5.0,1.0,4.94,-1.19,-1.19,44.7,,,,,
CH,2024-06-14,80.0,-2.31,5.94,"Hendricks, Kyle",502671,543294,,swinging_strike,,,,,7,Paul Goldschmidt flies out to right fielder Seiya Suzuki.,R,R,R,CHC,STL,S,,,0,0,2024,-0.72,0.92,-0.54,2.11,,691026.0,676475.0,1,6,Top,,,,,,,5.177540497954992,-116.46694119815042,-3.5302748389812075,-7.501164876770221,18.74434808760908,-23.276184966875636,3.58,1.62,,,,79.3,2108,5.5,746869,665804,683737,663538,666624,621020,664023,643565,673548,55.03,,,,,,,,39,1,Changeup,0,0,0,0,0,0,0,0,Standard,Standard,232,0.0,-0.039,52.5,9.0,,0.039,,0,0,0.446,0.554,34,36,35,37,2,2,8.0,1.0,5.0,1.0,2.59,0.72,0.72,43.4,36.11773373960383,-61.63354656400497,36.765909008174816,38.25445529098592,59.36750032008527
SI,2024-06-14,86.9,-2.36,5.89,"Hendricks, Kyle",676475,543294,single,hit_into_play,,,,,6,Alec Burleson singles on a line drive to center fielder Mike Tauchman. Masyn Winn to 2nd.,R,L,R,CHC,STL,X,8.0,line_drive,0,0,2024,-1.07,0.53,0.76,2.51,,,691026.0,1,6,Top,129.18,100.8,,,,,9.543759691009049,-126.28366558545808,-2.9764662020543766,-13.346958729113569,24.9749193896827,-26.099105553971828,3.45,1.57,157.0,77.6,12.0,85.9,1919,5.7,746869,665804,683737,663538,666624,621020,664023,643565,673548,54.83,0.454,0.409,0.9,1.0,1.0,0.0,4.0,38,1,Sinker,0,0,0,0,0,0,0,0,Standard,Standard,216,-0.05,0.405,69.6,6.4,0.488,-0.405,88.0,0,0,0.496,0.504,34,25,35,26,2,2,8.0,1.0,5.0,1.0,2.49,1.07,-1.07,42.5,-3.1181426072202023,11.133830618227012,39.0523130209711,23.79940703584979,23.84370990237592
SI,2024-06-14,89.3,-2.68,5.89,"Hendricks, Kyle",691026,543294,single,hit_into_play,,,,,4,Masyn Winn singles on a ground ball to left fielder Ian Happ.,R,R,R,CHC,STL,X,7.0,ground_ball,3,2,2024,-0.98,0.37,-0.42,2.69,,,,1,6,Top,81.68,108.08,,,,,7.51580039868019,-129.99684206208403,-2.699081994819271,-12.610052266972666,24.317673434411827,-27.61071576627777,3.53,1.59,23.0,101.6,-6.0,88.5,2010,5.5,746869,665804,683737,663538,666624,621020,664023,643565,673548,54.99,0.366,0.361,0.9,1.0,1.0,0.0,2.0,37,8,Sinker,0,0,0,0,0,0,0,0,Standard,Standard,209,-0.037,0.345,74.1,7.0,0.409,-0.345,101.6,0,0,0.533,0.467,34,22,35,22,2,2,8.0,1.0,5.0,1.0,2.46,0.98,0.98,43.6,3.8309498402243936,-3.781176961241432,23.543323612541048,27.48079296969841,35.80046072967873
CU,2024-06-14,76.2,-2.55,5.93,"Hendricks, Kyle",691026,543294,,ball,,,,,14,Masyn Winn singles on a ground ball to left fielder Ian Happ.,R,R,R,CHC,STL,B,,,2,2,2024,1.11,-1.1,1.69,0.67,,,,1,6,Top,,,,,,,6.836879594595433,-110.68895547783244,-1.8840835738403072,7.587736461135084,22.81136225661989,-40.9988774209613,3.32,1.59,,,,74.9,3025,5.8,746869,665804,683737,663538,666624,621020,664023,643565,673548,54.71,,,,,,,,37,7,Curveball,0,0,0,0,0,0,0,0,Standard,Standard,47,0.0,0.108,,,,-0.108,,0,0,0.533,0.467,34,22,35,22,2,2,8.0,1.0,5.0,1.0,5.09,-1.11,-1.11,44.3,,,,,
SI,2024-06-14,88.8,-2.69,5.94,"Hendricks, Kyle",691026,543294,,foul,,,,,11,Masyn Winn singles on a ground ball to left fielder Ian Happ.,R,R,R,CHC,STL,S,,,2,2,2024,-1.16,0.54,-1.39,3.44,,,,1,6,Top,,,,,,,5.51444063393236,-129.29623086590578,-1.249567704987805,-14.17935577293865,23.78260279696417,-26.026586886581374,3.53,1.59,118.0,72.4,10.0,88.1,1957,5.6,746869,665804,683737,663538,666624,621020,664023,643565,673548,54.94,,,,,,,,37,6,Sinker,0,0,0,0,0,0,0,0,Standard,Standard,213,0.0,0.0,67.1,6.1,,0.0,88.0,0,0,0.533,0.467,34,22,35,22,2,2,8.0,1.0,5.0,1.0,2.32,1.16,1.16,43.3,0.5540290124605824,7.195617038336069,26.092628418133685,16.854289048953426,27.09231589386133
FF,2024-06-14,88.3,-2.67,5.88,"Hendricks, Kyle",691026,543294,,ball,,,,,11,Masyn Winn singles on a ground ball to left fielder Ian Happ.,R,R,R,CHC,STL,B,,,1,2,2024,-0.52,1.17,-0.62,4.16,,,,1,6,Top,,,,,,,5.986694642659805,-128.46953464670025,-0.564515059298995,-6.97923239466718,25.667302529545893,-19.23340123711275,3.51,1.7,,,,87.4,2045,5.6,746869,665804,683737,663538,666624,621020,664023,643565,673548,54.87,,,,,,,,37,5,4-Seam Fastball,0,0,0,0,0,0,0,0,Standard,Standard,215,0.0,0.043,,,,-0.043,,0,0,0.533,0.467,34,22,35,22,2,2,8.0,1.0,5.0,1.0,1.74,0.52,0.52,40.4,,,,,
CH,2024-06-14,81.2,-2.71,6.03,"Hendricks, Kyle",691026,543294,,foul,,,,,9,Masyn Winn singles on a ground ball to left fielder Ian Happ.,R,R,R,CHC,STL,S,,,1,2,2024,-0.24,0.77,0.52,1.85,,,,1,6,Top,,,,,,,7.6000757452598435,-118.20861993755412,-4.283003241678715,-3.466944464093201,18.03262457582999,-24.3771735271038,3.53,1.59,7.0,47.7,-15.0,80.8,2112,5.6,746869,665804,683737,663538,666624,621020,664023,643565,673548,54.95,,,,,,,,37,4,Changeup,0,0,0,0,0,0,0,0,Standard,Standard,225,0.0,0.0,65.9,8.7,,0.0,88.0,0,0,0.533,0.467,34,22,35,22,2,2,8.0,1.0,5.0,1.0,2.63,0.24,0.24,44.7,14.966455935346474,-33.391649664444245,27.0659834637878,38.80656130661726,48.60512027058786
CH,2024-06-14,81.1,-2.64,6.0,"Hendricks, Kyle",691026,543294,,called_strike,,,,,2,Masyn Winn singles on a ground ball to left fielder Ian Happ.,R,R,R,CHC,STL,S,,,1,1,2024,-0.2,0.79,0.0,3.22,,,,1,6,Top,,,,,,,6.194104140358882,-118.13322082341148,-1.214853859087987,-2.852816773319771,18.900035831761038,-24.65152929075111,3.53,1.69,,,,80.5,2049,5.5,746869,665804,683737,663538,666624,621020,664023,643565,673548,55.03,,,,,,,,37,3,Changeup,0,0,0,0,0,0,0,0,Standard,Standard,224,0.0,-0.061,,,,0.061,,0,0,0.533,0.467,34,22,35,22,2,2,8.0,1.0,5.0,1.0,2.62,0.2,0.2,44.2,,,,,
SI,2024-06-14,88.2,-2.64,5.87,"Hendricks, Kyle",691026,543294,,foul,,,,,11,Masyn Winn singles on a ground ball to left fielder Ian Happ.,R,R,R,CHC,STL,S,,,1,0,2024,-1.01,0.54,-0.99,3.16,,,,1,6,Top,,,,,,,6.036595124824834,-128.3795672697097,-1.692529906335384,-12.346452271789182,23.18327053050352,-26.04150632126693,3.53,1.59,162.0,60.6,36.0,87.6,1942,5.6,746869,665804,683737,663538,666624,621020,664023,643565,673548,54.87,,,,,,,,37,2,Sinker,0,0,0,0,0,0,0,0,Standard,Standard,217,0.0,-0.051,69.2,6.4,,0.051,88.0,0,0,0.533,0.467,34,22,35,22,2,2,8.0,1.0,5.0,1.0,2.36,1.01,1.01,38.3,1.9830682169694185,8.457248214652122,30.696353338818817,20.79442636172689,29.328736862626062
CU,2024-06-14,74.2,-2.63,5.96,"Hendricks, Kyle",691026,543294,,ball,,,,,14,Masyn Winn singles on a ground ball to left fielder Ian Happ.,R,R,R,CHC,STL,B,,,0,0,2024,1.32,-1.05,1.9,1.7,,,,1,6,Top,,,,,,,6.876801081157938,-107.8662406775376,0.3975278918679752,9.024527200590065,19.70752839309512,-40.66157388765654,3.16,1.48,,,,73.2,2932,5.7,746869,665804,683737,663538,666624,621020,664023,643565,673548,54.79,,,,,,,,37,1,Curveball,0,0,0,0,0,0,0,0,Standard,Standard,47,0.0,0.039,,,,-0.039,,0,0,0.533,0.467,34,22,35,22,2,2,8.0,1.0,5.0,1.0,5.22,-1.32,-1.32,44.0,,,,,
SI,2024-06-14,87.9,-2.69,5.9,"Hendricks, Kyle",686780,543294,field_out,hit_into_play,,,,,13,"Pedro Pagés grounds out, third baseman Christopher Morel to first baseman Michael Busch.",R,R,R,CHC,STL,X,5.0,ground_ball,0,1,2024,-1.29,0.38,-1.05,1.97,,,,0,6,Top,93.82,155.87,,,,,6.579786777790436,-127.91966454994731,-4.191177746745968,-15.516971685672663,24.99536028007323,-27.31667150888823,3.18,1.52,70.0,80.0,5.0,87.1,1920,5.7,746869,665804,683737,663538,666624,621020,664023,643565,673548,54.84,0.254,0.217,0.0,1.0,0.0,0.0,2.0,36,2,Sinker,0,0,0,0,0,0,0,0,Standard,Standard,211,0.033,-0.217,75.8,7.0,0.275,0.217,88.0,0,0,0.5,0.5,34,25,35,26,2,1,8.0,1.0,5.0,1.0,2.55,1.29,1.29,43.1,10.556603306426876,-2.4098878854307584,39.323643927241385,26.392980634233467,37.2024794927117
SI,2024-06-14,88.3,-2.63,5.87,"Hendricks, Kyle",686780,543294,,foul,,,,,11,"Pedro Pagés grounds out, third baseman Christopher Morel to first baseman Michael Busch.",R,R,R,CHC,STL,S,,,0,0,2024,-1.35,0.51,-1.15,2.46,,,,0,6,Top,,,,,,,6.339823093454393,-128.5879186685389,-3.3286557577539986,-16.248765739695205,23.25505003448928,-26.047319661238063,3.18,1.52,8.0,78.8,-18.0,87.7,1912,5.6,746869,665804,683737,663538,666624,621020,664023,643565,673548,54.88,,,,,,,,36,1,Sinker,0,0,0,0,0,0,0,0,Standard,Standard,211,0.0,-0.037,71.8,7.0,,0.037,88.0,0,0,0.5,0.5,34,25,35,26,2,1,8.0,1.0,5.0,1.0,2.38,1.35,1.35,42.9,12.617666028197062,-11.723343245458326,31.121271573153663,24.94693546504577,36.88006478415446
CH,2024-06-14,83.8,-2.69,5.98,"Hendricks, Kyle",680977,543294,field_out,hit_into_play,,,,,7,Brendan Donovan pops out to shortstop Dansby Swanson.,R,L,R,CHC,STL,X,6.0,popup,1,2,2024,-1.11,0.48,-0.4,1.89,,,,2,5,Top,96.5,138.41,,,,,7.37459450089341,-121.8792100894848,-4.011965317219175,-12.435547424456267,21.465142414763257,-26.85665934585403,3.29,1.56,171.0,79.2,55.0,83.1,2200,5.6,746869,665804,683737,663538,666624,621020,664023,643565,673548,54.9,0.029,0.026,0.0,1.0,0.0,0.0,3.0,32,4,Changeup,0,0,0,0,0,0,0,0,Infield shade,Standard,229,0.014,-0.18,68.9,7.3,0.03,0.18,88.0,0,0,0.551,0.449,34,27,35,27,2,1,8.0,1.0,5.0,1.0,2.75,1.11,-1.11,44.5,9.179516015074272,-3.646535363119781,31.070955532463863,40.43894825177333,34.11765239908532
SI,2024-06-14,89.2,-2.72,5.91,"Hendricks, Kyle",680977,543294,,swinging_strike,,,,,11,Brendan Donovan pops out to shortstop Dansby Swanson.,R,L,R,CHC,STL,S,,,1,1,2024,-0.89,0.4,-0.64,3.67,,,,2,5,Top,,,,,,,6.881064293112057,-129.79177915298672,-0.3140725056832255,-11.564715218224212,28.24554502994512,-27.85481168810239,3.29,1.56,,,,87.8,1919,5.5,746869,665804,683737,663538,666624,621020,664023,643565,673548,55.01,,,,,,,,32,3,Sinker,0,0,0,0,0,0,0,0,Infield shade,Standard,210,0.0,-0.064,40.1,4.6,,0.064,,0,0,0.551,0.449,34,27,35,27,2,1,8.0,1.0,5.0,1.0,2.48,0.89,-0.89,44.5,-10.471524599543496,57.510275719026296,26.62042752949649,,
FF,2024-06-14,89.4,-2.77,5.79,"Hendricks, Kyle",680977,543294,,ball,,,,,11,Brendan Donovan pops out to shortstop Dansby Swanson.,R,L,R,CHC,STL,B,,,0,1,2024,-0.45,1.31,-1.86,3.85,,,,2,5,Top,,,,,,,3.133760237767883,-130.15548668625328,-1.496602926829285,-5.739457221417204,28.523710510965515,-17.25401487001146,3.31,1.55,,,,87.9,2059,5.4,746869,665804,683737,663538,666624,621020,664023,643565,673548,55.06,,,,,,,,32,2,4-Seam Fastball,0,0,0,0,0,0,0,0,Standard,Standard,216,0.0,0.029,,,,-0.029,,0,0,0.551,0.449,34,27,35,27,2,1,8.0,1.0,5.0,1.0,1.55,0.45,-0.45,42.3,,,,,
SI,2024-06-14,88.0,-2.75,6.01,"Hendricks, Kyle",680977,543294,,called_strike,,,,,4,Brendan Donovan pops out to shortstop Dansby Swanson.,R,L,R,CHC,STL,S,,,0,0,2024,-1.05,0.55,-0.6,2.13,,,,2,5,Top,,,,,,,7.297915790060337,-127.94925381918594,-4.407638568174686,-13.062470404777844,26.4341226432132,-25.37445798584389,3.15,1.54,,,,86.9,1980,5.7,746869,665804,683737,663538,666624,621020,664023,643565,673548,54.84,,,,,,,,32,1,Sinker,0,0,0,0,0,0,0,0,Standard,Standard,216,0.0,-0.041,,,,0.041,,0,0,0.551,0.449,34,27,35,27,2,1,8.0,1.0,5.0,1.0,2.4,1.05,-1.05,44.4,,,,,
CU,2024-06-14,76.3,-2.68,5.91,"Hendricks, Kyle",666185,543294,strikeout,swinging_strike_blocked,,,,,13,Dylan Carlson strikes out swinging.,R,L,R,CHC,STL,S,2.0,,1,2,2024,0.92,-0.92,-0.2,0.95,,,,1,5,Top,,,,,,,3.5094623475961,-111.02178172499372,-1.6782735096396388,6.8917482803623695,21.231461061789467,-39.67609680886503,3.46,1.65,,,,75.0,3071,5.5,746869,665804,683737,663538,666624,621020,664023,643565,673548,55.04,,0.0,0.0,1.0,0.0,0.0,,31,4,Curveball,0,0,0,0,0,0,0,0,Infield shade,Standard,42,0.021,-0.182,28.9,6.5,,0.182,,0,0,0.53,0.47,34,25,35,26,1,1,8.0,1.0,5.0,1.0,4.86,-0.92,0.92,39.9,2.073347564619728,11.35602250125598,33.64050733638129,37.19676587075057,20.379775184916465
CH,2024-06-14,82.9,-2.73,5.95,"Hendricks, Kyle",666185,543294,,foul,,,,,7,Dylan Carlson strikes out swinging.,R,L,R,CHC,STL,S,,,1,1,2024,-1.44,0.41,-0.68,2.15,,,,1,5,Top,,,,,,,7.35977029029911,-120.57248527164246,-3.0900109020618207,-15.38731389463166,19.7847054760825,-27.77605732986001,3.46,1.65,219.0,72.6,48.0,82.3,2283,5.6,746869,665804,683737,663538,666624,621020,664023,643565,673548,54.9,,,,,,,,31,3,Changeup,0,0,0,0,0,0,0,0,Standard,Standard,228,0.0,-0.061,59.8,6.8,,0.061,88.0,0,0,0.53,0.47,34,25,35,26,1,1,8.0,1.0,5.0,1.0,2.87,1.44,-1.44,43.5,-2.984410090716993,15.821491621135172,32.888895319101,45.25997599804249,19.963301331244523
SI,2024-06-14,89.1,-2.75,5.97,"Hendricks, Kyle",666185,543294,,ball,,,,,13,Dylan Carlson strikes out swinging.,R,L,R,CHC,STL,B,,,0,1,2024,-1.2,0.58,-0.99,2.18,,,,1,5,Top,,,,,,,6.729707962730554,-129.74055649841648,-4.526223207055956,-14.880759401448076,23.84355255985969,-24.928141722975667,3.45,1.63,,,,88.4,2108,5.6,746869,665804,683737,663538,666624,621020,664023,643565,673548,54.94,,,,,,,,31,2,Sinker,0,0,0,0,0,0,0,0,Standard,Standard,211,0.0,0.024,,,,-0.024,,0,0,0.53,0.47,34,25,35,26,1,1,8.0,1.0,5.0,1.0,2.26,1.2,-1.2,45.1,,,,,
CU,2024-06-14,75.5,-2.71,6.01,"Hendricks, Kyle",666185,543294,,called_strike,,,,,8,Dylan Carlson strikes out swinging.,R,L,R,CHC,STL,S,,,0,0,2024,1.04,-0.77,0.26,1.94,,,,1,5,Top,,,,,,,4.272546227629338,-109.88888187242564,0.0407613542104643,7.628283158663544,20.454571641904224,-38.66288787718401,3.33,1.46,,,,74.3,2943,5.5,746869,665804,683737,663538,666624,621020,664023,643565,673548,55.0,,,,,,,,31,1,Curveball,0,0,0,0,0,0,0,0,Standard,Standard,46,0.0,-0.037,,,,0.037,,0,0,0.53,0.47,34,25,35,26,1,1,8.0,1.0,5.0,1.0,4.79,-1.04,1.04,45.3,,,,,
SI,2024-06-14,89.6,-2.75,5.91,"Hendricks, Kyle",671056,543294,field_out,hit_into_play,,,,,1,"Iván Herrera grounds out, shortstop Dansby Swanson to first baseman Michael Busch.",R,R,R,CHC,STL,X,6.0,ground_ball,2,1,2024,-1.11,0.42,-0.59,2.94,,,,0,5,Top,118.03,142.44,,,,,7.543665076338017,-130.49297702911497,-2.308716347819931,-14.120632993025646,23.397217767633023,-27.04386647968539,3.28,1.49,8.0,79.7,-20.0,89.1,2018,5.6,746869,665804,683737,663538,666624,621020,664023,643565,673548,54.93,0.06,0.062,0.0,1.0,0.0,0.0,2.0,30,4,Sinker,0,0,0,0,0,0,0,0,Standard,Standard,217,0.03,-0.296,70.7,6.2,0.06,0.296,88.0,0,0,0.5,0.5,34,24,35,24,1,1,8.0,2.0,5.0,1.0,2.38,1.11,1.11,43.4,-4.654256513601674,17.639271790897592,30.52256352063464,32.72420583950158,23.71687104621474
CH,2024-06-14,82.1,-2.67,5.98,"Hendricks, Kyle",671056,543294,,ball,,,,,14,"Iván Herrera grounds out, shortstop Dansby Swanson to first baseman Michael Busch.",R,R,R,CHC,STL,B,,,1,1,2024,-0.23,0.99,1.44,1.22,,,,0,5,Top,,,,,,,9.618634703123318,-119.18869686369962,-6.1072316896352925,-3.92745484336808,20.76788595691904,-21.72155461922833,3.28,1.48,,,,81.2,2203,5.6,746869,665804,683737,663538,666624,621020,664023,643565,673548,54.9,,,,,,,,30,3,Changeup,0,0,0,0,0,0,0,0,Standard,Standard,228,0.0,0.053,,,,-0.053,,0,0,0.5,0.5,34,24,35,24,1,1,8.0,2.0,5.0,1.0,2.38,0.23,0.23,43.0,,,,,
SI,2024-06-14,89.1,-2.75,5.89,"Hendricks, Kyle",671056,543294,,ball,,,,,13,"Iván Herrera grounds out, shortstop Dansby Swanson to first baseman Michael Busch.",R,R,R,CHC,STL,B,,,0,1,2024,-0.96,0.54,-0.71,1.31,,,,0,5,Top,,,,,,,6.9378955681411325,-129.65029810705633,-6.381673080006085,-12.212532814396702,24.30164966539594,-24.952039491453142,3.28,1.46,,,,88.6,2015,5.7,746869,665804,683737,663538,666624,621020,664023,643565,673548,54.76,,,,,,,,30,2,Sinker,0,0,0,0,0,0,0,0,Standard,Standard,210,0.0,0.025,,,,-0.025,,0,0,0.5,0.5,34,24,35,24,1,1,8.0,2.0,5.0,1.0,2.3,0.96,0.96,42.8,,,,,
SI,2024-06-14,88.5,-2.65,5.95,"Hendricks, Kyle",671056,543294,,called_strike,,,,,6,"Iván Herrera grounds out, shortstop Dansby Swanson to first baseman Michael Busch.",R,R,R,CHC,STL,S,,,0,0,2024,-0.93,0.41,0.79,2.22,,,,0,5,Top,,,,,,,10.1830339743884,-128.54523643775036,-3.907122387730907,-12.324287033005456,23.556331602888218,-27.02507732655592,3.06,1.33,,,,87.8,2072,5.7,746869,665804,683737,663538,666624,621020,664023,643565,673548,54.82,,,,,,,,30,1,Sinker,0,0,0,0,0,0,0,0,Standard,Standard,217,0.0,-0.037,,,,0.037,,0,0,0.5,0.5,34,24,35,24,1,1,8.0,2.0,5.0,1.0,2.48,0.93,0.93,43.3,,,,,
CU,2024-06-14,75.0,-2.76,5.96,"Hendricks, Kyle",669357,543294,field_out,hit_into_play,,,,,4,"Nolan Gorman grounds out, second baseman Nico Hoerner to first baseman Michael Busch.",R,L,R,CHC,STL,X,4.0,ground_ball,1,1,2024,1.26,-0.89,-0.35,2.42,,,,2,4,Top,155.51,155.28,,,,,2.702260335588875,-109.07849553404353,1.456024069418625,9.419744991894264,21.620229242153243,-39.730443427125984,3.5,1.63,26.0,88.4,-4.0,73.4,3025,5.4,746869,665804,683737,663538,666624,621020,664023,643565,673548,55.06,0.191,0.168,0.0,1.0,0.0,0.0,2.0,26,3,Curveball,0,0,0,0,0,0,0,0,Standard,Standard,44,0.013,-0.244,62.8,7.1,0.212,0.244,88.4,0,0,0.546,0.454,34,24,35,24,1,1,8.0,1.0,5.0,1.0,4.99,-1.26,1.26,43.4,12.3427628196044,1.5873369310970653,36.04364732975095,40.409488860052775,37.49130628374789
FF,2024-06-14,89.9,-2.73,5.86,"Hendricks, Kyle",669357,543294,,ball,,,,,11,"Nolan Gorman grounds out, second baseman Nico Hoerner to first baseman Michael Busch.",R,L,R,CHC,STL,B,,,0,1,2024,-0.72,1.22,-1.74,2.54,,,,2,4,Top,,,,,,,3.919214732434126,-130.82300783575295,-4.787535432152658,-9.09253918692718,26.58551526748994,-17.367814774341092,3.43,1.59,,,,88.9,2076,5.6,746869,665804,683737,663538,666624,621020,664023,643565,673548,54.92,,,,,,,,26,2,4-Seam Fastball,0,0,0,0,0,0,0,0,Standard,Standard,217,0.0,0.029,,,,-0.029,,0,0,0.546,0.454,34,24,35,24,1,1,8.0,1.0,5.0,1.0,1.59,0.72,-0.72,48.0,,,,,
SI,2024-06-14,89.3,-2.64,5.95,"Hendricks, Kyle",669357,543294,,foul,,,,,7,"Nolan Gorman grounds out, second baseman Nico Hoerner to first baseman Michael Busch.",R,L,R,CHC,STL,S,,,0,0,2024,-0.96,0.57,-0.33,1.97,,,,2,4,Top,,,,,,,7.614304834257378,-129.87669979358222,-4.986372124250961,-12.39873734199481,23.903823950506283,-24.923369490732792,3.5,1.63,310.0,94.9,34.0,88.6,1979,5.6,746869,665804,683737,663538,666624,621020,664023,643565,673548,54.86,,,,,,,,26,1,Sinker,0,0,0,0,0,0,0,0,Standard,Standard,213,0.0,-0.041,67.8,7.0,,0.041,94.9,0,0,0.546,0.454,34,24,35,24,1,1,8.0,1.0,5.0,1.0,2.27,0.96,-0.96,43.8,4.544569287721286,13.509624796707335,35.60220584794854,40.77652155419476,27.56238447824272
CH,2024-06-14,82.4,-2.55,6.06,"Hendricks, Kyle",571448,543294,field_out,hit_into_play,,,,,9,Nolan Arenado lines out to center fielder Mike Tauchman.,R,R,R,CHC,STL,X,8.0,line_drive,2,2,2024,-0.14,0.95,0.79,1.84,,,,1,4,Top,129.98,79.68,,,,,7.763270936333435,-119.90854783516876,-4.949389435373643,-2.6537477081934586,19.818557327933743,-22.195916936436323,3.38,1.65,297.0,83.1,28.0,81.9,2144,5.6,746869,665804,683737,663538,666624,621020,664023,643565,673548,54.86,0.063,0.057,0.0,1.0,0.0,0.0,3.0,25,8,Changeup,0,0,0,0,0,0,0,0,Standard,Standard,218,0.019,-0.225,73.9,8.6,0.089,0.225,88.0,0,0,0.527,0.473,34,33,35,33,1,1,8.0,1.0,5.0,1.0,2.36,0.14,0.14,47.2,12.316009854860743,-3.505164056837512,34.12844378646885,48.24752287596918,35.475158192304825
SI,2024-06-14,90.5,-2.62,5.9,"Hendricks, Kyle",571448,543294,,foul,,,,,6,Nolan Arenado lines out to center fielder Mike Tauchman.,R,R,R,CHC,STL,S,,,2,2,2024,-1.24,0.67,0.29,2.44,,,,1,4,Top,,,,,,,9.761575972096091,-131.55480180086238,-4.1661858512851,-16.2868566225067,23.90970302747308,-23.632014401673214,3.38,1.65,206.0,69.2,38.0,90.0,1999,5.7,746869,665804,683737,663538,666624,621020,664023,643565,673548,54.77,,,,,,,,25,7,Sinker,0,0,0,0,0,0,0,0,Standard,Standard,215,0.0,0.0,70.0,7.4,,0.0,88.0,0,0,0.527,0.473,34,33,35,33,1,1,8.0,1.0,5.0,1.0,2.08,1.24,1.24,42.8,-7.779866056913933,17.943842128852005,33.88931811714923,42.6714187329151,16.87668273936481
SI,2024-06-14,89.2,-2.67,5.91,"Hendricks, Kyle",571448,543294,,foul,,,,,13,Nolan Arenado lines out to center fielder Mike Tauchman.,R,R,R,CHC,STL,S,,,2,2,2024,-1.38,0.49,-1.52,2.34,,,,1,4,Top,,,,,,,5.655021949174349,-129.8225611904355,-3.759952049832554,-16.800668207317745,27.75675764695511,-26.01562856768193,3.38,1.65,,,,88.1,2049,5.7,746869,665804,683737,663538,666624,621020,664023,643565,673548,54.85,,,,,,,,25,6,Sinker,0,0,0,0,0,0,0,0,Standard,Standard,213,0.0,0.0,74.5,8.2,,0.0,,0,0,0.527,0.473,34,33,35,33,1,1,8.0,1.0,5.0,1.0,2.38,1.38,1.38,43.7,13.545366825873106,-22.33403720454421,35.81573087169985,21.32586354811321,35.155994051881024
FF,2024-06-14,89.5,-2.69,5.91,"Hendricks, Kyle",571448,543294,,ball,,,,,11,Nolan Arenado lines out to center fielder Mike Tauchman.,R,R,R,CHC,STL,B,,,1,2,2024,-0.54,1.15,-0.5,4.14,,,,1,4,Top,,,,,,,6.447633658369006,-130.31820151871128,-0.8559824028634433,-7.385725646548619,23.89039294341407,-19.00694113214177,3.43,1.75,,,,88.9,2121,5.6,746869,665804,683737,663538,666624,621020,664023,643565,673548,54.9,,,,,,,,25,5,4-Seam Fastball,0,0,0,0,0,0,0,0,Standard,Standard,213,0.0,0.043,,,,-0.043,,0,0,0.527,0.473,34,33,35,33,1,1,8.0,1.0,5.0,1.0,1.67,0.54,0.54,42.3,,,,,
CU,2024-06-14,74.9,-2.62,5.95,"Hendricks, Kyle",571448,543294,,foul,,,,,14,Nolan Arenado lines out to center fielder Mike Tauchman.,R,R,R,CHC,STL,S,,,1,2,2024,1.02,-1.12,0.07,1.34,,,,1,4,Top,,,,,,,3.706382386052974,-109.04854104793182,-0.3220916403738225,7.385147298778025,20.746416187083028,-41.234039041577056,3.38,1.65,7.0,77.6,-12.0,73.7,3029,5.5,746869,665804,683737,663538,666624,621020,664023,643565,673548,54.97,,,,,,,,25,4,Curveball,0,0,0,0,0,0,0,0,Standard,Standard,43,0.0,0.0,57.9,8.4,,0.0,88.0,0,0,0.527,0.473,34,33,35,33,1,1,8.0,1.0,5.0,1.0,5.21,-1.02,-1.02,43.5,15.020704339662974,-20.34762636485056,32.207847832629994,40.82195852317014,45.47288163635126
CH,2024-06-14,81.1,-2.59,6.0,"Hendricks, Kyle",571448,543294,,swinging_strike,,,,,14,Nolan Arenado lines out to center fielder Mike Tauchman.,R,R,R,CHC,STL,S,,,1,1,2024,-0.37,0.83,1.02,1.69,,,,1,4,Top,,,,,,,8.647160896789801,-117.94519460640792,-4.666821747567881,-4.787805376049292,17.882435073256833,-23.68821824559939,3.38,1.65,,,,80.8,2152,5.6,746869,665804,683737,663538,666624,621020,664023,643565,673548,54.85,,,,,,,,25,3,Changeup,0,0,0,0,0,0,0,0,Standard,Standard,232,0.0,-0.061,69.5,9.3,,0.061,,0,0,0.527,0.473,34,33,35,33,1,1,8.0,1.0,5.0,1.0,2.58,0.37,0.37,43.0,22.585407333990982,-28.4872146355792,29.88032278181052,50.08785152084597,50.76958868001745
CH,2024-06-14,81.1,-2.56,6.07,"Hendricks, Kyle",571448,543294,,ball,,,,,14,Nolan Arenado lines out to center fielder Mike Tauchman.,R,R,R,CHC,STL,B,,,0,1,2024,-0.53,1.05,1.34,1.76,,,,1,4,Top,,,,,,,9.622632648218552,-117.81643464266278,-5.0485448720869925,-6.598511643154408,19.106598060702247,-21.606154456314584,3.45,1.71,,,,80.6,2107,5.7,746869,665804,683737,663538,666624,621020,664023,643565,673548,54.76,,,,,,,,25,2,Changeup,0,0,0,0,0,0,0,0,Standard,Standard,230,0.0,0.024,,,,-0.024,,0,0,0.527,0.473,34,33,35,33,1,1,8.0,1.0,5.0,1.0,2.39,0.53,0.53,46.6,,,,,
CU,2024-06-14,74.7,-2.66,5.97,"Hendricks, Kyle",571448,543294,,called_strike,,,,,9,Nolan Arenado lines out to center fielder Mike Tauchman.,R,R,R,CHC,STL,S,,,0,0,2024,1.11,-1.0,0.54,1.94,,,,1,4,Top,,,,,,,4.571016740202062,-108.64253544330714,0.6751216604546595,7.912608852814217,19.97144596884809,-40.42689528083491,3.19,1.54,,,,73.7,2976,5.7,746869,665804,683737,663538,666624,621020,664023,643565,673548,54.84,,,,,,,,25,1,Curveball,0,0,0,0,0,0,0,0,Standard,Standard,48,0.0,-0.037,,,,0.037,,0,0,0.527,0.473,34,33,35,33,1,1,8.0,1.0,5.0,1.0,5.11,-1.11,-1.11,43.6,,,,,
SI,2024-06-14,88.2,-2.68,5.94,"Hendricks, Kyle",502671,543294,field_out,hit_into_play,,,,,11,"Paul Goldschmidt grounds out, shortstop Dansby Swanson to first baseman Michael Busch.",R,R,R,CHC,STL,X,6.0,ground_ball,1,1,2024,-0.98,0.5,-1.54,2.94,,,,0,4,Top,119.68,143.73,,,,,4.747960180034812,-128.5173339987721,-2.274189222250892,-11.855406352872894,25.1283572454657,-26.412005995348316,3.58,1.62,124.0,48.7,27.0,87.4,1954,5.6,746869,665804,683737,663538,666624,621020,664023,643565,673548,54.91,0.18,0.162,0.0,1.0,0.0,0.0,1.0,24,3,Sinker,0,0,0,0,0,0,0,0,Standard,Standard,215,0.027,-0.243,68.7,6.7,0.18,0.243,88.0,0,0,0.5,0.5,34,36,35,37,1,1,8.0,1.0,5.0,1.0,2.41,0.98,0.98,42.6,7.3057900864815375,4.4242567683680285,34.12052982886162,27.88049775442253,18.030248217259523
CU,2024-06-14,75.6,-2.62,5.97,"Hendricks, Kyle",502671,543294,,ball,,,,,14,"Paul Goldschmidt grounds out, shortstop Dansby Swanson to first baseman Michael Busch.",R,R,R,CHC,STL,B,,,0,1,2024,1.35,-0.95,1.79,0.73,,,,0,4,Top,,,,,,,6.675557642353084,-109.78264590153115,-1.951195108210963,9.406076050942394,22.871728794108687,-39.59688306610644,3.47,1.7,,,,74.0,2954,5.6,746869,665804,683737,663538,666624,621020,664023,643565,673548,54.87,,,,,,,,24,2,Curveball,0,0,0,0,0,0,0,0,Standard,Standard,42,0.0,0.025,,,,-0.025,,0,0,0.5,0.5,34,36,35,37,1,1,8.0,1.0,5.0,1.0,5.01,-1.35,-1.35,42.9,,,,,
SI,2024-06-14,88.0,-2.52,5.94,"Hendricks, Kyle",502671,543294,,foul,,,,,5,"Paul Goldschmidt grounds out, shortstop Dansby Swanson to first baseman Michael Busch.",R,R,R,CHC,STL,S,,,0,0,2024,-1.25,0.67,-0.03,2.58,,,,0,4,Top,,,,,,,8.52583441322402,-127.95929237515035,-3.50980706871739,-15.36148670076213,21.45945218191484,-24.22088950204788,3.58,1.62,225.0,75.9,49.0,87.6,2044,5.7,746869,665804,683737,663538,666624,621020,664023,643565,673548,54.83,,,,,,,,24,1,Sinker,0,0,0,0,0,0,0,0,Standard,Standard,216,0.0,-0.037,70.8,7.4,,0.037,88.0,0,0,0.5,0.5,34,36,35,37,1,1,8.0,1.0,5.0,1.0,2.23,1.25,1.25,43.3,0.2335878998715073,21.096335404046336,29.62570750676913,45.76670262697548,9.111354176493908
CH,2024-06-14,82.2,-2.65,6.1,"Hendricks, Kyle",676475,543294,field_out,hit_into_play,,,,,13,"Alec Burleson grounds out, second baseman Nico Hoerner to first baseman Michael Busch.",R,L,R,CHC,STL,X,4.0,ground_ball,0,2,2024,-1.18,0.35,-0.83,1.03,,,,2,3,Top,133.45,154.47,,,,,6.316393663392447,-119.61357528847266,-5.625096336212577,-12.51793573662308,20.666568120709307,-27.990626779191764,3.45,1.57,4.0,58.1,-1.0,81.5,2215,5.6,746869,665804,683737,663538,666624,621020,664023,643565,673548,54.95,0.094,0.08,0.0,1.0,0.0,0.0,1.0,19,3,Changeup,0,0,0,0,0,0,0,0,Infield shade,Standard,226,0.011,-0.157,67.7,7.8,0.094,0.157,88.0,0,0,0.543,0.457,34,25,35,26,1,1,8.0,1.0,5.0,1.0,3.0,1.18,-1.18,45.0,19.13415456952202,15.881191839781096,38.38635175723429,41.235552953685605,26.71568025420988
CU,2024-06-14,75.3,-2.71,5.99,"Hendricks, Kyle",676475,543294,,called_strike,,,,,7,"Alec Burleson grounds out, second baseman Nico Hoerner to first baseman Michael Busch.",R,L,R,CHC,STL,S,,,0,1,2024,1.04,-0.94,-0.71,1.91,,,,2,3,Top,,,,,,,2.283094963687683,-109.56912184432724,0.3533547687223264,7.868124402310577,20.773174582799623,-40.02256649427776,3.26,1.51,,,,74.0,3023,5.5,746869,665804,683737,663538,666624,621020,664023,643565,673548,55.01,,,,,,,,19,2,Curveball,0,0,0,0,0,0,0,0,Standard,Standard,46,0.0,-0.058,,,,0.058,,0,0,0.543,0.457,34,25,35,26,1,1,8.0,1.0,5.0,1.0,4.99,-1.04,1.04,43.2,,,,,
SI,2024-06-14,87.7,-2.58,5.98,"Hendricks, Kyle",676475,543294,,swinging_strike,,,,,5,"Alec Burleson grounds out, second baseman Nico Hoerner to first baseman Michael Busch.",R,L,R,CHC,STL,S,,,0,0,2024,-1.0,0.6,-0.12,2.46,,,,2,3,Top,,,,,,,7.903050992225165,-127.50630862483028,-3.633026471682532,-12.437892391951756,23.59157202197481,-25.09383812993084,3.45,1.57,,,,87.0,1950,5.7,746869,665804,683737,663538,666624,621020,664023,643565,673548,54.85,,,,,,,,19,1,Sinker,0,0,0,0,0,0,0,0,Standard,Standard,215,0.0,-0.041,75.2,6.8,,0.041,,0,0,0.543,0.457,34,25,35,26,1,1,8.0,1.0,5.0,1.0,2.35,1.0,-1.0,43.1,-0.9677978484625,25.95571082939725,38.64047849261856,35.691472821283014,15.086998426566096
FF,2024-06-14,88.8,-2.65,5.95,"Hendricks, Kyle",691026,543294,field_out,hit_into_play,,,,,5,Masyn Winn flies out to right fielder Seiya Suzuki.,R,R,R,CHC,STL,X,9.0,fly_ball,1,2,2024,-0.88,1.24,0.04,2.73,,,,1,3,Top,172.99,123.05,,,,,8.314080916119897,-129.0609054267191,-4.420815849343777,-11.536188258190538,24.89640153669727,-17.566640622686062,3.53,1.59,224.0,75.0,40.0,88.0,2117,5.7,746869,665804,683737,663538,666624,621020,664023,643565,673548,54.79,0.137,0.123,0.0,1.0,0.0,0.0,3.0,18,4,4-Seam Fastball,0,0,0,0,0,0,0,0,Standard,Standard,212,0.018,-0.182,71.6,6.8,0.148,0.182,88.0,0,0,0.525,0.475,34,22,35,22,1,1,8.0,1.0,5.0,1.0,1.64,0.88,0.88,42.6,1.1264133052357552,13.00950557723768,28.875002217863365,31.634977420380743,27.71321023061037
FF,2024-06-14,88.3,-2.65,5.99,"Hendricks, Kyle",691026,543294,,ball,,,,,11,Masyn Winn flies out to right fielder Seiya Suzuki.,R,R,R,CHC,STL,B,,,0,2,2024,-0.68,1.28,-0.95,4.66,,,,1,3,Top,,,,,,,5.455426424066854,-128.6083238344372,0.1513044978919118,-8.671013304672334,25.653146518574182,-18.194136235865585,3.3,1.52,,,,87.3,2156,5.5,746869,665804,683737,663538,666624,621020,664023,643565,673548,54.99,,,,,,,,18,3,4-Seam Fastball,0,0,0,0,0,0,0,0,Standard,Standard,209,0.0,0.02,,,,-0.02,,0,0,0.525,0.475,34,22,35,22,1,1,8.0,1.0,5.0,1.0,1.63,0.68,0.68,43.2,,,,,
CU,2024-06-14,75.0,-2.6,6.04,"Hendricks, Kyle",691026,543294,,called_strike,,,,,6,Masyn Winn flies out to right fielder Seiya Suzuki.,R,R,R,CHC,STL,S,,,0,1,2024,0.87,-0.91,0.59,2.35,,,,1,3,Top,,,,,,,5.008420809372276,-109.175567663078,1.1351656714968932,5.994260568223989,19.99539692289773,-39.90115586212153,3.14,1.56,,,,73.9,2976,5.6,746869,665804,683737,663538,666624,621020,664023,643565,673548,54.93,,,,,,,,18,2,Curveball,0,0,0,0,0,0,0,0,Standard,Standard,43,0.0,-0.057,,,,0.057,,0,0,0.525,0.475,34,22,35,22,1,1,8.0,1.0,5.0,1.0,4.98,-0.87,-0.87,41.8,,,,,
CH,2024-06-14,80.1,-2.57,6.1,"Hendricks, Kyle",691026,543294,,called_strike,,,,,9,Masyn Winn flies out to right fielder Seiya Suzuki.,R,R,R,CHC,STL,S,,,0,0,2024,-0.35,1.02,0.45,1.92,,,,1,3,Top,,,,,,,7.224229705613469,-116.48484803499832,-4.42769486888599,-4.474025027841968,20.636755487007843,-22.189367339219885,3.28,1.47,,,,79.2,2079,5.6,746869,665804,683737,663538,666624,621020,664023,643565,673548,54.9,,,,,,,,18,1,Changeup,0,0,0,0,0,0,0,0,Standard,Standard,226,0.0,-0.037,,,,0.037,,0,0,0.525,0.475,34,22,35,22,1,1,8.0,1.0,5.0,1.0,2.52,0.35,0.35,44.8,,,,,
CH,2024-06-14,80.4,-2.52,6.08,"Hendricks, Kyle",686780,543294,field_out,hit_into_play,,,,,9,Pedro Pagés lines out to left fielder Ian Happ.,R,R,R,CHC,STL,X,7.0,line_drive,0,1,2024,-0.61,1.02,0.7,1.89,,,,0,3,Top,88.51,104.44,,,,,8.18637690582428,-116.91227130029336,-4.592332554186161,-7.006003758851447,18.648960965279624,-22.093767499235355,3.18,1.52,254.0,76.8,25.0,79.9,2088,5.6,746869,665804,683737,663538,666624,621020,664023,643565,673548,54.86,0.626,0.574,0.0,1.0,0.0,0.0,4.0,17,2,Changeup,0,0,0,0,0,0,0,0,Standard,Standard,226,0.025,-0.217,70.3,8.0,0.691,0.217,88.0,0,0,0.5,0.5,34,25,35,26,1,0,8.0,1.0,5.0,1.0,2.46,0.61,0.61,45.8,17.912263482971596,-13.484915204885374,31.221871390652773,45.68814328327024,43.80842443217252
SI,2024-06-14,87.6,-2.57,5.98,"Hendricks, Kyle",686780,543294,,called_strike,,,,,6,Pedro Pagés lines out to left fielder Ian Happ.,R,R,R,CHC,STL,S,,,0,0,2024,-1.03,0.67,0.78,2.03,,,,0,3,Top,,,,,,,10.09160246448413,-127.32605280343093,-4.866908440861566,-13.030504772835409,21.11698764799309,-24.064600540169614,3.0,1.34,,,,87.4,1950,5.8,746869,665804,683737,663538,666624,621020,664023,643565,673548,54.71,,,,,,,,17,1,Sinker,0,0,0,0,0,0,0,0,Standard,Standard,212,0.0,-0.037,,,,0.037,,0,0,0.5,0.5,34,25,35,26,1,0,8.0,1.0,5.0,1.0,2.26,1.03,1.03,43.4,,,,,
CU,2024-06-14,74.3,-2.31,6.01,"Hendricks, Kyle",680977,543294,field_out,hit_into_play,,,,,8,"Brendan Donovan grounds out, second baseman Nico Hoerner to first baseman Michael Busch.",R,L,R,CHC,STL,X,4.0,ground_ball,2,2,2024,1.06,-0.96,0.11,1.52,,,666185.0,2,2,Top,155.19,145.32,,,,,3.0637530923404714,-108.2430124523469,-0.2947130377620346,7.748854425013951,19.75066815244058,-39.90049528936698,3.29,1.56,98.0,87.3,6.0,73.1,3053,5.4,746869,665804,683737,663538,666624,621020,664023,643565,673548,55.1,0.477,0.455,0.0,1.0,0.0,0.0,4.0,12,5,Curveball,0,0,0,0,0,0,0,0,Infield shade,Standard,41,0.024,-0.234,68.0,7.6,0.55,0.234,88.0,0,0,0.526,0.474,34,27,35,27,1,0,8.0,1.0,5.0,1.0,5.1,-1.06,1.06,40.0,9.653126343639029,-6.997130584157723,33.59705136206667,35.81957893905924,30.479998465921057
SI,2024-06-14,85.8,-2.13,6.03,"Hendricks, Kyle",680977,543294,,called_strike,,,,,6,"Brendan Donovan grounds out, second baseman Nico Hoerner to first baseman Michael Busch.",R,L,R,CHC,STL,S,,,2,1,2024,-1.27,0.47,0.8,2.6,,,666185.0,2,2,Top,,,,,,,9.340848154497897,-124.7934766115095,-2.8572595428503744,-15.001778105781142,21.674162185528164,-26.85310169163201,3.17,1.46,,,,85.2,2059,5.6,746869,665804,683737,663538,666624,621020,664023,643565,673548,54.89,,,,,,,,12,4,Sinker,0,0,0,0,0,0,0,0,Standard,Standard,214,0.0,-0.072,,,,0.072,,0,0,0.526,0.474,34,27,35,27,1,0,8.0,1.0,5.0,1.0,2.59,1.27,-1.27,41.9,,,,,
CH,2024-06-14,79.7,-2.29,6.05,"Hendricks, Kyle",680977,543294,,ball,,,,,13,"Brendan Donovan grounds out, second baseman Nico Hoerner to first baseman Michael Busch.",R,L,R,CHC,STL,B,,,1,1,2024,-0.98,0.54,-0.81,1.2,,,666185.0,2,2,Top,,,,,,,5.014054815123487,-116.04341782954342,-5.013583242604109,-9.772238001188148,17.125945081142586,-26.60497732004379,3.3,1.53,,,,79.2,2176,5.4,746869,665804,683737,663538,666624,621020,664023,643565,673548,55.09,,,,,,,,12,3,Changeup,0,0,0,0,0,0,0,0,Standard,Standard,229,0.0,0.05,,,,-0.05,,0,0,0.526,0.474,34,27,35,27,1,0,8.0,1.0,5.0,1.0,2.98,0.98,-0.98,41.6,,,,,
FF,2024-06-14,86.8,-2.42,5.94,"Hendricks, Kyle",680977,543294,,called_strike,,,,,1,"Brendan Donovan grounds out, second baseman Nico Hoerner to first baseman Michael Busch.",R,L,R,CHC,STL,S,,,1,0,2024,-0.49,1.45,-0.36,2.96,,,666185.0,2,2,Top,,,,,,,5.822261816865955,-126.27919945039268,-3.839639379314194,-6.426942467023955,25.639358847603592,-16.08845493809699,3.14,1.37,,,,85.5,2210,5.5,746869,665804,683737,663538,666624,621020,664023,643565,673548,55.03,,,,,,,,12,2,4-Seam Fastball,0,0,0,0,0,0,0,0,Standard,Standard,213,0.0,-0.048,,,,0.048,,0,0,0.526,0.474,34,27,35,27,1,0,8.0,1.0,5.0,1.0,1.58,0.49,-0.49,41.1,,,,,
FF,2024-06-14,86.4,-2.39,6.01,"Hendricks, Kyle",680977,543294,,ball,,,,,12,"Brendan Donovan grounds out, second baseman Nico Hoerner to first baseman Michael Busch.",R,L,R,CHC,STL,B,,,0,0,2024,-0.39,1.26,1.21,2.57,,,666185.0,2,2,Top,,,,,,,9.229812008945398,-125.5563171492935,-4.56907515501782,-5.753451931960277,21.736252614737577,-18.063353692230464,3.09,1.5,,,,85.8,2151,5.7,746869,665804,683737,663538,666624,621020,664023,643565,673548,54.82,,,,,,,,12,1,4-Seam Fastball,0,0,0,0,0,0,0,0,Standard,Standard,216,0.0,0.034,,,,-0.034,,0,0,0.526,0.474,34,27,35,27,1,0,8.0,1.0,5.0,1.0,1.77,0.39,-0.39,42.4,,,,,
SI,2024-06-06,89.0,-2.45,5.91,"Hendricks, Kyle",694362,543294,field_out,hit_into_play,,,,,4,Blake Dunn flies out to right fielder Mike Tauchman.,R,R,R,CIN,CHC,X,9.0,fly_ball,2,0,2024,-1.14,0.41,-0.3,2.21,,,,2,8,Bot,205.82,96.17,,,,,7.603309133794557,-129.46629139898138,-3.90472041188811,-14.356443365909373,25.08665567519706,-26.97514381892416,3.3,1.5,321.0,94.4,32.0,88.4,1970,5.8,746707,665804,641355,663538,666624,621020,664023,691718,643565,54.73,0.126,0.213,0.0,1.0,0.0,0.0,3.0,72,3,Sinker,8,4,8,4,4,8,8,4,Standard,Standard,213,-0.001,-0.363,75.9,6.1,0.38,0.363,94.4,4,4,0.988,0.988,34,25,35,26,1,0,4.0,1.0,8.0,1.0,2.45,1.14,1.14,40.1,2.031951780305848,1.2526295445136273,44.17678182972119,33.71652866514391,30.44744444466212
CH,2024-06-06,81.4,-2.32,6.05,"Hendricks, Kyle",694362,543294,,ball,,,,,11,Blake Dunn flies out to right fielder Mike Tauchman.,R,R,R,CIN,CHC,B,,,1,0,2024,-0.49,1.13,-0.07,3.4,,,,2,8,Bot,,,,,,,5.913121443552655,-118.57277156802763,-1.581297805579958,-5.699549382424242,20.80437556987231,-21.367165382045044,3.2,1.47,,,,80.8,2252,5.6,746707,665804,641355,663538,666624,621020,664023,691718,643565,54.9,,,,,,,,72,2,Changeup,8,4,8,4,4,8,8,4,Standard,Standard,226,0.0,0.068,,,,-0.068,,4,4,0.988,0.988,34,25,35,26,1,0,4.0,1.0,8.0,1.0,2.28,0.49,0.49,43.2,,,,,
SI,2024-06-06,88.9,-2.25,5.94,"Hendricks, Kyle",694362,543294,,ball,,,,,14,Blake Dunn flies out to right fielder Mike Tauchman.,R,R,R,CIN,CHC,B,,,0,0,2024,-1.13,0.5,1.19,0.19,,,,2,8,Bot,,,,,,,10.654539471383554,-128.8431843819559,-9.014981092996075,-14.694223852788404,24.330609770869653,-24.88916879637362,3.21,1.45,,,,88.2,2059,5.9,746707,665804,641355,663538,666624,621020,664023,691718,643565,54.65,,,,,,,,72,1,Sinker,8,4,8,4,4,8,8,4,Standard,Standard,213,0.0,0.04,,,,-0.04,,4,4,0.988,0.988,34,25,35,26,1,0,4.0,1.0,8.0,1.0,2.38,1.13,1.13,43.5,,,,,
CH,2024-06-06,82.1,-2.31,6.1,"Hendricks, Kyle",682829,543294,field_out,hit_into_play,,,,,5,Elly De La Cruz flies out to left fielder Ian Happ.,R,L,R,CIN,CHC,X,7.0,fly_ball,1,1,2024,-1.19,0.65,-0.27,2.69,,,,1,8,Bot,86.26,82.76,,,,,6.834499023228387,-119.50227730966832,-2.4713427153470344,-12.72456607047541,21.396760664642663,-25.61748755269783,3.73,1.77,304.0,93.4,43.0,81.3,2273,5.5,746707,665804,641355,663538,666624,621020,664023,691718,643565,54.96,0.009,0.012,0.0,1.0,0.0,0.0,3.0,71,3,Changeup,8,4,8,4,4,8,8,4,Infield shade,Standard,224,0.0,-0.243,79.6,7.3,0.022,0.243,93.4,4,4,0.988,0.988,34,22,35,22,1,4,4.0,1.0,8.0,1.0,2.71,1.19,-1.19,43.4,10.66254485079366,-6.05493896584415,34.352850884274694,40.848641955995774,41.6825528969048
CU,2024-06-06,74.8,-2.42,5.98,"Hendricks, Kyle",682829,543294,,called_strike,,,,,8,Elly De La Cruz flies out to left fielder Ian Happ.,R,L,R,CIN,CHC,S,,,1,0,2024,1.26,-1.02,-0.02,1.97,,,,1,8,Bot,,,,,,,2.695219721470349,-108.86437625441972,0.766373996297423,9.362302100091204,21.460882576031576,-40.59112100589329,3.78,1.69,,,,73.3,3029,5.4,746707,665804,641355,663538,666624,621020,664023,691718,643565,55.09,,,,,,,,71,2,Curveball,8,4,8,4,4,8,8,4,Infield shade,Standard,38,0.0,-0.051,,,,0.051,,4,4,0.988,0.988,34,22,35,22,1,4,4.0,1.0,8.0,1.0,5.13,-1.26,1.26,40.8,,,,,
CU,2024-06-06,75.1,-2.42,6.05,"Hendricks, Kyle",682829,543294,,ball,,,,,11,Elly De La Cruz flies out to left fielder Ian Happ.,R,L,R,CIN,CHC,B,,,0,0,2024,1.25,-0.97,-0.94,2.7,,,,1,8,Bot,,,,,,,0.8501680693606782,-109.33836239328348,1.929453806770516,9.81275159229318,20.887845616049407,-40.52306488371111,3.69,1.69,,,,73.8,3065,5.4,746707,665804,641355,663538,666624,621020,664023,691718,643565,55.05,,,,,,,,71,1,Curveball,8,4,8,4,4,8,8,4,Infield shade,Standard,39,0.0,0.039,,,,-0.039,,4,4,0.988,0.988,34,22,35,22,1,4,4.0,1.0,8.0,1.0,5.04,-1.25,1.25,40.4,,,,,
CH,2024-06-06,82.7,-2.39,6.02,"Hendricks, Kyle",670770,543294,field_out,hit_into_play,,,,,7,TJ Friedl flies out to center fielder Pete Crow-Armstrong.,R,L,R,CIN,CHC,X,8.0,fly_ball,2,2,2024,-1.22,0.45,-0.46,1.98,,,,0,8,Bot,158.9,77.41,,,,,6.694627437016859,-120.38908644653831,-3.6358317787142,-13.084874224368733,21.3354535906522,-27.319559556203867,3.09,1.5,312.0,85.4,35.0,82.1,2307,5.6,746707,665804,641355,663538,666624,621020,664023,691718,643565,54.85,0.02,0.025,0.0,1.0,0.0,0.0,3.0,70,5,Changeup,8,4,8,4,4,8,8,4,Infield shade,Standard,221,-0.001,-0.227,71.4,7.3,0.041,0.227,88.0,4,4,0.989,0.989,34,28,35,29,1,4,4.0,1.0,8.0,1.0,2.86,1.22,-1.22,43.1,9.385068514002697,-12.286435658948765,26.774460240309747,41.02444694753277,47.4518162431332
CU,2024-06-06,75.1,-2.41,5.97,"Hendricks, Kyle",670770,543294,,ball,,,,,13,TJ Friedl flies out to center fielder Pete Crow-Armstrong.,R,L,R,CIN,CHC,B,,,1,2,2024,1.17,-0.91,-0.22,1.22,,,,0,8,Bot,,,,,,,2.437108048861448,-109.36601443804004,-1.0409245486203045,8.840147390795657,20.69334040809263,-39.44757897607285,3.09,1.39,,,,74.0,2985,5.6,746707,665804,641355,663538,666624,621020,664023,691718,643565,54.92,,,,,,,,70,4,Curveball,8,4,8,4,4,8,8,4,Standard,Standard,39,0.0,0.04,,,,-0.04,,4,4,0.989,0.989,34,28,35,29,1,4,4.0,1.0,8.0,1.0,4.97,-1.17,1.17,42.3,,,,,
FF,2024-06-06,89.0,-2.44,5.94,"Hendricks, Kyle",670770,543294,,ball,,,,,12,TJ Friedl flies out to center fielder Pete Crow-Armstrong.,R,L,R,CIN,CHC,B,,,0,2,2024,-0.57,1.18,1.27,3.72,,,,0,8,Bot,,,,,,,10.195295922033525,-129.3986031504146,-1.9035057619994815,-8.403331994915117,23.97590001060891,-18.651517868480116,3.15,1.45,,,,88.4,2193,5.7,746707,665804,641355,663538,666624,621020,664023,691718,643565,54.77,,,,,,,,70,3,4-Seam Fastball,8,4,8,4,4,8,8,4,Standard,Standard,215,0.0,0.023,,,,-0.023,,4,4,0.989,0.989,34,28,35,29,1,4,4.0,1.0,8.0,1.0,1.68,0.57,-0.57,40.7,,,,,
CH,2024-06-06,81.3,-2.38,6.02,"Hendricks, Kyle",670770,543294,,foul,,,,,11,TJ Friedl flies out to center fielder Pete Crow-Armstrong.,R,L,R,CIN,CHC,S,,,0,1,2024,-1.23,0.47,-0.84,2.47,,,,0,8,Bot,,,,,,,5.737534502960707,-118.41303986889751,-2.284421278206798,-12.612471955014817,20.904377362646837,-27.55244533746871,3.09,1.5,206.0,73.3,50.0,80.7,2244,5.6,746707,665804,641355,663538,666624,621020,664023,691718,643565,54.87,,,,,,,,70,2,Changeup,8,4,8,4,4,8,8,4,Standard,Standard,227,0.0,-0.054,74.2,6.1,,0.054,88.0,4,4,0.989,0.989,34,28,35,29,1,4,4.0,1.0,8.0,1.0,2.95,1.23,-1.23,42.6,-10.880273097374426,15.505850821721804,28.385770567771036,44.92693936628669,32.43716343249005
SI,2024-06-06,86.8,-2.4,5.99,"Hendricks, Kyle",670770,543294,,foul,,,,,2,TJ Friedl flies out to center fielder Pete Crow-Armstrong.,R,L,R,CIN,CHC,S,,,0,0,2024,-1.15,0.63,-0.22,2.97,,,,0,8,Bot,,,,,,,7.458243873294512,-126.21366200992664,-2.3352600710345754,-13.723456311216484,23.85961783721908,-25.172682414495256,3.09,1.5,100.0,70.3,14.0,86.1,2016,5.7,746707,665804,641355,663538,666624,621020,664023,691718,643565,54.76,,,,,,,,70,1,Sinker,8,4,8,4,4,8,8,4,Standard,Standard,210,0.0,-0.037,64.2,5.7,,0.037,88.0,4,4,0.989,0.989,34,28,35,29,1,4,4.0,1.0,8.0,1.0,2.38,1.15,-1.15,42.3,-4.684622717035289,17.936039895603663,27.561346061034698,37.45535531901957,29.136536286207964
CU,2024-06-06,75.1,-2.47,6.02,"Hendricks, Kyle",670770,543294,truncated_pa,ball,,,,,14,"Jonathan India out at home, catcher Miguel Amaya to pitcher Kyle Hendricks.",R,L,R,CIN,CHC,B,2.0,,2,2,2024,1.09,-1.19,1.22,0.52,663697.0,666181.0,,2,7,Bot,,,,,,,5.638731174513004,-109.2460965528478,-2.046820767266122,7.534639847239165,21.3092937685904,-41.47478666982089,2.94,1.37,,,,73.8,3063,5.6,746707,665804,641355,663538,666624,621020,664023,691718,643565,54.93,,,0.0,0.0,0.0,0.0,,66,5,Curveball,8,4,8,4,4,8,8,4,Standard,Standard,38,-0.006,-0.239,,,,0.239,,4,4,0.974,0.974,34,28,35,29,1,4,4.0,1.0,8.0,1.0,5.27,-1.09,1.09,43.2,,,,,
CH,2024-06-06,81.2,-2.49,6.06,"Hendricks, Kyle",670770,543294,,swinging_strike,,,,,8,"Jonathan India out at home, catcher Miguel Amaya to pitcher Kyle Hendricks.",R,L,R,CIN,CHC,S,,,2,1,2024,-1.35,0.41,0.06,1.73,663697.0,,666181.0,2,7,Bot,,,,,,,8.161062527417977,-117.96458805637847,-3.806233210958525,-14.142422781083935,22.07873067136918,-27.840011699605228,3.09,1.5,,,,80.1,2158,5.6,746707,665804,641355,663538,666624,621020,664023,691718,643565,54.93,,,,,,,,66,4,Changeup,8,4,8,4,4,8,8,4,Standard,Standard,229,0.0,-0.057,73.0,7.9,,0.057,,4,4,0.974,0.974,34,28,35,29,1,4,4.0,1.0,8.0,1.0,3.06,1.35,-1.35,42.5,23.521021245072877,-36.91028855356805,29.534579396952445,34.388646891003845,60.29731030932979
SI,2024-06-06,87.3,-2.41,5.99,"Hendricks, Kyle",670770,543294,,ball,,,,,14,"Jonathan India out at home, catcher Miguel Amaya to pitcher Kyle Hendricks.",R,L,R,CIN,CHC,B,,,1,1,2024,-1.15,0.54,1.13,1.91,663697.0,,666181.0,2,7,Bot,,,,,,,10.724237602514773,-126.6278836482686,-4.708762837014671,-14.548271954026108,24.557281028663777,-25.535439252976044,3.08,1.51,,,,86.3,2061,5.7,746707,665804,641355,663538,666624,621020,664023,691718,643565,54.81,,,,,,,,66,3,Sinker,8,4,8,4,4,8,8,4,Standard,Standard,216,0.0,0.024,,,,-0.024,,4,4,0.974,0.974,34,28,35,29,1,4,4.0,1.0,8.0,1.0,2.45,1.15,-1.15,41.0,,,,,
CU,2024-06-06,72.3,-2.48,6.06,"Hendricks, Kyle",670770,543294,,called_strike,,,,,1,"Jonathan India out at home, catcher Miguel Amaya to pitcher Kyle Hendricks.",R,L,R,CIN,CHC,S,,,1,0,2024,1.0,-1.14,-0.82,2.93,663697.0,,666181.0,2,7,Bot,,,,,,,1.566693721845496,-105.1254085229488,3.1290139735519533,7.093853474976051,19.50422553646764,-41.393008049899976,3.02,1.33,,,,70.9,3020,5.4,746707,665804,641355,663538,666624,621020,664023,691718,643565,55.07,,,,,,,,66,2,Curveball,8,4,8,4,4,8,8,4,Standard,Standard,43,0.0,-0.045,,,,0.045,,4,4,0.974,0.974,34,28,35,29,1,4,4.0,1.0,8.0,1.0,5.54,-1.0,1.0,41.9,,,,,
FF,2024-06-06,87.1,-2.66,6.0,"Hendricks, Kyle",670770,543294,,ball,,,,,11,"Jonathan India out at home, catcher Miguel Amaya to pitcher Kyle Hendricks.",R,L,R,CIN,CHC,B,,,0,0,2024,-0.67,1.17,-1.21,3.31,663697.0,,666181.0,2,7,Bot,,,,,,,4.790751825006162,-126.7916166512112,-2.737905258313217,-8.143499265988579,23.99589200913133,-19.122517626947594,3.07,1.35,,,,86.5,2079,5.7,746707,665804,641355,663538,666624,621020,664023,691718,643565,54.79,,,,,,,,66,1,4-Seam Fastball,8,4,8,4,4,8,8,4,Standard,Standard,213,0.0,0.03,,,,-0.03,,4,4,0.974,0.974,34,28,35,29,1,4,4.0,1.0,8.0,1.0,1.81,0.67,-0.67,41.6,,,,,
CH,2024-06-06,80.8,-2.59,6.13,"Hendricks, Kyle",666181,543294,single,hit_into_play,,,,,5,Will Benson singles on a line drive to right fielder Mike Tauchman.   Tyler Stephenson scores.    Jacob Hurtubise scores.    Jonathan India to 3rd.,R,L,R,CIN,CHC,X,9.0,line_drive,0,0,2024,-1.3,0.67,0.11,2.72,663886.0,674441.0,663697.0,2,7,Bot,173.56,120.13,,,,,8.368510860706984,-117.49473397551972,-2.241028629300553,-13.59093494408032,20.327456276361907,-25.74010156785278,3.67,1.77,187.0,80.7,17.0,80.0,2299,5.6,746707,665804,641355,663538,666624,621020,664023,691718,643565,54.88,0.994,0.947,0.9,1.0,1.0,0.0,4.0,65,1,Changeup,6,4,6,4,4,8,8,4,Standard,Standard,229,0.073,0.522,76.3,8.2,1.146,-0.522,88.0,2,2,0.901,0.901,34,26,35,26,1,3,4.0,1.0,8.0,2.0,2.8,1.3,-1.3,41.8,24.62068154378893,-19.61110951924472,35.36839794830242,35.96494575005924,38.84430706894588
FF,2024-06-02,88.6,-2.61,5.9,"Hendricks, Kyle",682829,543294,strikeout,swinging_strike,,,,,2,Elly De La Cruz strikes out swinging.,R,L,R,CHC,CIN,S,2.0,,0,2,2024,-0.59,1.34,-0.18,3.76,,674441.0,666181.0,2,9,Top,,,,,,,7.070774376620407,-128.9410812048343,-1.966212110383057,-7.996409329737373,25.59090147186629,-16.961637933032737,3.68,1.76,,,,87.8,2178,5.7,746871,665804,641355,663538,623520,621020,664023,643565,673548,54.85,,0.0,0.0,1.0,0.0,0.0,,72,4,4-Seam Fastball,2,5,5,2,5,2,5,2,Standard,Standard,215,0.006,-0.186,67.5,5.7,,0.186,,-3,3,0.032,0.968,34,22,35,22,2,4,4.0,1.0,4.0,1.0,1.55,0.59,-0.59,41.3,-2.4853334901739985,28.732635397206558,32.44802347266767,38.603337989034245,17.348248781711902
CH,2024-06-02,81.6,-2.52,5.98,"Hendricks, Kyle",682829,543294,,foul,,,,,7,Elly De La Cruz strikes out swinging.,R,L,R,CHC,CIN,S,,,0,2,2024,-1.39,0.9,-0.59,1.81,,674441.0,666181.0,2,9,Top,,,,,,,6.896975531962632,-118.65569304129644,-4.511513922727194,-14.428894794458047,21.516478704249177,-22.94467977155348,3.68,1.76,293.0,88.0,34.0,80.6,2243,5.5,746871,665804,641355,663538,623520,621020,664023,643565,673548,54.96,,,,,,,,72,3,Changeup,2,5,5,2,5,2,5,2,Standard,Standard,220,0.0,0.0,70.9,7.3,,0.0,88.0,-3,3,0.032,0.968,34,22,35,22,2,4,4.0,1.0,4.0,1.0,2.51,1.39,-1.39,44.2,0.4085117979342301,10.374286994694918,37.48021539364426,43.414105553401214,33.211894919269575
CH,2024-06-02,81.4,-2.52,5.91,"Hendricks, Kyle",682829,543294,,swinging_strike,,,,,13,Elly De La Cruz strikes out swinging.,R,L,R,CHC,CIN,S,,,0,1,2024,-1.49,0.59,-0.55,1.24,,674441.0,666181.0,2,9,Top,,,,,,,7.149691969775482,-118.33235081933104,-5.0033836743344455,-15.318210842142044,20.825702188436416,-25.83307699525686,3.68,1.76,,,,80.5,2199,5.5,746871,665804,641355,663538,623520,621020,664023,643565,673548,54.96,,,,,,,,72,2,Changeup,2,5,5,2,5,2,5,2,Standard,Standard,225,0.0,-0.046,75.7,8.6,,0.046,,-3,3,0.032,0.968,34,22,35,22,2,4,4.0,1.0,4.0,1.0,2.83,1.49,-1.49,40.5,26.137984418861727,-22.66255266033098,39.4556882987072,45.31321383598646,56.516191695461046
CU,2024-06-02,74.7,-2.64,5.88,"Hendricks, Kyle",682829,543294,,called_strike,,,,,8,Elly De La Cruz strikes out swinging.,R,L,R,CHC,CIN,S,,,0,0,2024,1.19,-0.94,0.11,2.06,,674441.0,666181.0,2,9,Top,,,,,,,3.523560074200468,-108.678768022782,1.0393052972489645,8.63837739447545,21.34078441217307,-40.03603021408921,3.65,1.72,,,,73.3,3069,5.5,746871,665804,641355,663538,623520,621020,664023,643565,673548,54.97,,,,,,,,72,1,Curveball,2,5,5,2,5,2,5,2,Standard,Standard,45,0.0,-0.048,,,,0.048,,-3,3,0.032,0.968,34,22,35,22,2,4,4.0,1.0,4.0,1.0,5.07,-1.19,1.19,40.4,,,,,
CU,2024-06-02,75.3,-2.64,5.92,"Hendricks, Kyle",670770,543294,strikeout,called_strike,,,,,6,TJ Friedl called out on strikes.,R,L,R,CHC,CIN,S,2.0,,1,2,2024,1.2,-0.98,0.62,2.14,,674441.0,666181.0,1,9,Top,,,,,,,4.573649228723458,-109.41959680327972,1.1322590715238212,8.56297974462358,22.32269180074108,-40.4709223753425,2.89,1.36,,,,73.8,3063,5.6,746871,665804,641355,663538,623520,621020,664023,643565,673548,54.94,,0.0,0.0,1.0,0.0,0.0,,71,4,Curveball,2,5,5,2,5,2,5,2,Standard,Standard,46,0.006,-0.177,,,,0.177,,-3,3,0.026,0.974,34,28,35,29,2,4,4.0,1.0,4.0,1.0,5.07,-1.2,1.2,42.0,,,,,
FF,2024-06-02,88.5,-2.76,5.8,"Hendricks, Kyle",670770,543294,,foul,,,,,11,TJ Friedl called out on strikes.,R,L,R,CHC,CIN,S,,,1,1,2024,-0.79,1.21,-1.06,2.8,,674441.0,666181.0,1,9,Top,,,,,,,5.695500177245025,-128.73158682005442,-3.717806395745836,-10.00979589743454,26.474118650687966,-18.169407975870712,3.08,1.5,202.0,67.0,32.0,87.3,2233,5.5,746871,665804,641355,663538,623520,621020,664023,643565,673548,54.95,,,,,,,,71,3,4-Seam Fastball,2,5,5,2,5,2,5,2,Standard,Standard,218,0.0,-0.04,66.5,6.3,,0.04,88.0,-3,3,0.026,0.974,34,28,35,29,2,4,4.0,1.0,4.0,1.0,1.7,0.79,-0.79,38.8,-0.0668080810185089,7.951046049278509,25.64023828189927,47.63434399604476,31.182968262743856
CH,2024-06-02,81.5,-2.6,5.92,"Hendricks, Kyle",670770,543294,,foul_bunt,,,,,5,TJ Friedl called out on strikes.,R,L,R,CHC,CIN,S,,,1,0,2024,-1.3,0.51,0.04,2.06,,674441.0,666181.0,1,9,Top,,,,,,,8.264735595600062,-118.43527021322896,-3.0439619680968475,-13.74446183271583,21.604972701549205,-26.982935542166125,3.08,1.5,1.0,,,80.4,2223,5.5,746871,665804,641355,663538,623520,621020,664023,643565,673548,54.97,,,,,,,,71,2,Changeup,2,5,5,2,5,2,5,2,Standard,Standard,229,0.0,-0.054,2.3,1.6,,0.054,88.0,-3,3,0.026,0.974,34,28,35,29,2,4,4.0,1.0,4.0,1.0,2.92,1.3,-1.3,41.8,55.26992401347812,-165.3822837389282,40.230849889186885,33.95587320309576,35.80656496579077
SI,2024-06-02,88.2,-2.53,5.92,"Hendricks, Kyle",670770,543294,,ball,,,,,11,TJ Friedl called out on strikes.,R,L,R,CHC,CIN,B,,,0,0,2024,-1.44,0.61,-1.28,3.06,,674441.0,666181.0,1,9,Top,,,,,,,5.943417586237625,-128.3018134179908,-2.1000179571270072,-17.16909358899919,27.384184866916872,-25.251502245573555,3.08,1.53,,,,87.1,2000,5.7,746871,665804,641355,663538,623520,621020,664023,643565,673548,54.83,,,,,,,,71,1,Sinker,2,5,5,2,5,2,5,2,Standard,Standard,214,0.0,0.03,,,,-0.03,,-3,3,0.026,0.974,34,28,35,29,2,4,4.0,1.0,4.0,1.0,2.33,1.44,-1.44,42.2,,,,,
CH,2024-06-02,81.4,-2.62,5.93,"Hendricks, Kyle",666181,543294,walk,ball,,,,,14,Will Benson walks.   Jacob Hurtubise to 2nd.,R,L,R,CHC,CIN,B,,,3,2,2024,-1.38,0.59,0.64,1.41,,,674441.0,1,9,Top,,,,,,,9.81795237578309,-118.18533780534686,-4.631825589551755,-14.770515694237044,21.52338207188624,-25.908387530013243,3.58,1.75,,,,80.4,2191,5.6,746871,665804,641355,663538,623520,621020,664023,643565,673548,54.9,,0.689131,0.7,1.0,0.0,0.0,,70,6,Changeup,2,5,5,2,5,2,5,2,Standard,Standard,230,-0.005,0.259,,,,-0.259,,-3,3,0.031,0.969,34,26,35,26,2,3,4.0,1.0,4.0,1.0,2.85,1.38,-1.38,39.5,,,,,
SI,2024-06-02,87.3,-2.52,5.92,"Hendricks, Kyle",666181,543294,,called_strike,,,,,6,Will Benson walks.   Jacob Hurtubise to 2nd.,R,L,R,CHC,CIN,S,,,3,1,2024,-1.39,0.61,0.41,2.89,,,674441.0,1,9,Top,,,,,,,9.739989303331246,-126.78239675151823,-2.3596248228114667,-16.909614530566333,24.954674469616357,-25.294399780082973,3.63,1.76,,,,86.2,1948,5.6,746871,665804,641355,663538,623520,621020,664023,643565,673548,54.91,,,,,,,,70,5,Sinker,2,5,5,2,5,2,5,2,Standard,Standard,216,0.0,-0.092,,,,0.092,,-3,3,0.031,0.969,34,26,35,26,2,3,4.0,1.0,4.0,1.0,2.38,1.39,-1.39,40.9,,,,,
FF,2024-06-02,87.1,-2.68,5.8,"Hendricks, Kyle",666181,543294,,ball,,,,,11,Will Benson walks.   Jacob Hurtubise to 2nd.,R,L,R,CHC,CIN,B,,,2,1,2024,-0.7,1.28,-1.18,3.46,,,674441.0,1,9,Top,,,,,,,4.965925851436298,-126.8717759741437,-2.098075782899921,-8.51818783517579,25.08110569506253,-18.097302148718807,3.7,1.77,,,,86.3,2012,5.6,746871,665804,641355,663538,623520,621020,664023,643565,673548,54.88,,,,,,,,70,4,4-Seam Fastball,2,5,5,2,5,2,5,2,Standard,Standard,217,0.0,0.112,,,,-0.112,,-3,3,0.031,0.969,34,26,35,26,2,3,4.0,1.0,4.0,1.0,1.71,0.7,-0.7,40.3,,,,,
SI,2024-06-02,86.7,-2.54,5.89,"Hendricks, Kyle",666181,543294,,swinging_strike,,,,,7,Will Benson walks.   Jacob Hurtubise to 2nd.,R,L,R,CHC,CIN,S,,,2,0,2024,-1.3,0.65,-0.39,2.24,,,674441.0,1,9,Top,,,,,,,7.67190509177078,-126.026470090642,-3.8308419990761977,-15.342380894481565,24.373936262738265,-24.69051322810069,3.58,1.76,,,,85.7,1995,5.6,746871,665804,641355,663538,623520,621020,664023,643565,673548,54.94,,,,,,,,70,3,Sinker,2,5,5,2,5,2,5,2,Standard,Standard,214,0.0,-0.057,77.0,7.9,,0.057,,-3,3,0.031,0.969,34,26,35,26,2,3,4.0,1.0,4.0,1.0,2.38,1.3,-1.3,41.9,15.421299225789284,-4.031405321367226,31.845789351750746,45.10261265036698,26.01558647257328
FF,2024-06-02,87.3,-2.66,5.89,"Hendricks, Kyle",666181,543294,,ball,,,,,11,Will Benson walks.   Jacob Hurtubise to 2nd.,R,L,R,CHC,CIN,B,,,1,0,2024,-0.77,1.32,-0.98,3.6,,,674441.0,1,9,Top,,,,,,,5.546962328895869,-126.99409472425644,-2.062565428593428,-9.422954299214323,26.16341654194461,-17.66782322926465,3.76,1.88,,,,86.2,2073,5.6,746871,665804,641355,663538,623520,621020,664023,643565,673548,54.87,,,,,,,,70,2,4-Seam Fastball,2,5,5,2,5,2,5,2,Standard,Standard,214,0.0,0.056,,,,-0.056,,-3,3,0.031,0.969,34,26,35,26,2,3,4.0,1.0,4.0,1.0,1.67,0.77,-0.77,39.2,,,,,
FF,2024-06-02,87.1,-2.71,5.85,"Hendricks, Kyle",666181,543294,,ball,,,,,1,Will Benson walks.   Jacob Hurtubise to 2nd.,R,L,R,CHC,CIN,B,,,0,0,2024,-0.57,1.2,-0.57,3.82,,,674441.0,1,9,Top,,,,,,,6.219523939068199,-126.74975502645972,-1.1957325303559467,-7.341892072789725,25.08412792289725,-19.122977502129803,3.78,1.83,,,,86.0,2125,5.5,746871,665804,641355,663538,623520,621020,664023,643565,673548,54.99,,,,,,,,70,1,4-Seam Fastball,2,5,5,2,5,2,5,2,Standard,Standard,218,0.0,0.036,,,,-0.036,,-3,3,0.031,0.969,34,26,35,26,2,3,4.0,1.0,4.0,1.0,1.79,0.57,-0.57,40.0,,,,,
SI,2024-06-02,87.5,-2.68,5.93,"Hendricks, Kyle",663697,543294,field_out,hit_into_play,,,,,4,Jonathan India lines out to second baseman Nico Hoerner.,R,R,R,CHC,CIN,X,4.0,line_drive,0,0,2024,-1.21,0.41,-0.7,2.74,,,674441.0,0,9,Top,143.69,135.26,,,,,7.1712283274572695,-127.30313984648257,-2.409983332753005,-14.653025623878415,24.36497977436803,-27.43988028977173,3.33,1.59,171.0,63.6,22.0,86.6,2002,5.6,746871,665804,641355,663538,623520,621020,664023,643565,673548,54.95,0.606,0.545,0.0,1.0,0.0,0.0,4.0,69,1,Sinker,2,5,5,2,5,2,5,2,Standard,Standard,215,0.005,-0.246,67.4,6.2,0.621,0.246,88.0,-3,3,0.026,0.974,34,27,35,28,2,3,4.0,1.0,4.0,1.0,2.55,1.21,1.21,39.1,-2.23045448976432,15.068208184660472,32.34552565235329,29.62505450398862,24.073447020600817
SI,2024-06-02,87.2,-2.81,5.89,"Hendricks, Kyle",674441,543294,single,hit_into_play,,,,,2,Jacob Hurtubise singles on a line drive to right fielder Seiya Suzuki.,R,L,R,CHC,CIN,X,9.0,line_drive,2,1,2024,-1.11,0.29,-0.03,2.88,,,,0,9,Top,188.45,101.11,,,,,8.85306766818393,-126.84803484020227,-1.753800224653548,-13.620793269032385,22.23676525974703,-28.827138576463224,3.27,1.57,228.0,96.5,12.0,86.8,1933,5.7,746871,665804,641355,663538,623520,621020,664023,643565,673548,54.76,0.929,0.89,0.9,1.0,1.0,0.0,4.0,68,4,Sinker,2,5,5,2,5,2,5,2,Standard,Standard,218,-0.005,0.407,66.2,6.6,1.11,-0.407,96.5,-3,3,0.031,0.969,34,26,35,27,1,3,4.0,1.0,4.0,1.0,2.67,1.11,-1.11,42.7,11.126714222699572,-7.82418740597223,25.53667306481604,34.733560773523166,31.4807121578785
FF,2024-06-02,87.5,-2.94,5.87,"Hendricks, Kyle",674441,543294,,called_strike,,,,,4,Jacob Hurtubise singles on a line drive to right fielder Seiya Suzuki.,R,L,R,CHC,CIN,S,,,2,0,2024,-0.53,1.26,-0.78,2.54,,,,0,9,Top,,,,,,,6.226792396338961,-127.39505899745676,-4.540192808554284,-6.949738132271487,22.80180353622325,-17.68688749922819,3.14,1.49,,,,87.0,2076,5.7,746871,665804,641355,663538,623520,621020,664023,643565,673548,54.84,,,,,,,,68,3,4-Seam Fastball,2,5,5,2,5,2,5,2,Standard,Standard,217,0.0,-0.065,,,,0.065,,-3,3,0.031,0.969,34,26,35,27,1,3,4.0,1.0,4.0,1.0,1.68,0.53,-0.53,42.0,,,,,
CH,2024-06-02,80.6,-2.74,5.91,"Hendricks, Kyle",674441,543294,,ball,,,,,14,Jacob Hurtubise singles on a line drive to right fielder Seiya Suzuki.,R,L,R,CHC,CIN,B,,,1,0,2024,-1.53,0.53,0.35,0.53,,,,0,9,Top,,,,,,,9.631611932488394,-116.99378663755492,-6.274859920571607,-15.800354672860095,19.8680722797452,-26.288081265854924,3.14,1.49,,,,79.9,2127,5.7,746871,665804,641355,663538,623520,621020,664023,643565,673548,54.79,,,,,,,,68,2,Changeup,2,5,5,2,5,2,5,2,Standard,Standard,231,0.0,0.069,,,,-0.069,,-3,3,0.031,0.969,34,26,35,27,1,3,4.0,1.0,4.0,1.0,2.96,1.53,-1.53,41.0,,,,,
SI,2024-06-02,86.9,-2.8,6.0,"Hendricks, Kyle",674441,543294,,ball,,,,,11,Jacob Hurtubise singles on a line drive to right fielder Seiya Suzuki.,R,L,R,CHC,CIN,B,,,0,0,2024,-1.32,0.33,-1.41,3.22,,,,0,9,Top,,,,,,,5.969107312129013,-126.53577055049988,-1.21473036797584,-15.42923123337304,23.134565863507166,-28.534106334432824,3.23,1.57,,,,86.2,1999,5.6,746871,665804,641355,663538,623520,621020,664023,643565,673548,54.94,,,,,,,,68,1,Sinker,2,5,5,2,5,2,5,2,Standard,Standard,213,0.0,0.038,,,,-0.038,,-3,3,0.031,0.969,34,26,35,27,1,3,4.0,1.0,4.0,1.0,2.66,1.32,-1.32,42.1,,,,,
SI,2024-06-02,87.5,-2.46,5.85,"Hendricks, Kyle",663886,543294,grounded_into_double_play,hit_into_play,,,,,4,"Tyler Stephenson grounds into a double play, shortstop Dansby Swanson to second baseman Nico Hoerner to first baseman Patrick Wisdom.   Jake Fraley out at 2nd.    Tyler Stephenson out at 1st.",R,R,R,CHC,CIN,X,6.0,ground_ball,0,0,2024,-1.21,0.6,-0.49,2.46,668715.0,,641584.0,1,8,Top,115.01,152.09,,,,,7.1574898562384845,-127.24736460950068,-3.277068237606266,-14.597067111295267,23.938466526895905,-25.20414093558974,3.32,1.56,2.0,93.5,-44.0,86.9,1990,5.7,746871,665804,621550,663538,623520,621020,664023,641355,673548,54.76,0.091,0.075,0.0,1.0,0.0,0.0,2.0,64,1,Sinker,2,5,5,2,5,2,5,2,Standard,Standard,220,0.032,-0.338,68.2,6.5,0.109,0.338,93.5,-3,3,0.047,0.953,34,27,35,28,1,3,4.0,1.0,4.0,1.0,2.36,1.21,1.21,40.3,-7.227957717116329,19.17962115772727,36.3236476936051,36.46654382904944,17.738488781884573
CH,2024-06-02,80.3,-2.53,6.01,"Hendricks, Kyle",641584,543294,single,hit_into_play,,,,,1,Jake Fraley singles on a ground ball to center fielder Cody Bellinger.   Spencer Steer to 3rd.,R,L,R,CHC,CIN,X,8.0,ground_ball,0,1,2024,-1.53,0.47,-0.45,2.96,,,668715.0,1,8,Top,147.96,110.52,,,,,7.35958656007949,-116.76809879734218,-0.9547435412100614,-15.351086398185974,21.767942822400038,-27.8623972630638,3.33,1.58,54.0,90.2,1.0,79.2,2151,5.5,746871,665804,621550,663538,623520,621020,664023,641355,673548,54.98,0.351,0.327,0.9,1.0,1.0,0.0,2.0,63,2,Changeup,2,5,5,2,5,2,5,2,Standard,Standard,228,-0.018,0.446,71.5,6.4,0.425,-0.446,90.2,-3,3,0.065,0.935,34,29,35,29,1,3,4.0,2.0,4.0,1.0,3.06,1.53,-1.53,41.5,-0.6059207088189288,5.950328547764984,31.832488897117063,41.609421290326594,22.765037188435755
CH,2024-06-02,80.5,-2.66,5.95,"Hendricks, Kyle",641584,543294,,foul,,,,,8,Jake Fraley singles on a ground ball to center fielder Cody Bellinger.   Spencer Steer to 3rd.,R,L,R,CHC,CIN,S,,,0,0,2024,-1.2,0.28,-0.07,1.61,,,668715.0,1,8,Top,,,,,,,7.891480651692788,-116.97737632555778,-3.4945663833542517,-12.432651170839003,20.37040938047132,-29.171267201944342,3.33,1.58,4.0,68.1,-22.0,79.7,2182,5.6,746871,665804,621550,663538,623520,621020,664023,641355,673548,54.86,,,,,,,,63,1,Changeup,2,5,5,2,5,2,5,2,Standard,Standard,234,0.0,-0.04,72.3,7.9,,0.04,88.0,-3,3,0.065,0.935,34,29,35,29,1,3,4.0,2.0,4.0,1.0,3.23,1.2,-1.2,41.6,21.37697116018141,-19.31731539354668,37.51512116820918,40.20780018806608,41.35896146253742
SI,2024-06-02,87.8,-2.67,5.92,"Hendricks, Kyle",668715,543294,single,hit_into_play,,,,,13,Spencer Steer singles on a soft ground ball to third baseman David Bote.,R,R,R,CHC,CIN,X,5.0,ground_ball,0,0,2024,-1.23,0.72,-1.39,2.4,,,,1,8,Top,118.56,182.0,,,,,5.566922763182254,-127.80343791299724,-3.9045019910788783,-14.623366706217569,24.57951473485833,-23.71884980535076,3.28,1.58,3.0,43.8,-35.0,87.0,2033,5.6,746871,665804,621550,663538,623520,621020,664023,641355,673548,54.9,0.234,0.231,0.9,1.0,1.0,0.0,1.0,62,1,Sinker,2,5,5,2,5,2,5,2,Standard,Standard,214,-0.007,0.422,64.8,6.4,0.243,-0.422,88.0,-3,3,0.072,0.928,34,26,35,27,1,3,4.0,1.0,4.0,1.0,2.22,1.23,1.23,42.0,-5.3616414234450405,2.351560381797126,39.85717540090115,18.94971994287853,25.536825996219463
SI,2024-06-02,86.9,-2.64,5.93,"Hendricks, Kyle",600869,543294,field_out,hit_into_play,,,,,14,"Jeimer Candelario grounds out, second baseman Nico Hoerner to first baseman Patrick Wisdom.",R,L,R,CHC,CIN,X,4.0,ground_ball,1,1,2024,-1.29,0.67,0.91,2.03,,,,0,8,Top,141.88,156.14,,,,,10.930789632239923,-126.10745271928548,-4.512396272088623,-15.817191601276422,22.92579560132777,-24.29009609831774,3.4,1.68,9.0,74.7,-12.0,85.8,2005,5.5,746871,665804,621550,663538,623520,621020,664023,641355,673548,54.99,0.054,0.051,0.0,1.0,0.0,0.0,2.0,61,3,Sinker,2,5,5,2,5,2,5,2,Standard,Standard,214,0.007,-0.243,67.5,6.7,0.062,0.243,88.0,-3,3,0.065,0.935,34,30,35,31,1,3,4.0,1.0,4.0,1.0,2.34,1.29,-1.29,41.8,-6.040531495348144,11.818913652872531,46.456615470298495,27.7434097611362,17.06690669492114
CU,2024-06-02,73.2,-2.76,6.0,"Hendricks, Kyle",600869,543294,,called_strike,,,,,5,"Jeimer Candelario grounds out, second baseman Nico Hoerner to first baseman Patrick Wisdom.",R,L,R,CHC,CIN,S,,,1,0,2024,1.17,-0.84,0.1,2.18,,,,0,8,Top,,,,,,,3.696194096915327,-106.50183934031963,1.080368799612662,8.181913437291762,19.51193144575373,-38.95142770870783,3.29,1.58,,,,71.9,2850,5.5,746871,665804,621550,663538,623520,621020,664023,641355,673548,55.02,,,,,,,,61,2,Curveball,2,5,5,2,5,2,5,2,Standard,Standard,39,0.0,-0.049,,,,0.049,,-3,3,0.065,0.935,34,30,35,31,1,3,4.0,1.0,4.0,1.0,5.12,-1.17,1.17,44.0,,,,,
CU,2024-06-02,72.8,-2.69,6.03,"Hendricks, Kyle",600869,543294,,ball,,,,,11,"Jeimer Candelario grounds out, second baseman Nico Hoerner to first baseman Patrick Wisdom.",R,L,R,CHC,CIN,B,,,0,0,2024,1.14,-0.95,-0.87,2.96,,,,0,8,Top,,,,,,,1.688860009124867,-105.8802269520418,2.868045377603626,8.167772624933313,20.089940286238924,-40.04469934352983,3.26,1.52,,,,71.3,2919,5.4,746871,665804,621550,663538,623520,621020,664023,641355,673548,55.07,,,,,,,,61,1,Curveball,2,5,5,2,5,2,5,2,Standard,Standard,43,0.0,0.038,,,,-0.038,,-3,3,0.065,0.935,34,30,35,31,1,3,4.0,1.0,4.0,1.0,5.29,-1.14,1.14,43.6,,,,,
CH,2024-06-02,81.3,-2.52,5.96,"Hendricks, Kyle",682829,543294,field_out,hit_into_play,,,,,7,Elly De La Cruz flies out to left fielder Ian Happ.,R,L,R,CHC,CIN,X,7.0,fly_ball,0,1,2024,-1.01,0.16,-0.64,1.88,,666181.0,,2,7,Top,51.5,124.51,,,,,6.027141329035073,-118.27207699121443,-2.846090914737129,-10.59050388728568,21.130335663393147,-30.36527756534884,3.68,1.76,260.0,83.6,33.0,80.3,2090,5.5,746871,665804,621550,663538,623520,621020,664023,641355,673548,55.05,0.014,0.013,0.0,1.0,0.0,0.0,3.0,56,2,Changeup,2,5,5,2,5,2,5,2,Standard,Standard,228,0.015,-0.261,73.8,7.9,0.021,0.261,88.0,-3,3,0.103,0.897,34,22,35,22,1,3,4.0,1.0,4.0,1.0,3.27,1.01,-1.01,41.7,9.445688270668516,5.232383927897278,38.64078356746427,46.95333745704103,35.48784281865191
SI,2024-06-02,87.9,-2.43,5.95,"Hendricks, Kyle",682829,543294,,called_strike,,,,,6,Elly De La Cruz flies out to left fielder Ian Happ.,R,L,R,CHC,CIN,S,,,0,0,2024,-1.11,0.74,0.36,2.79,,666181.0,,2,7,Top,,,,,,,8.943542760235442,-127.89091954601186,-3.1546340682458727,-13.921377212840326,22.57808812435065,-23.51399544341525,3.55,1.73,,,,87.4,1992,5.6,746871,665804,621550,663538,623520,621020,664023,641355,673548,54.87,,,,,,,,56,1,Sinker,2,5,5,2,5,2,5,2,Standard,Standard,217,0.0,-0.04,,,,0.04,,-3,3,0.103,0.897,34,22,35,22,1,3,4.0,1.0,4.0,1.0,2.17,1.11,-1.11,41.1,,,,,
CH,2024-06-02,80.3,-2.56,5.95,"Hendricks, Kyle",670770,543294,field_out,hit_into_play,,,,,11,"TJ Friedl grounds out, second baseman Nico Hoerner to first baseman Patrick Wisdom.   Will Benson to 2nd.",R,L,R,CHC,CIN,X,4.0,ground_ball,1,1,2024,-1.39,0.69,-0.96,2.86,,,666181.0,1,7,Top,151.51,157.66,,,,,6.079811869938532,-116.852819863853,-1.5208652582631244,-13.875001753736496,19.45771476075041,-25.719972791877225,3.08,1.5,67.0,67.1,5.0,79.7,2216,5.6,746871,665804,621550,663538,623520,621020,664023,641355,673548,54.89,0.149,0.164,0.0,1.0,0.0,0.0,2.0,55,3,Changeup,2,5,5,2,5,2,5,2,Standard,Standard,229,0.005,-0.303,65.9,7.1,0.149,0.303,88.0,-3,3,0.098,0.902,34,28,35,29,1,3,4.0,1.0,4.0,1.0,2.81,1.39,-1.39,41.2,14.365457442370468,-16.394310655980203,17.389791245889285,46.86448629150112,51.16733114239993
SI,2024-06-02,88.0,-2.55,5.88,"Hendricks, Kyle",670770,543294,,ball,,,,,12,"TJ Friedl grounds out, second baseman Nico Hoerner to first baseman Patrick Wisdom.   Will Benson to 2nd.",R,L,R,CHC,CIN,B,,,0,1,2024,-1.09,0.52,1.08,3.34,,,666181.0,1,7,Top,,,,,,,10.876352832364455,-127.92485759002268,-1.2418660698968729,-13.954306698109784,21.16319029836785,-26.284167099576457,2.92,1.45,,,,87.4,2030,5.6,746871,665804,621550,663538,623520,621020,664023,641355,673548,54.94,,,,,,,,55,2,Sinker,2,5,5,2,5,2,5,2,Standard,Standard,212,0.0,0.029,,,,-0.029,,-3,3,0.098,0.902,34,28,35,29,1,3,4.0,1.0,4.0,1.0,2.38,1.09,-1.09,40.3,,,,,
SI,2024-06-02,87.9,-2.54,5.88,"Hendricks, Kyle",670770,543294,,missed_bunt,,,,,5,"TJ Friedl grounds out, second baseman Nico Hoerner to first baseman Patrick Wisdom.   Will Benson to 2nd.",R,L,R,CHC,CIN,S,,,0,0,2024,-1.26,0.66,-0.04,2.02,,,666181.0,1,7,Top,,,,,,,8.549676001164984,-127.85009573727812,-4.621896092761807,-15.529679434376002,23.17643663397474,-24.218809060392307,3.08,1.5,,,,87.3,1990,5.6,746871,665804,621550,663538,623520,621020,664023,641355,673548,54.85,,,,,,,,55,1,Sinker,2,5,5,2,5,2,5,2,Standard,Standard,208,0.0,-0.04,3.6,1.5,,0.04,,-3,3,0.098,0.902,34,28,35,29,1,3,4.0,1.0,4.0,1.0,2.27,1.26,-1.26,41.5,15.468782803468097,-161.36401296756472,65.50400787053887,34.25412607896897,32.282454611354154
SI,2024-06-02,88.7,-2.63,5.82,"Hendricks, Kyle",666181,543294,walk,ball,,,,,14,Will Benson walks.,R,L,R,CHC,CIN,B,,,3,2,2024,-1.12,0.57,1.14,2.13,,,,1,7,Top,,,,,,,11.407018136148809,-128.77630554206283,-4.164776078244567,-14.69928369200355,23.29584686254758,-25.148011075308496,3.74,1.81,,,,88.0,2063,5.7,746871,665804,621550,663538,623520,621020,664023,641355,673548,54.83,,0.689131,0.7,1.0,0.0,0.0,,54,8,Sinker,2,5,5,2,5,2,5,2,Standard,Standard,215,-0.009,0.348,,,,-0.348,,-3,3,0.107,0.893,34,26,35,26,1,2,4.0,1.0,4.0,1.0,2.31,1.12,-1.12,40.4,,,,,
FF,2024-06-02,88.8,-2.74,5.86,"Hendricks, Kyle",666181,543294,,foul,,,,,4,Will Benson walks.,R,L,R,CHC,CIN,S,,,3,2,2024,-0.46,1.06,-0.6,2.54,,,,1,7,Top,,,,,,,6.142701529343556,-129.19798234944844,-4.280678897292706,-6.401499225492468,24.81529435728335,-19.597301431712964,3.58,1.76,198.0,86.8,62.0,88.0,2022,5.6,746871,665804,621550,663538,623520,621020,664023,641355,673548,54.9,,,,,,,,54,7,4-Seam Fastball,2,5,5,2,5,2,5,2,Infield shade,Standard,222,0.0,0.0,69.4,8.1,,0.0,88.0,-3,3,0.107,0.893,34,26,35,26,1,2,4.0,1.0,4.0,1.0,1.81,0.46,-0.46,40.8,13.750381231172987,3.4125325629579213,32.664812677893586,47.948370918291474,21.372706703972224
CH,2024-06-02,82.2,-2.6,6.02,"Hendricks, Kyle",666181,543294,,ball,,,,,13,Will Benson walks.,R,L,R,CHC,CIN,B,,,2,2,2024,-1.11,0.53,-0.42,1.4,,,,1,7,Top,,,,,,,6.981541170106375,-119.59181055958356,-4.977238372709785,-11.886230701669664,19.91766465078761,-26.374962281006223,3.71,1.83,,,,81.6,2165,5.6,746871,665804,621550,663538,623520,621020,664023,641355,673548,54.94,,,,,,,,54,6,Changeup,2,5,5,2,5,2,5,2,Infield shade,Standard,225,0.0,0.108,,,,-0.108,,-3,3,0.107,0.893,34,26,35,26,1,2,4.0,1.0,4.0,1.0,2.81,1.11,-1.11,42.7,,,,,
CH,2024-06-02,82.3,-2.65,6.0,"Hendricks, Kyle",666181,543294,,foul,,,,,7,Will Benson walks.,R,L,R,CHC,CIN,S,,,2,2,2024,-1.22,0.61,-0.38,2.11,,,,1,7,Top,,,,,,,7.407665480658734,-119.73931132988962,-3.5233009444305368,-13.111396050048684,19.89640338306647,-25.79959622115499,3.58,1.76,4.0,67.5,-29.0,81.7,2186,5.6,746871,665804,621550,663538,623520,621020,664023,641355,673548,54.92,,,,,,,,54,5,Changeup,2,5,5,2,5,2,5,2,Infield shade,Standard,229,0.0,0.0,69.8,8.6,,0.0,88.0,-3,3,0.107,0.893,34,26,35,26,1,2,4.0,1.0,4.0,1.0,2.72,1.22,-1.22,42.2,21.81461144826677,-15.250616952497335,32.94163076966742,46.478219456921686,33.99062881090103
SI,2024-06-02,88.5,-2.64,5.99,"Hendricks, Kyle",666181,543294,,ball,,,,,11,Will Benson walks.,R,L,R,CHC,CIN,B,,,1,2,2024,-1.04,0.59,-0.16,4.37,,,,1,7,Top,,,,,,,8.079237855212419,-128.72950143102366,0.7689775710476009,-13.08772003479327,22.13169048500444,-25.89482081261637,3.69,1.77,,,,87.7,2083,5.5,746871,665804,621550,663538,623520,621020,664023,641355,673548,55.04,,,,,,,,54,4,Sinker,2,5,5,2,5,2,5,2,Infield shade,Standard,218,0.0,0.043,,,,-0.043,,-3,3,0.107,0.893,34,26,35,26,1,2,4.0,1.0,4.0,1.0,2.29,1.04,-1.04,41.5,,,,,
CH,2024-06-02,81.7,-2.7,5.97,"Hendricks, Kyle",666181,543294,,foul_bunt,,,,,11,Will Benson walks.,R,L,R,CHC,CIN,S,,,1,1,2024,-1.22,0.54,-0.65,3.84,,,,1,7,Top,,,,,,,6.878988012477596,-118.85547985970544,0.6619636808896823,-12.864598974431658,19.966589564783305,-27.334979099778668,3.58,1.76,,,,81.0,2194,5.6,746871,665804,621550,663538,623520,621020,664023,641355,673548,54.93,,,,,,,,54,3,Changeup,2,5,5,2,5,2,5,2,Standard,Standard,231,0.0,-0.061,8.3,1.7,,0.061,,-3,3,0.107,0.893,34,26,35,26,1,2,4.0,1.0,4.0,1.0,2.84,1.22,-1.22,42.6,-33.79871014708843,14.452085741216711,29.627714098945944,50.939320008317495,23.311325490303297
FF,2024-06-02,88.7,-2.69,5.86,"Hendricks, Kyle",666181,543294,,foul,,,,,4,Will Benson walks.,R,L,R,CHC,CIN,S,,,1,0,2024,-0.41,1.12,-0.29,2.87,,,,1,7,Top,,,,,,,6.658224751640486,-129.19296062690302,-3.654920119141729,-5.889820100723077,23.220702383743337,-18.972211669735277,3.58,1.76,221.0,79.1,57.0,88.2,2060,5.6,746871,665804,621550,663538,623520,621020,664023,641355,673548,54.86,,,,,,,,54,2,4-Seam Fastball,2,5,5,2,5,2,5,2,Infield shade,Standard,217,0.0,-0.051,69.8,7.3,,0.051,88.0,-3,3,0.107,0.893,34,26,35,26,1,2,4.0,1.0,4.0,1.0,1.74,0.41,-0.41,40.6,3.713731574755502,16.01528399377803,31.865391596414977,45.331014768743344,14.049537295454734
CU,2024-06-02,74.3,-2.7,6.03,"Hendricks, Kyle",666181,543294,,ball,,,,,14,Will Benson walks.,R,L,R,CHC,CIN,B,,,0,0,2024,1.4,-0.8,0.62,1.52,,,,1,7,Top,,,,,,,4.298246664957727,-108.15778605454138,-0.5914281773515747,10.140626359659128,19.738718267713622,-38.57571151063628,3.66,1.77,,,,73.1,3002,5.5,746871,665804,621550,663538,623520,621020,664023,641355,673548,55.04,,,,,,,,54,1,Curveball,2,5,5,2,5,2,5,2,Standard,Standard,44,0.0,0.039,,,,-0.039,,-3,3,0.107,0.893,34,26,35,26,1,2,4.0,1.0,4.0,1.0,4.94,-1.4,1.4,41.2,,,,,
CH,2024-06-02,81.4,-2.63,6.03,"Hendricks, Kyle",663697,543294,strikeout,called_strike,,,,,6,Jonathan India called out on strikes.,R,R,R,CHC,CIN,S,2.0,,3,2,2024,-0.33,1.28,0.58,2.28,,,,0,7,Top,,,,,,,7.723113497889153,-118.33902880087297,-4.2636698923888,-4.495288557143375,20.303314009089892,-19.52045397413205,3.38,1.57,,,,80.6,2100,5.6,746871,665804,621550,663538,623520,621020,664023,641355,673548,54.9,,0.0,0.0,1.0,0.0,0.0,,53,6,Changeup,2,5,5,2,5,2,5,2,Standard,Standard,223,0.009,-0.333,,,,0.333,,-3,3,0.098,0.902,34,27,35,28,1,2,4.0,1.0,4.0,1.0,2.14,0.33,0.33,42.8,,,,,
SI,2024-06-02,87.7,-2.68,5.88,"Hendricks, Kyle",663697,543294,,called_strike,,,,,9,Jonathan India called out on strikes.,R,R,R,CHC,CIN,S,,,3,1,2024,-1.03,0.52,0.58,1.66,,,,0,7,Top,,,,,,,9.884590733369604,-127.37598496705614,-5.148352093289801,-13.13062876171682,22.98271974036448,-25.63308708691049,3.34,1.59,,,,87.1,2040,5.8,746871,665804,621550,663538,623520,621020,664023,641355,673548,54.75,,,,,,,,53,5,Sinker,2,5,5,2,5,2,5,2,Standard,Standard,218,0.0,-0.085,,,,0.085,,-3,3,0.098,0.902,34,27,35,28,1,2,4.0,1.0,4.0,1.0,2.42,1.03,1.03,39.7,,,,,
SI,2024-06-02,87.8,-2.67,5.96,"Hendricks, Kyle",663697,543294,,ball,,,,,14,Jonathan India called out on strikes.,R,R,R,CHC,CIN,B,,,2,1,2024,-1.07,0.71,0.03,1.59,,,,0,7,Top,,,,,,,8.624524393269922,-127.55926165851648,-5.94050778883183,-13.324408725448269,23.016892256085928,-23.43626881590092,3.41,1.72,,,,87.2,2044,5.7,746871,665804,621550,663538,623520,621020,664023,641355,673548,54.75,,,,,,,,53,4,Sinker,2,5,5,2,5,2,5,2,Standard,Standard,213,0.0,0.122,,,,-0.122,,-3,3,0.098,0.902,34,27,35,28,1,2,4.0,1.0,4.0,1.0,2.23,1.07,1.07,42.1,,,,,
SI,2024-06-02,87.8,-2.68,5.92,"Hendricks, Kyle",663697,543294,,foul,,,,,5,Jonathan India called out on strikes.,R,R,R,CHC,CIN,S,,,2,0,2024,-1.17,0.78,-0.21,2.4,,,,0,7,Top,,,,,,,8.276417394521292,-127.73247549716216,-4.073858249247662,-14.43374157457021,22.678287244280536,-22.942809363696306,3.33,1.59,202.0,71.5,47.0,87.1,2053,5.6,746871,665804,621550,663538,623520,621020,664023,641355,673548,54.92,,,,,,,,53,3,Sinker,2,5,5,2,5,2,5,2,Standard,Standard,211,0.0,-0.065,71.3,6.4,,0.065,88.0,-3,3,0.098,0.902,34,27,35,28,1,2,4.0,1.0,4.0,1.0,2.14,1.17,1.17,39.6,-6.78255021792919,19.969580990836388,33.54542283161552,36.32510998825212,22.889616488543385
SI,2024-06-02,87.5,-2.63,5.92,"Hendricks, Kyle",663697,543294,,ball,,,,,9,Jonathan India called out on strikes.,R,R,R,CHC,CIN,B,,,1,0,2024,-1.26,0.89,0.51,1.7,,,,0,7,Top,,,,,,,10.04879873009348,-127.0728452996472,-5.882562966043651,-15.59185245617234,22.2035334022202,-21.46751506181392,3.38,1.72,,,,87.0,1992,5.7,746871,665804,621550,663538,623520,621020,664023,641355,673548,54.75,,,,,,,,53,2,Sinker,2,5,5,2,5,2,5,2,Standard,Standard,219,0.0,0.069,,,,-0.069,,-3,3,0.098,0.902,34,27,35,28,1,2,4.0,1.0,4.0,1.0,2.06,1.26,1.26,39.4,,,,,
SI,2024-06-02,87.7,-2.49,5.96,"Hendricks, Kyle",663697,543294,,ball,,,,,14,Jonathan India called out on strikes.,R,R,R,CHC,CIN,B,,,0,0,2024,-1.33,1.05,1.01,2.46,,,,0,7,Top,,,,,,,11.085321908407344,-127.28932004143456,-4.516602034199412,-16.579942280541495,23.196702838656705,-19.9669664695799,3.4,1.54,,,,87.1,2032,5.8,746871,665804,621550,663538,623520,621020,664023,641355,673548,54.7,,,,,,,,53,1,Sinker,2,5,5,2,5,2,5,2,Standard,Standard,212,0.0,0.038,,,,-0.038,,-3,3,0.098,0.902,34,27,35,28,1,2,4.0,1.0,4.0,1.0,1.9,1.33,1.33,43.0,,,,,
SI,2024-05-29,88.9,-2.81,5.7,"Hendricks, Kyle",694192,543294,field_out,hit_into_play,,,,,13,"Jackson Chourio grounds out, shortstop Dansby Swanson to first baseman Patrick Wisdom.",R,R,R,MIL,CHC,X,6.0,ground_ball,1,2,2024,-1.02,0.41,-1.28,2.16,,,,2,8,Bot,112.09,135.17,,,,,5.789558498507427,-129.44917660937926,-3.50250801849753,-12.693433712045548,25.765377728895125,-27.094946205417955,3.31,1.53,132.0,63.2,14.0,87.9,1957,5.5,745988,543228,621550,663538,666624,621020,664023,641355,673548,54.96,0.251,0.226,0.0,1.0,0.0,0.0,2.0,71,4,Sinker,10,4,10,4,4,10,10,4,Standard,Standard,221,0.0,-0.18,68.4,6.9,0.273,0.18,88.0,6,6,0.998,0.998,34,20,35,20,2,3,6.0,1.0,4.0,3.0,2.46,1.02,1.02,40.7,-2.4828015667478978,-6.307387751174936,37.43837809580115,19.088880073434733,25.109168533568777
CH,2024-05-29,81.1,-2.61,5.84,"Hendricks, Kyle",694192,543294,,foul_tip,,,,,14,"Jackson Chourio grounds out, shortstop Dansby Swanson to first baseman Patrick Wisdom.",R,R,R,MIL,CHC,S,,,1,1,2024,-0.45,0.69,0.1,1.34,,,,2,8,Bot,,,,,,,6.802843378693172,-117.917478986823,-4.743720242325439,-5.4225516619280105,20.594432743333865,-25.01280029851029,3.31,1.53,,,,80.3,2099,5.6,745988,543228,621550,663538,666624,621020,664023,641355,673548,54.91,,,,,,,,71,3,Changeup,10,4,10,4,4,10,10,4,Standard,Standard,232,0.0,-0.064,71.2,8.5,,0.064,,6,6,0.998,0.998,34,20,35,20,2,3,6.0,1.0,4.0,3.0,2.76,0.45,0.45,43.2,19.71350749799224,-27.453351089122368,35.02512501449819,37.55333445679194,47.26059228131261
SI,2024-05-29,88.6,-2.65,5.74,"Hendricks, Kyle",694192,543294,,swinging_strike,,,,,11,"Jackson Chourio grounds out, shortstop Dansby Swanson to first baseman Patrick Wisdom.",R,R,R,MIL,CHC,S,,,1,0,2024,-1.11,0.33,-1.14,3.23,,,,2,8,Bot,,,,,,,5.938479035883653,-128.9560512211689,-0.7699590817358963,-13.6678604073772,26.171421624379757,-28.55788591173087,3.31,1.53,,,,87.6,1967,5.6,745988,543228,621550,663538,666624,621020,664023,641355,673548,54.89,,,,,,,,71,2,Sinker,10,4,10,4,4,10,10,4,Standard,Standard,213,0.0,-0.051,76.9,6.6,,0.051,,6,6,0.998,0.998,34,20,35,20,2,3,6.0,1.0,4.0,3.0,2.57,1.11,1.11,41.6,4.866471572239709,15.607965696910226,23.510032532898144,24.25177272282746,26.90379414608388
CH,2024-05-29,81.8,-2.51,5.83,"Hendricks, Kyle",694192,543294,,ball,,,,,14,"Jackson Chourio grounds out, shortstop Dansby Swanson to first baseman Patrick Wisdom.",R,R,R,MIL,CHC,B,,,0,0,2024,-0.24,0.85,1.09,0.63,,,,2,8,Bot,,,,,,,8.462052537408756,-118.77939842966366,-6.750127751770479,-3.802542293361777,20.61224108185872,-23.06462051599401,3.35,1.55,,,,81.1,2300,5.7,745988,543228,621550,663538,666624,621020,664023,641355,673548,54.8,,,,,,,,71,1,Changeup,10,4,10,4,4,10,10,4,Standard,Standard,223,0.0,0.04,,,,-0.04,,6,6,0.998,0.998,34,20,35,20,2,3,6.0,1.0,4.0,3.0,2.55,0.24,0.24,43.3,,,,,
CH,2024-05-29,82.4,-2.61,5.84,"Hendricks, Kyle",663368,543294,field_out,hit_into_play,,,,,7,"Blake Perkins grounds out, second baseman Nico Hoerner to first baseman Patrick Wisdom.",R,L,R,MIL,CHC,X,4.0,ground_ball,2,2,2024,-1.16,0.29,-0.41,1.72,,,,1,8,Bot,139.18,142.82,,,,,7.134778514544851,-119.8629310686337,-3.396761218310141,-12.504962101634728,21.766200673114067,-28.9648258114514,3.19,1.53,13.0,99.5,-7.0,81.6,2205,5.6,745988,543228,621550,663538,666624,621020,664023,641355,673548,54.9,0.269,0.297,0.0,1.0,0.0,0.0,2.0,70,6,Changeup,10,4,10,4,4,10,10,4,Infield shade,Standard,232,0.0,-0.225,71.8,7.4,0.302,0.225,99.5,6,6,0.998,0.998,34,27,35,28,2,3,6.0,1.0,4.0,1.0,3.06,1.16,-1.16,44.3,6.157789709393902,5.062909626787375,33.91562985356529,43.2111252842389,24.629493947163496
CH,2024-05-29,82.4,-2.64,5.8,"Hendricks, Kyle",663368,543294,,foul,,,,,11,"Blake Perkins grounds out, second baseman Nico Hoerner to first baseman Patrick Wisdom.",R,L,R,MIL,CHC,S,,,2,2,2024,-0.92,0.33,-1.29,2.43,,,,1,8,Bot,,,,,,,4.79417049964728,-120.03098435581802,-1.8229975219203536,-9.850598629900867,21.48246777156377,-28.803953785944184,3.19,1.53,231.0,76.9,43.0,81.6,2219,5.5,745988,543228,621550,663538,666624,621020,664023,641355,673548,54.99,,,,,,,,70,5,Changeup,10,4,10,4,4,10,10,4,Infield shade,Standard,233,0.0,0.0,66.6,7.4,,0.0,88.0,6,6,0.998,0.998,34,27,35,28,2,3,6.0,1.0,4.0,1.0,3.0,0.92,-0.92,42.0,4.699958431971997,13.7865997158372,23.66378088320385,54.63049969259544,17.944200946676435
FF,2024-05-29,88.7,-2.9,5.53,"Hendricks, Kyle",663368,543294,,ball,,,,,14,"Blake Perkins grounds out, second baseman Nico Hoerner to first baseman Patrick Wisdom.",R,L,R,MIL,CHC,B,,,1,2,2024,-0.53,1.16,0.22,1.05,,,,1,8,Bot,,,,,,,8.645342230438008,-128.84501796027652,-7.249104122596229,-7.658013042042125,25.29195805073321,-17.953908792185697,3.27,1.53,,,,87.9,2041,5.8,745988,543228,621550,663538,666624,621020,664023,641355,673548,54.71,,,,,,,,70,4,4-Seam Fastball,10,4,10,4,4,10,10,4,Infield shade,Standard,218,0.0,0.043,,,,-0.043,,6,6,0.998,0.998,34,27,35,28,2,3,6.0,1.0,4.0,1.0,1.74,0.53,-0.53,35.5,,,,,
FF,2024-05-29,87.1,-2.69,5.71,"Hendricks, Kyle",663368,543294,,called_strike,,,,,3,"Blake Perkins grounds out, second baseman Nico Hoerner to first baseman Patrick Wisdom.",R,L,R,MIL,CHC,S,,,1,1,2024,-0.42,1.06,0.58,3.21,,,,1,8,Bot,,,,,,,8.5995283184177,-126.6582912944121,-2.0407175231278663,-6.190757866000138,24.011467204269128,-20.47960309412332,3.29,1.55,,,,86.3,1950,5.7,745988,543228,621550,663538,666624,621020,664023,641355,673548,54.82,,,,,,,,70,3,4-Seam Fastball,10,4,10,4,4,10,10,4,Infield shade,Standard,215,0.0,-0.061,,,,0.061,,6,6,0.998,0.998,34,27,35,28,2,3,6.0,1.0,4.0,1.0,1.93,0.42,-0.42,40.7,,,,,
SI,2024-05-29,87.9,-2.64,5.75,"Hendricks, Kyle",663368,543294,,swinging_strike,,,,,4,"Blake Perkins grounds out, second baseman Nico Hoerner to first baseman Patrick Wisdom.",R,L,R,MIL,CHC,S,,,1,0,2024,-1.2,0.41,-0.77,2.17,,,,1,8,Bot,,,,,,,6.934050738021273,-127.95613510258642,-3.43748781720536,-14.60574088363412,24.52841027042449,-27.14498533086354,3.19,1.53,,,,87.2,1867,5.7,745988,543228,621550,663538,666624,621020,664023,641355,673548,54.83,,,,,,,,70,2,Sinker,10,4,10,4,4,10,10,4,Infield shade,Standard,218,0.0,-0.051,72.1,6.4,,0.051,,6,6,0.998,0.998,34,27,35,28,2,3,6.0,1.0,4.0,1.0,2.52,1.2,-1.2,40.1,-11.88753933441168,31.9271686532899,34.37735644461543,47.0711378990818,4.396008138714082
FF,2024-05-29,88.1,-2.58,5.74,"Hendricks, Kyle",663368,543294,,ball,,,,,11,"Blake Perkins grounds out, second baseman Nico Hoerner to first baseman Patrick Wisdom.",R,L,R,MIL,CHC,B,,,0,0,2024,-0.51,1.27,-0.9,3.83,,,,1,8,Bot,,,,,,,5.072746119825381,-128.31180392221447,-1.1843193723574,-6.703496147228991,25.922084594021893,-18.1370025500531,3.24,1.53,,,,87.3,2015,5.7,745988,543228,621550,663538,666624,621020,664023,641355,673548,54.85,,,,,,,,70,1,4-Seam Fastball,10,4,10,4,4,10,10,4,Infield shade,Standard,213,0.0,0.039,,,,-0.039,,6,6,0.998,0.998,34,27,35,28,2,3,6.0,1.0,4.0,1.0,1.66,0.51,-0.51,41.3,,,,,
SI,2024-05-29,87.0,-2.63,5.73,"Hendricks, Kyle",641343,543294,strikeout,swinging_strike,,,,,2,Jake Bauers strikes out swinging.,R,L,R,MIL,CHC,S,2.0,,1,2,2024,-1.12,0.48,0.1,3.29,,,,0,8,Bot,,,,,,,8.742604692504521,-126.55222621245532,-0.6934984529229958,-13.70345848484003,23.430875834259943,-27.069518939058383,3.41,1.58,,,,86.4,1899,5.7,745988,543228,621550,663538,666624,621020,664023,641355,673548,54.76,,0.0,0.0,1.0,0.0,0.0,,69,4,Sinker,10,4,10,4,4,10,10,4,Infield shade,Standard,223,0.0,-0.186,65.1,5.0,,0.186,,6,6,0.998,0.998,34,28,35,29,2,3,6.0,1.0,4.0,1.0,2.51,1.12,-1.12,46.3,-15.182643486630711,34.65717883487501,39.28034233077007,31.57114531554865,10.541016779663586
FF,2024-05-29,86.7,-2.86,5.65,"Hendricks, Kyle",641343,543294,,ball,,,,,11,Jake Bauers strikes out swinging.,R,L,R,MIL,CHC,B,,,0,2,2024,-0.53,1.25,-1.27,4.82,,,,0,8,Bot,,,,,,,4.797849281061156,-126.28329938972944,1.6166855236808464,-6.5833754221548215,24.877042997158892,-19.32783687332636,3.44,1.6,,,,85.7,2018,5.5,745988,543228,621550,663538,666624,621020,664023,641355,673548,55.01,,,,,,,,69,3,4-Seam Fastball,10,4,10,4,4,10,10,4,Infield shade,Standard,221,0.0,0.023,,,,-0.023,,6,6,0.998,0.998,34,28,35,29,2,3,6.0,1.0,4.0,1.0,1.77,0.53,-0.53,37.5,,,,,
CU,2024-05-29,74.2,-2.66,5.81,"Hendricks, Kyle",641343,543294,,foul,,,,,7,Jake Bauers strikes out swinging.,R,L,R,MIL,CHC,S,,,0,1,2024,1.44,-0.95,-0.46,1.52,,,,0,8,Bot,,,,,,,1.941804189217832,-107.98762921617514,0.2168432682210288,10.754713920205626,21.99647310893115,-39.770727938883454,3.41,1.58,4.0,66.7,-23.0,72.6,3009,5.5,745988,543228,621550,663538,666624,621020,664023,641355,673548,55.03,,,,,,,,69,2,Curveball,10,4,10,4,4,10,10,4,Infield shade,Standard,43,0.0,-0.054,67.8,8.0,,0.054,88.0,6,6,0.998,0.998,34,28,35,29,2,3,6.0,1.0,4.0,1.0,5.14,-1.44,1.44,42.1,21.140510302008767,-6.542060869039293,40.15967089216087,39.60545842040104,40.62028307498783
CU,2024-05-29,74.6,-2.78,5.81,"Hendricks, Kyle",641343,543294,,swinging_strike,,,,,7,Jake Bauers strikes out swinging.,R,L,R,MIL,CHC,S,,,0,0,2024,1.52,-0.77,-0.37,1.94,,,,0,8,Bot,,,,,,,2.253338053523274,-108.56711528453108,0.6716457201592774,11.435405827245969,21.726488505197967,-38.55106530116272,3.41,1.58,,,,73.0,3025,5.4,745988,543228,621550,663538,666624,621020,664023,641355,673548,55.09,,,,,,,,69,1,Curveball,10,4,10,4,4,10,10,4,Infield shade,Standard,45,0.0,-0.037,69.6,8.4,,0.037,,6,6,0.998,0.998,34,28,35,29,2,3,6.0,1.0,4.0,1.0,4.91,-1.52,1.52,42.4,30.4227599221126,-30.266788913295606,35.590026638531114,39.44013512991808,52.31068474701439
SI,2024-05-29,87.9,-2.65,5.78,"Hendricks, Kyle",596142,543294,field_out,hit_into_play,,,,,4,Gary Sánchez lines out to second baseman Nico Hoerner.,R,R,R,MIL,CHC,X,4.0,line_drive,2,1,2024,-1.0,0.37,-0.38,2.44,,,,2,7,Bot,147.34,135.54,,,,,7.488091545626117,-127.89371799579288,-2.7352655898938374,-12.458014646028507,24.953634196363996,-27.79491593007741,3.36,1.63,172.0,64.6,22.0,87.1,1941,5.7,745988,543228,621550,663538,666624,621020,664023,641355,673548,54.81,0.683,0.615,0.0,1.0,0.0,0.0,4.0,65,4,Sinker,10,4,10,4,4,10,10,4,Standard,Standard,209,0.0,-0.303,71.2,7.0,0.73,0.303,88.0,6,6,0.993,0.993,34,31,35,32,2,3,6.0,1.0,4.0,1.0,2.57,1.0,1.0,42.7,-3.3476816592599343,4.617839790837072,29.632180916131368,29.81214402618783,26.549332485934663
SI,2024-05-29,87.4,-2.82,5.73,"Hendricks, Kyle",596142,543294,,called_strike,,,,,1,Gary Sánchez lines out to second baseman Nico Hoerner.,R,R,R,MIL,CHC,S,,,2,0,2024,-1.15,0.37,-0.4,3.44,,,,2,7,Bot,,,,,,,8.068029631228931,-127.12221407516606,-0.1527944291673408,-14.093640165890342,24.42916495976605,-28.353996630928503,3.49,1.79,,,,86.5,1951,5.6,745988,543228,621550,663538,666624,621020,664023,641355,673548,54.88,,,,,,,,65,3,Sinker,10,4,10,4,4,10,10,4,Standard,Standard,214,0.0,-0.061,,,,0.061,,6,6,0.993,0.993,34,31,35,32,2,3,6.0,1.0,4.0,1.0,2.6,1.15,1.15,42.3,,,,,
CH,2024-05-29,81.4,-2.76,5.77,"Hendricks, Kyle",596142,543294,,ball,,,,,14,Gary Sánchez lines out to second baseman Nico Hoerner.,R,R,R,MIL,CHC,B,,,1,0,2024,-0.36,0.95,0.68,1.47,,,,2,7,Bot,,,,,,,8.308519703433102,-118.26688570102242,-4.791764819132446,-4.994059447112153,22.66293168250952,-22.55546403225653,3.39,1.66,,,,80.4,2208,5.7,745988,543228,621550,663538,666624,621020,664023,641355,673548,54.81,,,,,,,,65,2,Changeup,10,4,10,4,4,10,10,4,Standard,Standard,232,0.0,0.068,,,,-0.068,,6,6,0.993,0.993,34,31,35,32,2,3,6.0,1.0,4.0,1.0,2.51,0.36,0.36,42.9,,,,,
SI,2024-05-29,88.9,-2.83,5.71,"Hendricks, Kyle",596142,543294,,ball,,,,,13,Gary Sánchez lines out to second baseman Nico Hoerner.,R,R,R,MIL,CHC,B,,,0,0,2024,-1.23,0.51,-0.32,1.58,,,,2,7,Bot,,,,,,,8.600082575574218,-129.13469905705497,-5.087396878758971,-15.550186070707424,25.51868225646348,-25.62917128474778,3.52,1.74,,,,87.9,2078,5.6,745988,543228,621550,663538,666624,621020,664023,641355,673548,54.86,,,,,,,,65,1,Sinker,10,4,10,4,4,10,10,4,Standard,Standard,216,0.0,0.04,,,,-0.04,,6,6,0.993,0.993,34,31,35,32,2,3,6.0,1.0,4.0,1.0,2.38,1.23,1.23,43.3,,,,,
CH,2024-05-29,81.8,-2.47,5.8,"Hendricks, Kyle",642715,543294,home_run,hit_into_play,,,,,8,Willy Adames homers (9) on a fly ball to left center field. William Contreras scores.,R,R,R,MIL,CHC,X,,fly_ball,3,1,2024,-0.58,0.76,0.14,1.91,661388.0,,,2,7,Bot,57.79,47.85,,,,,6.902698039064817,-118.98754461763018,-3.691777191612031,-6.757447604591327,21.38050338540281,-24.41067066060405,3.46,1.7,409.0,104.9,24.0,80.9,2240,5.5,745988,543228,621550,663538,666624,621020,664023,641355,673548,54.95,0.857,1.56,2.0,1.0,0.0,3.0,6.0,64,5,Changeup,8,4,8,4,4,10,10,4,Standard,Standard,232,0.02,1.369,80.0,8.8,2.928,-1.369,104.9,4,4,0.973,0.973,34,28,35,29,1,3,6.0,1.0,4.0,1.0,2.63,0.58,0.58,42.1,21.22200623202253,-12.848212272967071,33.05518820436279,40.530755123638286,38.27774476609992
SI,2024-05-29,88.8,-2.47,5.77,"Hendricks, Kyle",642715,543294,,ball,,,,,13,Willy Adames homers (9) on a fly ball to left center field. William Contreras scores.,R,R,R,MIL,CHC,B,,,2,1,2024,-1.41,0.54,-2.06,2.5,661388.0,,,2,7,Bot,,,,,,,3.899489361790711,-129.36776971383088,-3.054472200843259,-16.68938257763008,26.673955127770267,-25.706366614760856,3.47,1.7,,,,87.8,2048,5.6,745988,543228,621550,663538,666624,621020,664023,641355,673548,54.95,,,,,,,,64,4,Sinker,8,4,8,4,4,8,8,4,Standard,Standard,215,0.0,0.042,,,,-0.042,,4,4,0.973,0.973,34,28,35,29,1,3,6.0,1.0,4.0,1.0,2.34,1.41,1.41,41.8,,,,,
CU,2024-05-29,74.5,-2.34,5.82,"Hendricks, Kyle",642715,543294,,ball,,,,,14,Willy Adames homers (9) on a fly ball to left center field. William Contreras scores.,R,R,R,MIL,CHC,B,,,1,1,2024,1.49,-0.85,1.26,1.18,661388.0,,,2,7,Bot,,,,,,,4.704110395596839,-108.3104854704213,-0.7195674146600053,10.601706857374737,22.15391304658677,-38.876876942125705,3.47,1.71,,,,72.8,3044,5.4,745988,543228,621550,663538,666624,621020,664023,641355,673548,55.07,,,,,,,,64,3,Curveball,8,4,8,4,4,8,8,4,Standard,Standard,39,0.0,0.047,,,,-0.047,,4,4,0.973,0.973,34,28,35,29,1,3,6.0,1.0,4.0,1.0,5.02,-1.49,-1.49,43.4,,,,,
FF,2024-05-29,89.2,-2.47,5.71,"Hendricks, Kyle",642715,543294,,foul,,,,,3,Willy Adames homers (9) on a fly ball to left center field. William Contreras scores.,R,R,R,MIL,CHC,S,,,1,0,2024,-0.53,1.2,0.28,3.1,661388.0,,,2,7,Bot,,,,,,,7.772165987204893,-129.75671031240313,-2.9058023570605496,-7.594077001340883,26.403551738153496,-18.187330224333195,3.46,1.7,216.0,88.7,60.0,88.2,2180,5.6,745988,543228,621550,663538,666624,621020,664023,641355,673548,54.87,,,,,,,,64,2,4-Seam Fastball,8,4,8,4,4,8,8,4,Standard,Standard,216,0.0,-0.039,72.6,7.5,,0.039,88.7,4,4,0.973,0.973,34,28,35,29,1,3,6.0,1.0,4.0,1.0,1.66,0.53,0.53,41.6,11.436575379420784,13.248200867343552,27.593370329941877,42.76044162412966,23.14015208993599
CH,2024-05-29,80.9,-2.37,5.85,"Hendricks, Kyle",642715,543294,,ball,,,,,14,Willy Adames homers (9) on a fly ball to left center field. William Contreras scores.,R,R,R,MIL,CHC,B,,,0,0,2024,-0.26,0.99,0.98,2.45,661388.0,,,2,7,Bot,,,,,,,7.851652400746783,-117.529077917934,-2.795202795526234,-3.850904977365329,22.027443543443567,-22.66575732876751,3.44,1.69,,,,79.8,2163,5.6,745988,543228,621550,663538,666624,621020,664023,641355,673548,54.9,,,,,,,,64,1,Changeup,8,4,8,4,4,8,8,4,Standard,Standard,230,0.0,0.032,,,,-0.032,,4,4,0.973,0.973,34,28,35,29,1,3,6.0,1.0,4.0,1.0,2.5,0.26,0.26,42.9,,,,,
CH,2024-05-29,82.9,-2.36,5.87,"Hendricks, Kyle",592885,543294,field_out,hit_into_play,,,,,13,Christian Yelich grounds out to first baseman Patrick Wisdom. Joey Ortiz scores. William Contreras to 3rd.,R,L,R,MIL,CHC,X,3.0,ground_ball,2,2,2024,-1.35,0.63,-0.57,1.45,687401.0,661388.0,,1,7,Bot,142.63,187.52,,,,,6.624825258228379,-120.60879702118746,-4.804919320224164,-14.442565249124366,22.73214260757724,-25.28902098809808,3.37,1.72,1.0,69.9,-43.0,81.9,2217,5.5,745988,543228,621550,663538,666624,621020,664023,641355,673548,54.96,0.18,0.184,0.0,1.0,0.0,0.0,2.0,63,5,Changeup,7,4,7,4,4,8,8,4,Strategic,Standard,228,0.007,-0.068,69.3,7.9,0.193,0.068,88.0,3,3,0.966,0.966,34,32,35,33,1,3,6.0,1.0,4.0,1.0,2.68,1.35,-1.35,42.1,8.250378186428042,5.59233343592284,35.2855694837406,43.53239415066676,28.53834269778091
FF,2024-05-29,88.6,-2.43,5.79,"Hendricks, Kyle",592885,543294,,foul_tip,,,,,12,Christian Yelich grounds out to first baseman Patrick Wisdom. Joey Ortiz scores. William Contreras to 3rd.,R,L,R,MIL,CHC,S,,,2,1,2024,-0.65,1.3,0.1,3.85,687401.0,661388.0,,1,7,Bot,,,,,,,7.439419292879651,-128.87758509319653,-1.3831215658534086,-8.727692181959235,26.237542530313927,-17.629365040184236,3.37,1.72,,,,87.6,2164,5.6,745988,543228,621550,663538,666624,621020,664023,641355,673548,54.87,,,,,,,,63,4,4-Seam Fastball,7,4,7,4,4,7,7,4,Strategic,Standard,218,0.0,-0.121,44.2,4.9,,0.121,,3,3,0.966,0.966,34,32,35,33,1,3,6.0,1.0,4.0,1.0,1.6,0.65,-0.65,41.4,-13.942347693810332,53.63072167283613,33.91675548761375,33.16871158600949,-0.8752439766018063
SI,2024-05-29,88.5,-2.47,5.79,"Hendricks, Kyle",592885,543294,,called_strike,,,,,4,Christian Yelich grounds out to first baseman Patrick Wisdom. Joey Ortiz scores. William Contreras to 3rd.,R,L,R,MIL,CHC,S,,,2,0,2024,-1.29,0.54,-0.75,2.37,687401.0,,661388.0,1,7,Bot,,,,,,,6.767466028446574,-128.73155070564482,-3.3785877834167115,-15.724490190823031,25.44245360042126,-25.695452563601844,3.4,1.72,,,,87.5,2008,5.6,745988,543228,621550,663538,666624,621020,664023,641355,673548,54.93,,,,,,,,63,3,Sinker,7,4,7,4,4,7,7,4,Standard,Standard,221,0.004,-0.066,,,,0.066,,3,3,0.962,0.962,34,32,35,33,1,3,6.0,1.0,4.0,1.0,2.36,1.29,-1.29,41.3,,,,,
SI,2024-05-29,88.1,-2.44,5.77,"Hendricks, Kyle",592885,543294,,ball,,,,,12,Christian Yelich grounds out to first baseman Patrick Wisdom. Joey Ortiz scores. William Contreras to 3rd.,R,L,R,MIL,CHC,B,,,1,0,2024,-1.2,0.43,0.53,3.74,687401.0,,661388.0,1,7,Bot,,,,,,,9.567564573399938,-127.99667831865932,0.2457777590634744,-15.118664806039511,24.389775800629728,-27.661242537742883,3.41,1.74,,,,87.2,2011,5.6,745988,543228,621550,663538,666624,621020,664023,641355,673548,54.89,,,,,,,,63,2,Sinker,7,4,7,4,4,7,7,4,Standard,Standard,216,0.0,0.028,,,,-0.028,,3,3,0.962,0.962,34,32,35,33,1,3,6.0,1.0,4.0,1.0,2.5,1.2,-1.2,42.4,,,,,
CH,2024-05-29,82.5,-2.53,5.82,"Hendricks, Kyle",592885,543294,,ball,,,,,11,Christian Yelich grounds out to first baseman Patrick Wisdom. Joey Ortiz scores. William Contreras to 3rd.,R,L,R,MIL,CHC,B,,,0,0,2024,-1.44,0.61,-1.85,2.78,687401.0,,661388.0,1,7,Bot,,,,,,,4.268302754045605,-120.1652716569836,-1.5989520931248515,-14.811594338263705,22.766883219105413,-26.116271702785344,3.42,1.71,,,,81.4,2120,5.5,745988,543228,621550,663538,666624,621020,664023,641355,673548,55.03,,,,,,,,63,1,Changeup,7,4,7,4,4,7,7,4,Standard,Standard,233,0.0,0.024,,,,-0.024,,3,3,0.962,0.962,34,32,35,33,1,3,6.0,1.0,4.0,1.0,2.72,1.44,-1.44,41.9,,,,,
SI,2024-05-29,89.6,-2.35,5.79,"Hendricks, Kyle",661388,543294,single,hit_into_play,,,,,8,William Contreras singles on a line drive to center fielder Cody Bellinger. Joey Ortiz to 3rd.,R,R,R,MIL,CHC,X,8.0,line_drive,1,0,2024,-1.28,0.78,-0.19,2.07,,687401.0,,1,7,Bot,136.54,98.0,,,,,7.947832827376684,-130.16808899416563,-4.801083575819434,-16.23407317815968,26.9696462287197,-22.50212428163833,3.44,1.65,148.0,105.8,7.0,88.6,2071,5.7,745988,543228,621550,663538,666624,621020,664023,641355,673548,54.79,0.649,0.597,0.9,1.0,1.0,0.0,4.0,62,2,Sinker,7,4,7,4,4,7,7,4,Standard,Standard,215,0.011,0.529,77.5,7.1,0.73,-0.529,105.8,3,3,0.951,0.951,34,26,35,27,1,3,6.0,1.0,4.0,1.0,2.07,1.28,1.28,42.8,1.2647216533295065,5.682755915298461,30.706562013817717,32.18596779764118,27.129804997027733
CH,2024-05-29,80.9,-2.33,5.89,"Hendricks, Kyle",661388,543294,,ball,,,,,14,William Contreras singles on a line drive to center fielder Cody Bellinger. Joey Ortiz to 3rd.,R,R,R,MIL,CHC,B,,,0,0,2024,-0.72,0.94,0.71,1.3,,,687401.0,1,7,Bot,,,,,,,8.036257517752722,-117.48838561975798,-5.348917635765912,-8.091329463487757,20.517404600553338,-22.67255621356769,3.42,1.66,,,,79.9,2203,5.6,745988,543228,621550,663538,666624,621020,664023,641355,673548,54.94,,,,,,,,62,1,Changeup,7,4,7,4,4,7,7,4,Standard,Standard,232,0.005,0.036,,,,-0.036,,3,3,0.946,0.946,34,26,35,27,1,3,6.0,1.0,4.0,1.0,2.54,0.72,0.72,43.5,,,,,
SI,2024-05-29,89.1,-2.77,5.74,"Hendricks, Kyle",687401,543294,walk,ball,,,,,13,Joey Ortiz walks.,R,R,R,MIL,CHC,B,,,3,1,2024,-1.29,0.52,-1.23,2.39,,,,1,7,Bot,,,,,,,6.376925592800889,-129.7300504286173,-3.3210970945179343,-15.857276746207042,24.991111909456784,-25.858563121946897,3.4,1.55,,,,88.3,2030,5.6,745988,543228,621550,663538,666624,621020,664023,641355,673548,54.92,,0.689131,0.7,1.0,0.0,0.0,,61,5,Sinker,7,4,7,4,4,7,7,4,Standard,Standard,216,0.005,0.256,,,,-0.256,,3,3,0.941,0.941,34,25,35,26,1,3,6.0,1.0,4.0,1.0,2.33,1.29,1.29,40.7,,,,,
SI,2024-05-29,88.9,-2.65,5.76,"Hendricks, Kyle",687401,543294,,ball,,,,,13,Joey Ortiz walks.,R,R,R,MIL,CHC,B,,,2,1,2024,-1.23,0.39,-1.24,2.05,,,,1,7,Bot,,,,,,,5.956373662370045,-129.45077291700463,-3.905877489094477,-15.003328941489611,24.373493839789365,-27.14514640684565,3.4,1.55,,,,88.3,1952,5.6,745988,543228,621550,663538,666624,621020,664023,641355,673548,54.87,,,,,,,,61,4,Sinker,7,4,7,4,4,7,7,4,Standard,Standard,217,0.0,0.122,,,,-0.122,,3,3,0.941,0.941,34,25,35,26,1,3,6.0,1.0,4.0,1.0,2.46,1.23,1.23,41.5,,,,,
CH,2024-05-29,82.3,-2.64,5.86,"Hendricks, Kyle",687401,543294,,ball,,,,,14,Joey Ortiz walks.,R,R,R,MIL,CHC,B,,,1,1,2024,-0.19,0.81,1.3,0.57,,,,1,7,Bot,,,,,,,9.1869245333751,-119.51616701622126,-7.033459665215394,-3.4310688669582987,20.703343003868337,-23.201859946479964,3.39,1.54,,,,81.6,2266,5.7,745988,543228,621550,663538,666624,621020,664023,641355,673548,54.77,,,,,,,,61,3,Changeup,7,4,7,4,4,7,7,4,Standard,Standard,231,0.0,0.059,,,,-0.059,,3,3,0.941,0.941,34,25,35,26,1,3,6.0,1.0,4.0,1.0,2.54,0.19,0.19,42.5,,,,,
CH,2024-05-29,80.9,-2.71,5.88,"Hendricks, Kyle",687401,543294,,called_strike,,,,,9,Joey Ortiz walks.,R,R,R,MIL,CHC,S,,,1,0,2024,-0.28,0.95,0.55,1.8,,,,1,7,Bot,,,,,,,7.711497517059549,-117.63733500997157,-4.235745530730879,-4.0384886172661245,21.16778359362495,-22.71958879046042,3.28,1.54,,,,79.9,2146,5.6,745988,543228,621550,663538,666624,621020,664023,641355,673548,54.95,,,,,,,,61,2,Changeup,7,4,7,4,4,7,7,4,Standard,Standard,232,0.0,-0.051,,,,0.051,,3,3,0.941,0.941,34,25,35,26,1,3,6.0,1.0,4.0,1.0,2.52,0.28,0.28,42.1,,,,,
CU,2024-05-29,75.1,-2.72,5.77,"Hendricks, Kyle",687401,543294,,ball,,,,,9,Joey Ortiz walks.,R,R,R,MIL,CHC,B,,,0,0,2024,1.4,-0.89,0.33,1.55,,,,1,7,Bot,,,,,,,3.788099007143544,-109.3356294016355,0.0525633348852307,10.346322462194658,21.64238088881478,-39.48226067874531,3.32,1.63,,,,73.7,3055,5.5,745988,543228,621550,663538,666624,621020,664023,641355,673548,55.02,,,,,,,,61,1,Curveball,7,4,7,4,4,7,7,4,Standard,Standard,44,0.0,0.039,,,,-0.039,,3,3,0.941,0.941,34,25,35,26,1,3,6.0,1.0,4.0,1.0,4.97,-1.4,-1.4,43.1,,,,,
CH,2024-05-29,82.3,-2.87,5.83,"Hendricks, Kyle",668930,543294,field_out,hit_into_play,,,,,13,Brice Turang pops out to shortstop Dansby Swanson.,R,L,R,MIL,CHC,X,6.0,popup,0,1,2024,-1.29,0.59,-0.88,1.66,,,,0,7,Bot,105.3,132.33,,,,,6.906514239380411,-119.70511105458192,-4.060386633999127,-13.75312944837691,22.729581172692043,-25.893879160519734,3.15,1.48,177.0,59.7,40.0,81.3,2204,5.6,745988,543228,621550,663538,666624,621020,664023,641355,673548,54.88,0.32,0.288,0.0,1.0,0.0,0.0,3.0,60,2,Changeup,7,4,7,4,4,7,7,4,Standard,Standard,236,-0.005,-0.217,61.7,6.9,0.32,0.217,88.0,3,3,0.946,0.946,34,24,35,25,1,2,6.0,1.0,4.0,1.0,2.77,1.29,-1.29,42.7,-2.170408541746132,-4.83732025605883,34.03745048765512,44.79222266972364,39.03193044706129
SI,2024-05-29,87.8,-2.81,5.85,"Hendricks, Kyle",668930,543294,,called_strike,,,,,11,Brice Turang pops out to shortstop Dansby Swanson.,R,L,R,MIL,CHC,S,,,0,0,2024,-1.04,0.74,-0.87,3.27,,,,0,7,Bot,,,,,,,6.758372862530013,-127.73727294864956,-1.6620095683494378,-12.769540376307424,24.49517507126454,-23.928710270098712,3.12,1.34,,,,87.0,2041,5.6,745988,543228,621550,663538,666624,621020,664023,641355,673548,54.88,,,,,,,,60,1,Sinker,7,4,7,4,4,7,7,4,Standard,Standard,211,0.0,-0.037,,,,0.037,,3,3,0.946,0.946,34,24,35,25,1,2,6.0,1.0,4.0,1.0,2.2,1.04,-1.04,42.2,,,,,
SI,2024-05-29,88.9,-2.72,5.71,"Hendricks, Kyle",694192,543294,field_out,hit_into_play,,,,,4,"Jackson Chourio grounds out, shortstop Dansby Swanson to first baseman Patrick Wisdom.",R,R,R,MIL,CHC,X,6.0,ground_ball,0,0,2024,-1.25,0.56,-0.29,2.19,,,,2,6,Bot,112.68,145.81,,,,,8.463683326673967,-129.24386799494465,-3.735007019936084,-15.728386722325505,26.04343108976312,-25.274353911221255,3.31,1.53,10.0,101.5,-12.0,88.0,2056,5.7,745988,543228,621550,663538,666624,621020,664023,641355,673548,54.79,0.211,0.26,0.0,1.0,0.0,0.0,2.0,56,1,Sinker,7,4,7,4,4,7,7,4,Standard,Standard,211,-0.003,-0.256,76.6,7.4,0.213,0.256,101.5,3,3,0.905,0.905,34,20,35,20,1,2,6.0,1.0,4.0,3.0,2.32,1.25,1.25,41.8,4.742956342037385,5.425050231701959,29.47701608904356,35.195446877376654,22.01618241310752
CU,2024-05-29,75.5,-2.78,5.79,"Hendricks, Kyle",663368,543294,field_out,hit_into_play,,,,,13,Blake Perkins flies out to center fielder Cody Bellinger.,R,L,R,MIL,CHC,X,8.0,fly_ball,0,1,2024,1.51,-0.84,-0.84,2.35,,,,1,6,Bot,106.04,51.18,,,,,1.3513578847818282,-109.85954908937738,1.493040328410305,11.818339078038756,21.84270868611561,-39.448209744197584,3.19,1.53,368.0,95.7,24.0,73.9,3084,5.4,745988,543228,621550,663538,666624,621020,664023,641355,673548,55.13,0.217,0.276,0.0,1.0,0.0,0.0,5.0,55,2,Curveball,7,4,7,4,4,7,7,4,Standard,Standard,44,-0.006,-0.219,72.6,7.6,0.456,0.219,95.7,3,3,0.911,0.911,34,27,35,28,1,2,6.0,1.0,4.0,1.0,4.88,-1.51,1.51,43.1,10.694933408533348,6.273698992817481,27.99430762759335,49.33082194916376,27.621510417550304
FF,2024-05-29,88.8,-2.8,5.72,"Hendricks, Kyle",663368,543294,,called_strike,,,,,9,Blake Perkins flies out to center fielder Cody Bellinger.,R,L,R,MIL,CHC,S,,,0,0,2024,-0.67,1.35,0.55,2.01,,,,1,6,Bot,,,,,,,9.491245562085227,-128.87763736957314,-5.813050946681069,-9.417852114395018,25.77216824446556,-16.05072751159517,3.25,1.54,,,,87.9,2210,5.8,745988,543228,621550,663538,666624,621020,664023,641355,673548,54.75,,,,,,,,55,1,4-Seam Fastball,7,4,7,4,4,7,7,4,Standard,Standard,209,0.0,-0.037,,,,0.037,,3,3,0.911,0.911,34,27,35,28,1,2,6.0,1.0,4.0,1.0,1.55,0.67,-0.67,42.3,,,,,
CH,2024-05-29,82.5,-2.81,5.95,"Hendricks, Kyle",641343,543294,field_out,hit_into_play,,,,,7,Jake Bauers lines out to center fielder Cody Bellinger.,R,L,R,MIL,CHC,X,8.0,line_drive,2,2,2024,-1.28,0.53,-0.32,1.63,,,,0,6,Bot,137.8,69.74,,,,,8.005666990260615,-119.92535657835576,-4.325353729005221,-13.82157975461107,21.20153912888493,-26.46627180850496,3.41,1.58,322.0,87.4,26.0,81.6,2213,5.5,745988,543228,621550,663538,666624,621020,664023,641355,673548,54.97,0.066,0.077,0.0,1.0,0.0,0.0,3.0,54,5,Changeup,7,4,7,4,4,7,7,4,Infield shade,Standard,228,-0.007,-0.227,67.7,7.7,0.131,0.227,88.0,3,3,0.918,0.918,34,28,35,29,1,2,6.0,1.0,4.0,1.0,2.81,1.28,-1.28,43.4,14.301350556101,7.228139463176483,41.23865199747584,37.345238950982896,31.912624711792645
CH,2024-05-29,82.2,-2.78,5.89,"Hendricks, Kyle",641343,543294,,ball,,,,,13,Jake Bauers lines out to center fielder Cody Bellinger.,R,L,R,MIL,CHC,B,,,1,2,2024,-1.26,0.62,-0.19,0.96,,,,0,6,Bot,,,,,,,8.173994914388873,-119.4007408808561,-5.795531872343687,-13.550694967594376,21.57737903349116,-25.30073946178178,3.46,1.6,,,,81.3,2216,5.6,745988,543228,621550,663538,666624,621020,664023,641355,673548,54.89,,,,,,,,54,4,Changeup,7,4,7,4,4,7,7,4,Infield shade,Standard,230,0.0,0.04,,,,-0.04,,3,3,0.918,0.918,34,28,35,29,1,2,6.0,1.0,4.0,1.0,2.75,1.26,-1.26,43.8,,,,,
FF,2024-05-29,88.5,-2.93,5.76,"Hendricks, Kyle",641343,543294,,swinging_strike,,,,,11,Jake Bauers lines out to center fielder Cody Bellinger.,R,L,R,MIL,CHC,S,,,1,1,2024,-0.78,1.21,-0.37,3.6,,,,0,6,Bot,,,,,,,7.761234718105509,-128.73266551938198,-1.7437485346858963,-10.256344354447885,25.904240916092665,-18.49652998380306,3.41,1.58,,,,87.5,2114,5.6,745988,543228,621550,663538,666624,621020,664023,641355,673548,54.92,,,,,,,,54,3,4-Seam Fastball,7,4,7,4,4,7,7,4,Infield shade,Standard,218,0.0,-0.056,66.0,5.4,,0.056,,3,3,0.918,0.918,34,28,35,29,1,2,6.0,1.0,4.0,1.0,1.69,0.78,-0.78,40.3,-3.474654840412392,33.404771661614376,28.84340103934434,37.11374336820964,8.460557269430524
CH,2024-05-29,81.5,-2.83,5.82,"Hendricks, Kyle",641343,543294,,foul,,,,,4,Jake Bauers lines out to center fielder Cody Bellinger.,R,L,R,MIL,CHC,S,,,1,0,2024,-1.2,0.6,-0.69,2.64,,,,0,6,Bot,,,,,,,7.030862519702938,-118.61386224194892,-1.759028849810571,-12.643818239509008,20.843959012103284,-26.356857672456005,3.41,1.58,150.0,69.1,31.0,80.8,2205,5.6,745988,543228,621550,663538,666624,621020,664023,641355,673548,54.87,,,,,,,,54,2,Changeup,7,4,7,4,4,7,7,4,Infield shade,Standard,226,0.0,-0.049,72.8,7.3,,0.049,88.0,3,3,0.918,0.918,34,28,35,29,1,2,6.0,1.0,4.0,1.0,2.81,1.2,-1.2,42.9,15.045034021343008,-0.0919705359771402,34.06721414644545,41.90139974589201,33.65468450247189
CU,2024-05-29,74.1,-2.89,5.79,"Hendricks, Kyle",641343,543294,,ball,,,,,14,Jake Bauers lines out to center fielder Cody Bellinger.,R,L,R,MIL,CHC,B,,,0,0,2024,1.37,-1.16,0.23,0.72,,,,0,6,Bot,,,,,,,3.922861470913716,-107.74022825462268,-0.9495257856765696,9.719191021334664,22.1861244309041,-41.17817493291347,3.41,1.58,,,,72.3,2981,5.4,745988,543228,621550,663538,666624,621020,664023,641355,673548,55.11,,,,,,,,54,1,Curveball,7,4,7,4,4,7,7,4,Infield shade,Standard,44,0.0,0.038,,,,-0.038,,3,3,0.918,0.918,34,28,35,29,1,2,6.0,1.0,4.0,1.0,5.39,-1.37,1.37,41.1,,,,,
SI,2024-05-29,88.8,-2.58,5.79,"Hendricks, Kyle",596142,543294,grounded_into_double_play,hit_into_play,,,,,7,"Gary Sánchez grounds into a double play, pitcher Kyle Hendricks to second baseman Nico Hoerner to first baseman Patrick Wisdom. Willy Adames out at 2nd. Gary Sánchez out at 1st.",R,R,R,MIL,CHC,X,1.0,ground_ball,0,0,2024,-1.37,0.71,-0.31,2.08,,,642715.0,1,5,Bot,128.42,182.43,,,,,8.302980967011479,-129.13730574223246,-4.500502703889958,-17.04286479179755,25.598372439062533,-23.41775840496737,3.36,1.63,12.0,68.0,-8.0,87.9,2032,5.7,745988,543228,621550,663538,666624,621020,664023,641355,673548,54.83,0.06,0.048,0.0,1.0,0.0,0.0,2.0,49,1,Sinker,7,4,7,4,4,7,7,4,Infield shade,Standard,221,-0.02,-0.314,71.7,6.9,0.068,0.314,88.0,3,3,0.892,0.892,34,31,35,32,1,2,6.0,1.0,4.0,1.0,2.17,1.37,1.37,40.4,-4.452445558471784,9.630488914853029,33.737050343411994,29.904874412544068,27.888789016762416
SI,2024-05-23,87.6,-1.85,5.89,"Hendricks, Kyle",670097,543294,field_out,hit_into_play,,,,,2,Zack Short flies out to right fielder Seiya Suzuki.,R,R,R,CHC,ATL,X,9.0,fly_ball,0,0,2024,-1.15,0.64,-0.26,2.95,,672284.0,644433.0,2,9,Top,179.55,111.23,,,,,6.1390795212691645,-127.5638755133926,-2.3347517462004417,-13.74600442011804,23.71668362800694,-24.877945224279443,3.32,1.56,257.0,82.3,37.0,87.1,1963,5.7,746874,543228,683737,663538,666624,621020,643565,641355,673548,54.76,0.011,0.012,0.0,1.0,0.0,0.0,3.0,67,1,Sinker,0,3,3,0,3,0,3,0,Standard,Standard,218,0.006,-0.279,64.5,6.4,0.019,0.279,88.0,-3,3,0.032,0.968,34,29,35,29,2,0,6.0,1.0,6.0,1.0,2.3,1.15,1.15,40.3,6.358086190613146,4.044547736859794,29.33800487029246,33.53323986596246,28.65429463727436
CH,2024-05-23,79.2,-1.77,5.94,"Hendricks, Kyle",644433,543294,single,hit_into_play,,,,,14,Chadwick Tromp singles on a line drive to right fielder Seiya Suzuki. Jarred Kelenic to 2nd.,R,R,R,CHC,ATL,X,9.0,line_drive,0,2,2024,-0.34,0.71,1.1,1.77,,,672284.0,2,9,Top,154.9,123.2,,,,,6.8370921405146055,-115.23404810683866,-3.725924297556713,-4.149557686653646,17.69977562545838,-25.38855310124057,3.39,1.61,205.0,65.8,28.0,78.9,2081,5.7,746874,543228,683737,663538,666624,621020,643565,641355,673548,54.8,0.937,0.867,0.9,1.0,1.0,0.0,4.0,66,3,Changeup,0,3,3,0,3,0,3,0,Standard,Standard,230,-0.003,0.458,61.3,7.7,0.996,-0.458,88.0,-3,3,0.035,0.965,34,29,35,29,2,3,6.0,3.0,6.0,2.0,2.88,0.34,0.34,41.9,7.959811680127848,2.1607291396355457,28.904197849577454,50.47688223313934,31.133176589503503
CH,2024-05-23,79.9,-1.86,5.94,"Hendricks, Kyle",644433,543294,,swinging_strike,,,,,6,Chadwick Tromp singles on a line drive to right fielder Seiya Suzuki. Jarred Kelenic to 2nd.,R,R,R,CHC,ATL,S,,,0,1,2024,-0.43,1.07,0.61,2.52,,,672284.0,2,9,Top,,,,,,,6.179984005334918,-116.39467948011377,-2.8891502387022165,-4.943986492751292,18.98489040376436,-22.04267543403665,3.39,1.61,,,,79.5,2124,5.6,746874,543228,683737,663538,666624,621020,643565,641355,673548,54.85,,,,,,,,66,2,Changeup,0,3,3,0,3,0,3,0,Standard,Standard,233,0.0,-0.054,66.7,7.3,,0.054,,-3,3,0.035,0.965,34,29,35,29,2,3,6.0,3.0,6.0,2.0,2.45,0.43,0.43,41.2,9.809411091063698,10.053154682578082,25.92995982753978,44.97910842235876,28.63444056164622
SI,2024-05-23,86.4,-1.87,5.86,"Hendricks, Kyle",644433,543294,,foul,,,,,5,Chadwick Tromp singles on a line drive to right fielder Seiya Suzuki. Jarred Kelenic to 2nd.,R,R,R,CHC,ATL,S,,,0,0,2024,-1.02,0.46,-0.11,2.5,,,672284.0,2,9,Top,,,,,,,6.221152643521447,-125.81948938244037,-2.7806347507202527,-12.07366028496909,21.75547805508777,-26.971645498547797,3.39,1.61,168.0,71.3,19.0,86.1,1828,5.7,746874,543228,683737,663538,666624,621020,643565,641355,673548,54.78,,,,,,,,66,1,Sinker,0,3,3,0,3,0,3,0,Standard,Standard,217,0.0,-0.047,73.2,6.8,,0.047,88.0,-3,3,0.035,0.965,34,29,35,29,2,3,6.0,3.0,6.0,2.0,2.56,1.02,1.02,40.8,3.2164465956769925,6.987828128876871,31.881200482779203,35.38121994227396,28.96134270884206
CH,2024-05-23,81.0,-1.98,5.91,"Hendricks, Kyle",672284,543294,force_out,hit_into_play,,,,,4,"Jarred Kelenic grounds into a force out, second baseman Nico Hoerner to shortstop Dansby Swanson. Orlando Arcia out at 2nd. Jarred Kelenic to 1st.",R,L,R,CHC,ATL,X,4.0,ground_ball,0,1,2024,-1.19,0.29,-0.76,2.75,,,606115.0,1,9,Top,154.3,151.64,,,,,4.943417557994157,-117.91662830146416,-1.0495316827223549,-12.062693713131251,19.732635741291336,-29.479019601036885,3.62,1.7,7.0,71.6,-21.0,80.6,2256,5.7,746874,543228,683737,663538,666624,621020,643565,641355,673548,54.79,0.043,0.047,0.0,1.0,0.0,0.0,2.0,65,2,Changeup,0,3,3,0,3,0,3,0,Infield shade,Standard,230,0.004,-0.273,73.4,7.5,0.048,0.273,88.0,-3,3,0.031,0.969,34,24,35,25,1,3,6.0,2.0,6.0,2.0,3.15,1.19,-1.19,41.3,17.97065282620297,-2.1299931634462927,25.818287311084056,44.85744218814492,31.015960132767617
CH,2024-05-23,80.4,-1.97,5.96,"Hendricks, Kyle",672284,543294,,foul,,,,,1,"Jarred Kelenic grounds into a force out, second baseman Nico Hoerner to shortstop Dansby Swanson. Orlando Arcia out at 2nd. Jarred Kelenic to 1st.",R,L,R,CHC,ATL,S,,,0,0,2024,-1.3,0.71,-0.37,3.03,,,606115.0,1,9,Top,,,,,,,5.907634871112698,-117.11079492568808,-1.2529796534271158,-13.003333836097235,18.98594683773529,-25.57963207445033,3.62,1.7,222.0,69.7,50.0,80.0,2267,5.6,746874,543228,683737,663538,666624,621020,643565,641355,673548,54.86,,,,,,,,65,1,Changeup,0,3,3,0,3,0,3,0,Infield shade,Standard,232,0.0,-0.04,70.2,7.5,,0.04,88.0,-3,3,0.031,0.969,34,24,35,25,1,3,6.0,2.0,6.0,2.0,2.77,1.3,-1.3,41.2,13.860209924335052,-3.0239805005466662,27.87833992751384,41.30318827028276,29.54912245166944
CH,2024-05-23,80.6,-1.91,5.96,"Hendricks, Kyle",671739,543294,field_out,hit_into_play,,,,,8,Michael Harris II lines out to right fielder Seiya Suzuki.,R,L,R,CHC,ATL,X,9.0,line_drive,1,2,2024,-1.09,0.71,-0.25,1.61,,,606115.0,0,9,Top,153.89,83.11,,,,,5.667091763243806,-117.24705876366626,-4.298962764296501,-11.130654965407498,21.502670574727663,-25.012927033512703,3.49,1.6,296.0,81.7,25.0,79.6,2158,5.5,746874,543228,683737,663538,666624,621020,643565,641355,673548,54.98,0.231,0.208,0.0,1.0,0.0,0.0,3.0,64,4,Changeup,0,3,3,0,3,0,3,0,Strategic,Standard,224,0.005,-0.189,77.0,8.6,0.26,0.189,88.0,-3,3,0.026,0.974,34,23,35,23,1,3,6.0,1.0,6.0,1.0,2.79,1.09,-1.09,41.5,10.558221129632862,-14.639099761078674,32.872703174058515,41.55084881867905,44.387768217369214
FF,2024-05-23,86.3,-1.94,5.77,"Hendricks, Kyle",671739,543294,,foul,,,,,3,Michael Harris II lines out to right fielder Seiya Suzuki.,R,L,R,CHC,ATL,S,,,1,1,2024,-0.55,1.22,0.53,3.4,,,606115.0,0,9,Top,,,,,,,6.926375731927853,-125.59576764106993,-1.9096922343405511,-7.22846584272917,24.219225561228875,-19.01079660650337,3.49,1.6,140.0,57.7,55.0,85.6,1952,5.7,746874,543228,683737,663538,666624,621020,643565,641355,673548,54.78,,,,,,,,64,3,4-Seam Fastball,0,3,3,0,3,0,3,0,Standard,Standard,218,0.0,-0.049,71.5,6.9,,0.049,88.0,-3,3,0.026,0.974,34,23,35,23,1,3,6.0,1.0,6.0,1.0,1.82,0.55,-0.55,39.0,2.805601480430948,16.366746463720318,26.32802692924136,32.72353790614544,23.05435925940867
CH,2024-05-23,79.9,-1.94,5.88,"Hendricks, Kyle",671739,543294,,ball,,,,,13,Michael Harris II lines out to right fielder Seiya Suzuki.,R,L,R,CHC,ATL,B,,,0,1,2024,-1.29,0.39,-1.5,2.19,,,606115.0,0,9,Top,,,,,,,3.36097556149554,-116.47896064684844,-2.258739745189766,-12.444771880420516,18.241631166400083,-28.434519038804343,3.35,1.61,,,,79.5,2127,5.5,746874,543228,683737,663538,666624,621020,643565,641355,673548,54.96,,,,,,,,64,2,Changeup,0,3,3,0,3,0,3,0,Standard,Standard,225,0.0,0.034,,,,-0.034,,-3,3,0.026,0.974,34,23,35,23,1,3,6.0,1.0,6.0,1.0,3.12,1.29,-1.29,41.1,,,,,
FF,2024-05-23,87.3,-2.04,5.78,"Hendricks, Kyle",671739,543294,,called_strike,,,,,8,Michael Harris II lines out to right fielder Seiya Suzuki.,R,L,R,CHC,ATL,S,,,0,0,2024,-0.53,1.1,0.11,1.67,,,606115.0,0,9,Top,,,,,,,6.189453422417192,-127.04496677679975,-6.059565399796646,-6.823533653882763,21.0944704234413,-19.22625730067009,3.45,1.61,,,,87.1,2051,5.7,746874,543228,683737,663538,666624,621020,643565,641355,673548,54.75,,,,,,,,64,1,4-Seam Fastball,0,3,3,0,3,0,3,0,Standard,Standard,213,0.0,-0.042,,,,0.042,,-3,3,0.026,0.974,34,23,35,23,1,3,6.0,1.0,6.0,1.0,1.84,0.53,-0.53,38.3,,,,,
SI,2024-05-23,85.8,-1.93,5.88,"Hendricks, Kyle",606115,543294,single,hit_into_play,,,,,5,Orlando Arcia singles on a ground ball to left fielder Mike Tauchman.,R,R,R,CHC,ATL,X,7.0,ground_ball,0,0,2024,-1.22,0.48,0.25,2.54,,,,0,9,Top,90.16,102.02,,,,,7.534881356055565,-124.91922081676182,-2.707208988647607,-14.238768381029915,21.468112086999984,-26.74768432480212,3.48,1.62,70.0,102.9,2.0,85.4,1853,5.7,746874,543228,683737,663538,666624,621020,643565,641355,673548,54.8,0.549,0.522,0.9,1.0,1.0,0.0,4.0,63,1,Sinker,0,3,3,0,3,0,3,0,Standard,Standard,218,-0.005,0.448,73.8,8.3,0.628,-0.448,102.9,-3,3,0.031,0.969,34,29,35,30,1,3,6.0,1.0,6.0,1.0,2.57,1.22,1.22,40.2,14.09495435099646,-13.172103047905884,21.9212159484065,38.01578071749772,37.41669638394764
CH,2024-05-23,80.6,-2.0,5.95,"Hendricks, Kyle",621566,543294,field_out,hit_into_play,,,,,7,"Matt Olson grounds out, second baseman Nico Hoerner to first baseman Michael Busch.",R,L,R,CHC,ATL,X,4.0,ground_ball,0,1,2024,-1.01,0.31,-0.36,2.24,645277.0,,,2,8,Top,135.49,168.47,,,,,5.478375319047461,-117.42789199516795,-2.2959772415356987,-10.28569037830048,17.193696245586228,-29.095006546202427,3.58,1.73,20.0,107.2,-6.0,80.5,2243,5.7,746874,543228,683737,663538,666624,621020,643565,641355,673548,54.85,0.391,0.326,0.0,1.0,0.0,0.0,2.0,59,2,Changeup,0,3,3,0,3,0,3,0,Standard,Standard,228,0.012,-0.24,74.3,7.2,0.425,0.24,107.2,-3,3,0.067,0.933,34,30,35,30,1,3,6.0,1.0,6.0,1.0,3.13,1.01,-1.01,42.5,2.2329706217093106,2.99937483625345,32.06671864732121,42.090661451819344,35.01295683650656
CH,2024-05-23,79.9,-2.14,5.92,"Hendricks, Kyle",621566,543294,,called_strike,,,,,8,"Matt Olson grounds out, second baseman Nico Hoerner to first baseman Michael Busch.",R,L,R,CHC,ATL,S,,,0,0,2024,-1.23,0.25,0.16,1.74,645277.0,,,2,8,Top,,,,,,,7.2728445017761905,-116.2161739092816,-2.9237954150120964,-12.46873241354816,21.724832931219247,-29.58234349047093,3.44,1.69,,,,79.0,2316,5.7,746874,543228,683737,663538,666624,621020,643565,641355,673548,54.85,,,,,,,,59,1,Changeup,0,3,3,0,3,0,3,0,Standard,Standard,221,0.0,-0.039,,,,0.039,,-3,3,0.067,0.933,34,30,35,30,1,3,6.0,1.0,6.0,1.0,3.33,1.23,-1.23,41.1,,,,,
CH,2024-05-23,79.7,-2.01,5.97,"Hendricks, Kyle",542303,543294,sac_fly,hit_into_play,,,,,5,Marcell Ozuna out on a sacrifice fly to left fielder Mike Tauchman. Adam Duvall scores. Ozzie Albies to 3rd.,R,R,R,CHC,ATL,X,7.0,fly_ball,0,1,2024,-0.63,1.07,0.21,2.55,594807.0,645277.0,,1,8,Top,74.19,63.14,,,,,5.979945835894156,-115.96238505868956,-2.809115901775974,-6.765259027650751,19.39096637836014,-22.186492636045383,3.49,1.74,359.0,104.8,43.0,79.0,2050,5.6,746874,543228,683737,663538,666624,621020,643565,641355,673548,54.92,0.246,0.483,0.0,1.0,0.0,0.0,5.0,58,2,Changeup,0,2,2,0,3,0,3,0,Strategic,Standard,230,-0.017,-0.177,79.3,7.9,0.929,0.177,104.8,-2,2,0.084,0.916,34,33,35,34,1,3,6.0,1.0,6.0,1.0,2.49,0.63,0.63,41.8,20.32839340717822,-10.999975499954497,35.9964133041474,38.2184507569931,45.172002255274094
SI,2024-05-23,88.0,-1.94,5.92,"Hendricks, Kyle",542303,543294,,called_strike,,,,,6,Marcell Ozuna out on a sacrifice fly to left fielder Mike Tauchman. Adam Duvall scores. Ozzie Albies to 3rd.,R,R,R,CHC,ATL,S,,,0,0,2024,-1.27,0.4,0.56,2.6,594807.0,,645277.0,1,8,Top,,,,,,,8.610404489143589,-128.0520119135806,-2.835684610102332,-15.697153110526372,22.520079535730044,-27.405658944621464,3.54,1.79,,,,87.6,2002,5.7,746874,543228,683737,663538,666624,621020,643565,641355,673548,54.76,,,,,,,,58,1,Sinker,0,2,2,0,2,0,2,0,Infield shade,Standard,213,-0.009,-0.045,,,,0.045,,-2,2,0.093,0.907,34,33,35,34,1,3,6.0,1.0,6.0,1.0,2.51,1.27,1.27,40.6,,,,,
SI,2024-05-23,87.1,-2.02,5.86,"Hendricks, Kyle",645277,543294,single,hit_into_play,,,,,2,Ozzie Albies singles on a ground ball to right fielder Seiya Suzuki. Chadwick Tromp scores. Adam Duvall to 3rd.,R,L,R,CHC,ATL,X,9.0,ground_ball,0,0,2024,-0.99,0.46,0.0,2.74,,644433.0,594807.0,1,8,Top,187.06,145.16,,,,,6.796035020721489,-126.87177027356178,-2.347454015630392,-11.948758345490324,21.75898932047442,-26.902489176311647,3.22,1.58,117.0,101.6,7.0,86.8,1954,5.7,746874,543228,683737,663538,666624,621020,643565,641355,673548,54.82,0.666,0.616,0.9,1.0,1.0,0.0,4.0,57,1,Sinker,0,1,1,0,2,0,2,0,Standard,Standard,213,-0.121,0.48,75.6,7.5,0.748,-0.48,101.6,-1,1,0.214,0.786,34,27,35,27,1,3,6.0,1.0,6.0,1.0,2.5,0.99,-0.99,41.8,20.748377383892954,-16.34045277460365,32.57562462100579,33.63760810471416,45.10739773307629
SI,2024-05-23,88.4,-2.0,5.89,"Hendricks, Kyle",660670,543294,strikeout,swinging_strike,,,,,11,Ronald Acuña Jr. strikes out swinging.,R,R,R,CHC,ATL,S,2.0,,3,2,2024,-1.1,0.57,-0.51,3.76,,644433.0,594807.0,0,8,Top,,,,,,,5.851170730825149,-128.84181747620988,-0.4029444922526899,-13.450440679118818,22.73378937532197,-25.826862822610742,3.55,1.63,,,,88.1,1955,5.7,746874,543228,683737,663538,666624,621020,643565,641355,673548,54.84,,0.0,0.0,1.0,0.0,0.0,,56,6,Sinker,0,1,1,0,1,0,1,0,Standard,Standard,212,0.045,-0.36,70.0,6.3,,0.36,,-1,1,0.169,0.831,34,26,35,27,1,3,6.0,1.0,6.0,1.0,2.3,1.1,1.1,41.8,5.899420879346149,27.23969088966508,27.20162710069772,34.58832527140213,16.766049825253024
CU,2024-05-23,75.0,-1.9,5.94,"Hendricks, Kyle",660670,543294,,blocked_ball,,,,,14,Ronald Acuña Jr. strikes out swinging.,R,R,R,CHC,ATL,B,,,2,2,2024,1.23,-1.13,2.45,0.31,,644433.0,594807.0,0,8,Top,,,,,,,6.699579507358758,-108.95130294954096,-2.3033406618358567,8.266926726507165,22.88237727747799,-40.840258074505066,3.6,1.68,,,,73.4,3032,5.6,746874,543228,683737,663538,666624,621020,643565,641355,673548,54.87,,,,,,,,56,5,Curveball,0,1,1,0,1,0,1,0,Standard,Standard,41,0.0,0.137,,,,-0.137,,-1,1,0.169,0.831,34,26,35,27,1,3,6.0,1.0,6.0,1.0,5.27,-1.23,-1.23,43.2,,,,,
SI,2024-05-23,86.6,-1.99,5.83,"Hendricks, Kyle",660670,543294,,ball,,,,,13,Ronald Acuña Jr. strikes out swinging.,R,R,R,CHC,ATL,B,,,1,2,2024,-1.27,0.45,-0.26,1.02,,644433.0,594807.0,0,8,Top,,,,,,,6.644405923481627,-125.84087183704744,-6.152086387205658,-14.84098999281414,24.236401215242125,-26.404821597096245,3.6,1.64,,,,85.7,1906,5.7,746874,543228,683737,663538,666624,621020,643565,641355,673548,54.82,,,,,,,,56,4,Sinker,0,1,1,0,1,0,1,0,Standard,Standard,216,0.0,0.026,,,,-0.026,,-1,1,0.169,0.831,34,26,35,27,1,3,6.0,1.0,6.0,1.0,2.59,1.27,1.27,42.9,,,,,
CH,2024-05-23,79.5,-2.05,5.95,"Hendricks, Kyle",660670,543294,,foul,,,,,8,Ronald Acuña Jr. strikes out swinging.,R,R,R,CHC,ATL,S,,,1,1,2024,-0.36,1.08,-0.08,1.67,,644433.0,594807.0,0,8,Top,,,,,,,4.924971784109806,-115.7402288745572,-4.675642353855272,-4.106986198276999,19.551296045669325,-21.809856292303003,3.55,1.63,186.0,65.1,45.0,78.8,2153,5.5,746874,543228,683737,663538,666624,621020,643565,641355,673548,54.96,,,,,,,,56,3,Changeup,0,1,1,0,1,0,1,0,Standard,Standard,226,0.0,-0.069,75.9,8.2,,0.069,88.0,-1,1,0.169,0.831,34,26,35,27,1,3,6.0,1.0,6.0,1.0,2.5,0.36,0.36,42.6,11.336937346819946,5.35370314486282,46.34769878991776,38.246280887875706,31.216452529542995
SI,2024-05-23,88.0,-2.19,5.85,"Hendricks, Kyle",660670,543294,,ball,,,,,11,Ronald Acuña Jr. strikes out swinging.,R,R,R,CHC,ATL,B,,,0,1,2024,-0.93,0.34,-1.83,3.57,,644433.0,594807.0,0,8,Top,,,,,,,2.7740937205381297,-128.2893696985632,-0.2101561100439006,-10.883757382351073,24.641920890359792,-28.535233291779576,3.6,1.68,,,,87.3,1930,5.6,746874,543228,683737,663538,666624,621020,643565,641355,673548,54.93,,,,,,,,56,2,Sinker,0,1,1,0,1,0,1,0,Standard,Standard,209,0.0,0.034,,,,-0.034,,-1,1,0.169,0.831,34,26,35,27,1,3,6.0,1.0,6.0,1.0,2.57,0.93,0.93,40.4,,,,,
CH,2024-05-23,79.9,-2.04,5.94,"Hendricks, Kyle",660670,543294,,called_strike,,,,,3,Ronald Acuña Jr. strikes out swinging.,R,R,R,CHC,ATL,S,,,0,0,2024,-0.22,1.09,0.44,3.25,,644433.0,594807.0,0,8,Top,,,,,,,5.807349564593308,-116.32632058566156,-1.271216707903472,-3.0674344714572066,21.02159903820892,-22.212642037239007,3.56,1.59,,,,79.0,2133,5.6,746874,543228,683737,663538,666624,621020,643565,641355,673548,54.92,,,,,,,,56,1,Changeup,0,1,1,0,1,0,1,0,Standard,Standard,225,0.0,-0.044,,,,0.044,,-1,1,0.169,0.831,34,26,35,27,1,3,6.0,1.0,6.0,1.0,2.46,0.22,0.22,40.8,,,,,
SI,2024-05-23,87.4,-2.04,5.82,"Hendricks, Kyle",594807,543294,walk,blocked_ball,,,,,13,Adam Duvall walks. Chadwick Tromp to 2nd.,R,R,R,CHC,ATL,B,,,3,2,2024,-1.15,0.6,-0.32,0.47,,,644433.0,0,8,Top,,,,,,,6.407675303767368,-127.14698383875552,-8.03058612932224,-13.674069471778722,21.735945677270838,-24.294982195229192,3.44,1.62,,,,87.1,1866,5.7,746874,543228,683737,663538,666624,621020,643565,641355,673548,54.75,,0.689131,0.7,1.0,0.0,0.0,,55,7,Sinker,0,1,1,0,1,0,1,0,Infield shade,Standard,219,-0.045,0.291,,,,-0.291,,-1,1,0.214,0.786,34,35,35,36,1,0,6.0,1.0,6.0,1.0,2.34,1.15,1.15,40.6,,,,,
CH,2024-05-23,80.3,-1.87,5.99,"Hendricks, Kyle",594807,543294,,ball,,,,,14,Adam Duvall walks. Chadwick Tromp to 2nd.,R,R,R,CHC,ATL,B,,,2,2,2024,-0.62,0.93,1.52,1.45,,,644433.0,0,8,Top,,,,,,,8.551471836134306,-116.76074153411444,-5.2172452023987965,-6.942478922286842,16.42979504975235,-22.852236157811276,3.44,1.62,,,,80.1,2243,5.6,746874,543228,683737,663538,666624,621020,643565,641355,673548,54.89,,,,,,,,55,6,Changeup,0,1,1,0,1,0,1,0,Infield shade,Standard,230,0.0,0.117,,,,-0.117,,-1,1,0.214,0.786,34,35,35,36,1,0,6.0,1.0,6.0,1.0,2.54,0.62,0.62,43.4,,,,,
CH,2024-05-23,79.8,-2.03,5.95,"Hendricks, Kyle",594807,543294,,foul,,,,,14,Adam Duvall walks. Chadwick Tromp to 2nd.,R,R,R,CHC,ATL,S,,,2,2,2024,-0.36,1.0,0.86,2.13,,,644433.0,0,8,Top,,,,,,,6.934248604341431,-116.14333228791727,-3.576559511646646,-4.429935075799959,19.191073977610728,-22.63728438898604,3.43,1.57,4.0,60.1,-32.0,79.1,2149,5.5,746874,543228,683737,663538,666624,621020,643565,641355,673548,54.95,,,,,,,,55,5,Changeup,0,1,1,0,1,0,1,0,Infield shade,Standard,222,0.0,0.0,67.5,8.5,,0.0,88.0,-1,1,0.214,0.786,34,35,35,36,1,0,6.0,1.0,6.0,1.0,2.55,0.36,0.36,42.3,30.47719699789364,-24.911095450119888,31.297787526765084,48.351980167490886,46.70072506564909
SI,2024-05-23,87.3,-1.88,5.93,"Hendricks, Kyle",594807,543294,,ball,,,,,14,Adam Duvall walks. Chadwick Tromp to 2nd.,R,R,R,CHC,ATL,B,,,1,2,2024,-1.01,0.44,1.25,1.65,,,644433.0,0,8,Top,,,,,,,9.466208100339363,-126.83863910064764,-5.015257947431741,-12.74149548412958,24.16987216362808,-26.5701029063128,3.39,1.58,,,,86.4,1869,5.6,746874,543228,683737,663538,666624,621020,643565,641355,673548,54.86,,,,,,,,55,4,Sinker,0,1,1,0,1,0,1,0,Infield shade,Standard,214,0.0,0.045,,,,-0.045,,-1,1,0.214,0.786,34,35,35,36,1,0,6.0,1.0,6.0,1.0,2.54,1.01,1.01,41.9,,,,,
SI,2024-05-23,86.7,-1.95,5.94,"Hendricks, Kyle",594807,543294,,foul,,,,,7,Adam Duvall walks. Chadwick Tromp to 2nd.,R,R,R,CHC,ATL,S,,,1,1,2024,-1.24,0.56,-0.65,2.02,,,644433.0,0,8,Top,,,,,,,5.541539910425222,-126.16146843995811,-4.286117655144872,-14.323643945536164,25.543843602760973,-25.51167292654784,3.43,1.57,131.0,52.4,53.0,85.7,1953,5.6,746874,543228,683737,663538,666624,621020,643565,641355,673548,54.87,,,,,,,,55,3,Sinker,0,1,1,0,1,0,1,0,Standard,Standard,210,0.0,-0.049,71.1,6.8,,0.049,88.0,-1,1,0.214,0.786,34,35,35,36,1,0,6.0,1.0,6.0,1.0,2.47,1.24,1.24,42.7,-1.5153155783658567,9.280500075439432,40.17345678805723,30.681625123851106,25.253796647079973
CU,2024-05-23,72.3,-2.1,5.92,"Hendricks, Kyle",594807,543294,,called_strike,,,,,11,Adam Duvall walks. Chadwick Tromp to 2nd.,R,R,R,CHC,ATL,S,,,1,0,2024,1.23,-0.92,-0.89,3.22,,,644433.0,0,8,Top,,,,,,,0.2904442757601461,-105.09806989860591,3.631914422650667,8.993246523489933,20.046950386214775,-39.85715892149573,3.4,1.47,,,,70.7,2938,5.4,746874,543228,683737,663538,666624,621020,643565,641355,673548,55.09,,,,,,,,55,2,Curveball,0,1,1,0,1,0,1,0,Standard,Standard,49,0.0,-0.049,,,,0.049,,-1,1,0.214,0.786,34,35,35,36,1,0,6.0,1.0,6.0,1.0,5.33,-1.23,-1.23,40.4,,,,,
SI,2024-05-23,87.6,-2.12,5.95,"Hendricks, Kyle",594807,543294,,ball,,,,,11,Adam Duvall walks. Chadwick Tromp to 2nd.,R,R,R,CHC,ATL,B,,,0,0,2024,-1.14,0.52,-0.79,3.85,,,644433.0,0,8,Top,,,,,,,5.489307070016982,-127.68867565160492,-0.1556813655327801,-13.590443700757344,21.673600472714387,-26.571636315064875,3.44,1.58,,,,87.3,1927,5.6,746874,543228,683737,663538,666624,621020,643565,641355,673548,54.86,,,,,,,,55,1,Sinker,0,1,1,0,1,0,1,0,Standard,Standard,211,0.0,0.042,,,,-0.042,,-1,1,0.214,0.786,34,35,35,36,1,0,6.0,1.0,6.0,1.0,2.4,1.14,1.14,40.8,,,,,
SI,2024-05-23,88.0,-2.1,5.95,"Hendricks, Kyle",644433,543294,single,hit_into_play,,,,,5,Chadwick Tromp singles on a line drive to right fielder Seiya Suzuki.,R,R,R,CHC,ATL,X,9.0,line_drive,0,2,2024,-1.01,0.61,-0.14,2.82,,,,0,8,Top,184.82,108.18,,,,,6.751531379644041,-128.11174643775269,-2.816596157670858,-12.42401069925022,23.290203563499617,-25.08634949505096,3.39,1.61,209.0,91.3,13.0,87.5,2011,5.7,746874,543228,683737,663538,666624,621020,643565,641355,673548,54.83,0.943,0.913,0.9,1.0,1.0,0.0,4.0,54,4,Sinker,0,1,1,0,1,0,1,0,Standard,Standard,216,-0.033,0.539,62.5,6.0,1.121,-0.539,91.3,-1,1,0.247,0.753,34,29,35,29,1,2,6.0,3.0,6.0,2.0,2.3,1.01,1.01,41.4,-4.17932555846828,25.371420859725028,29.549649376504064,35.07206477295567,20.8336518494529
CH,2024-05-23,80.3,-2.13,6.01,"Hendricks, Kyle",644433,543294,,foul,,,,,2,Chadwick Tromp singles on a line drive to right fielder Seiya Suzuki.,R,R,R,CHC,ATL,S,,,0,2,2024,-0.28,0.49,-0.14,3.02,,,,0,8,Top,,,,,,,4.882941949408364,-117.031404147784,-0.9894054821472756,-3.4167617550129603,18.585492652557363,-27.66040594152533,3.39,1.61,148.0,73.6,73.0,79.8,2195,5.5,746874,543228,683737,663538,666624,621020,643565,641355,673548,54.99,,,,,,,,54,3,Changeup,0,1,1,0,1,0,1,0,Standard,Standard,222,0.0,0.0,68.2,7.1,,0.0,88.0,-1,1,0.247,0.753,34,29,35,29,1,2,6.0,3.0,6.0,2.0,2.99,0.28,0.28,42.1,10.181645185710922,-8.019154144238579,25.92085805355918,34.90598011609714,37.40147608760512
SI,2024-05-23,87.0,-2.11,5.87,"Hendricks, Kyle",644433,543294,,foul,,,,,7,Chadwick Tromp singles on a line drive to right fielder Seiya Suzuki.,R,R,R,CHC,ATL,S,,,0,1,2024,-1.35,0.42,-0.8,1.69,,,,0,8,Top,,,,,,,5.81357439390054,-126.55346847825054,-4.697879955037521,-15.648978691040671,23.71347521585762,-26.97425699305754,3.39,1.61,2.0,70.8,-34.0,86.2,1947,5.6,746874,543228,683737,663538,666624,621020,643565,641355,673548,54.89,,,,,,,,54,2,Sinker,0,1,1,0,1,0,1,0,Standard,Standard,221,0.0,-0.054,73.2,7.3,,0.054,88.0,-1,1,0.247,0.753,34,29,35,29,1,2,6.0,3.0,6.0,2.0,2.58,1.35,1.35,40.6,9.868367433006204,-5.225355092173024,36.75330870989233,26.12723018493638,30.654769549989048
SI,2024-05-23,87.8,-2.19,5.87,"Hendricks, Kyle",644433,543294,,called_strike,,,,,6,Chadwick Tromp singles on a line drive to right fielder Seiya Suzuki.,R,R,R,CHC,ATL,S,,,0,0,2024,-1.25,0.42,0.66,2.84,,,,0,8,Top,,,,,,,9.367348392629063,-127.52317833302745,-2.0500115796763523,-15.530741115541408,26.573444266543937,-27.32286342675419,3.49,1.71,,,,86.7,2128,5.8,746874,543228,683737,663538,666624,621020,643565,641355,673548,54.75,,,,,,,,54,1,Sinker,0,1,1,0,1,0,1,0,Standard,Standard,211,0.0,-0.037,,,,0.037,,-1,1,0.247,0.753,34,29,35,29,1,2,6.0,3.0,6.0,2.0,2.55,1.25,1.25,38.7,,,,,
CH,2024-05-17,80.6,-2.55,5.87,"Hendricks, Kyle",518735,543294,single,hit_into_play,,,,,13,Yasmani Grandal singles on a line drive to right fielder Cody Bellinger. Connor Joe scores. Jack Suwinski scores.,R,L,R,CHC,PIT,X,9.0,line_drive,2,2,2024,-1.38,0.41,-0.43,1.09,656582.0,669261.0,,2,5,Top,169.0,103.42,,,,,7.233449951613086,-117.18917581742755,-4.718618094891089,-14.09567396706645,20.800406820744406,-27.70627672782161,3.22,1.48,260.0,81.8,19.0,79.7,2112,5.6,746878,665804,683737,663611,666624,670156,664023,691718,641355,54.89,0.931,0.892,0.9,1.0,1.0,0.0,4.0,37,5,Changeup,0,6,6,0,8,0,8,0,Standard,Standard,233,-0.021,0.78,67.5,8.3,1.088,-0.78,88.0,-6,6,0.032,0.968,34,35,35,36,3,2,5.0,1.0,6.0,2.0,3.09,1.38,-1.38,41.1,10.945598890077171,-6.477105742853798,33.009369382117846,42.07533171364842,39.85326041428984
SI,2024-05-17,87.0,-2.41,5.86,"Hendricks, Kyle",518735,543294,,called_strike,,,,,11,Yasmani Grandal singles on a line drive to right fielder Cody Bellinger. Connor Joe scores. Jack Suwinski scores.,R,L,R,CHC,PIT,S,,,2,1,2024,-1.21,0.38,-0.04,3.35,656582.0,669261.0,,2,5,Top,,,,,,,8.027490641432216,-126.58879163050018,-0.6873924244150316,-14.574556445088382,21.997535317398818,-28.148963207311198,3.2,1.48,,,,86.3,1880,5.5,746878,665804,683737,663611,666624,670156,664023,691718,641355,55.01,,,,,,,,37,4,Sinker,0,6,6,0,6,0,6,0,Standard,Standard,214,0.0,-0.06,,,,0.06,,-6,6,0.032,0.968,34,35,35,36,3,2,5.0,1.0,6.0,2.0,2.6,1.21,-1.21,38.8,,,,,
CH,2024-05-17,80.5,-2.53,5.91,"Hendricks, Kyle",518735,543294,,ball,,,,,13,Yasmani Grandal singles on a line drive to right fielder Cody Bellinger. Connor Joe scores. Jack Suwinski scores.,R,L,R,CHC,PIT,B,,,1,1,2024,-1.25,0.34,-0.94,1.07,656582.0,669261.0,,2,5,Top,,,,,,,5.811568178628157,-117.0949694247207,-4.66711158674109,-12.570435786650856,21.381802576689747,-28.40219545583097,3.2,1.48,,,,79.6,2082,5.6,746878,665804,683737,663611,666624,670156,664023,691718,641355,54.88,,,,,,,,37,3,Changeup,0,6,6,0,6,0,6,0,Standard,Standard,233,0.0,0.016,,,,-0.016,,-6,6,0.032,0.968,34,35,35,36,3,2,5.0,1.0,6.0,2.0,3.17,1.25,-1.25,39.8,,,,,
CH,2024-05-17,80.0,-2.43,5.91,"Hendricks, Kyle",518735,543294,,swinging_strike,,,,,7,Yasmani Grandal singles on a line drive to right fielder Cody Bellinger. Connor Joe scores. Jack Suwinski scores.,R,L,R,CHC,PIT,S,,,1,0,2024,-1.27,0.35,-0.81,1.9,656582.0,,669261.0,2,5,Top,,,,,,,5.875565207927135,-116.38382651806702,-2.79435151680854,-12.667521306455724,20.52142673988083,-28.651223652472137,3.22,1.48,,,,79.1,2080,5.5,746878,665804,683737,663611,666624,670156,664023,691718,641355,54.97,,,,,,,,37,2,Changeup,0,6,6,0,6,0,6,0,Standard,Standard,231,-0.001,-0.045,70.5,8.7,,0.045,,-6,6,0.033,0.967,34,35,35,36,3,2,5.0,1.0,6.0,2.0,3.19,1.27,-1.27,41.5,12.569276451604477,-21.6571561783833,24.17774877441778,47.58038025066962,43.98490338372832
CH,2024-05-17,79.9,-2.52,5.99,"Hendricks, Kyle",518735,543294,,ball,,,,,11,Yasmani Grandal singles on a line drive to right fielder Cody Bellinger. Connor Joe scores. Jack Suwinski scores.,R,L,R,CHC,PIT,B,,,0,0,2024,-1.22,0.34,-1.29,2.78,656582.0,,669261.0,2,5,Top,,,,,,,4.929188745098577,-116.35514247512631,-1.056499659843215,-12.009333984914475,19.256796328693596,-29.107500240495064,3.23,1.48,,,,79.2,2143,5.5,746878,665804,683737,663611,666624,670156,664023,691718,641355,55.01,,,,,,,,37,1,Changeup,0,6,6,0,6,0,6,0,Standard,Standard,229,0.0,0.03,,,,-0.03,,-6,6,0.033,0.967,34,35,35,36,3,2,5.0,1.0,6.0,2.0,3.19,1.22,-1.22,42.2,,,,,
CH,2024-05-17,79.3,-2.55,5.94,"Hendricks, Kyle",669261,543294,single,hit_into_play,,,,,1,Jack Suwinski singles on a ground ball to right fielder Cody Bellinger. Connor Joe to 3rd.,R,L,R,CHC,PIT,X,9.0,ground_ball,0,1,2024,-1.31,0.67,-0.33,3.01,,,656582.0,2,5,Top,180.66,117.61,,,,,7.194326824369152,-115.3527883085515,-0.9791842105387768,-12.97582724045815,18.82605134551044,-26.12113701191825,3.56,1.61,17.0,96.1,-9.0,78.6,2308,5.6,746878,665804,683737,663611,666624,670156,664023,691718,641355,54.94,0.223,0.244,0.9,1.0,1.0,0.0,2.0,36,2,Changeup,0,6,6,0,6,0,6,0,Infield shade,Standard,231,-0.003,0.404,74.0,7.3,0.256,-0.404,96.1,-6,6,0.036,0.964,34,25,35,26,3,2,5.0,1.0,6.0,2.0,2.92,1.31,-1.31,40.9,13.41377230838373,-4.84419505828696,23.09838601651419,39.46345510506315,32.258542854869034
CH,2024-05-17,79.4,-2.47,5.95,"Hendricks, Kyle",669261,543294,,called_strike,,,,,4,Jack Suwinski singles on a ground ball to right fielder Cody Bellinger. Connor Joe to 3rd.,R,L,R,CHC,PIT,S,,,0,0,2024,-1.29,0.85,-0.48,2.77,,,656582.0,2,5,Top,,,,,,,6.650929113418421,-115.49915668707196,-1.8324466511230169,-12.714360577321486,18.84182009115232,-24.38501678214523,3.46,1.6,,,,78.7,2248,5.5,746878,665804,683737,663611,666624,670156,664023,691718,641355,54.98,,,,,,,,36,1,Changeup,0,6,6,0,6,0,6,0,Infield shade,Standard,227,0.0,-0.047,,,,0.047,,-6,6,0.036,0.964,34,25,35,26,3,2,5.0,1.0,6.0,2.0,2.73,1.29,-1.29,41.2,,,,,
CH,2024-05-17,79.7,-2.39,5.95,"Hendricks, Kyle",693304,543294,sac_fly,hit_into_play,,,,,5,Nick Gonzales out on a sacrifice fly to center fielder Pete Crow-Armstrong. Bryan Reynolds scores.,R,R,R,CHC,PIT,X,8.0,fly_ball,0,2,2024,-1.12,0.52,0.1,2.22,668804.0,,656582.0,1,5,Top,132.0,62.36,,,,,7.465611733049091,-115.94502416531738,-2.463392261425156,-11.4678292086844,19.383825996173343,-27.222948154421072,3.36,1.51,359.0,98.3,25.0,79.0,2210,5.6,746878,665804,683737,663611,666624,670156,664023,691718,641355,54.9,0.377,0.565,0.0,1.0,0.0,0.0,5.0,35,3,Changeup,0,5,5,0,6,0,6,0,Standard,Standard,228,-0.007,-0.028,70.1,7.3,0.984,0.028,98.3,-5,5,0.043,0.957,34,25,35,25,3,2,5.0,1.0,6.0,1.0,3.04,1.12,1.12,43.9,13.879032930145426,-0.5845156239267275,35.39504961160293,38.27313201133546,37.445860372546136
CH,2024-05-17,80.3,-2.48,5.98,"Hendricks, Kyle",693304,543294,,foul,,,,,8,Nick Gonzales out on a sacrifice fly to center fielder Pete Crow-Armstrong. Bryan Reynolds scores.,R,R,R,CHC,PIT,S,,,0,1,2024,-1.02,0.47,-0.12,1.96,668804.0,,656582.0,1,5,Top,,,,,,,7.063143617606478,-116.90887895075272,-3.1731744252941354,-10.634501464109269,19.15234455182386,-27.429540206470357,3.36,1.51,285.0,87.1,27.0,79.7,2220,5.6,746878,665804,683737,663611,666624,670156,664023,691718,641355,54.92,,,,,,,,35,2,Changeup,0,5,5,0,5,0,5,0,Standard,Standard,227,0.0,-0.066,66.8,6.4,,0.066,88.0,-5,5,0.043,0.957,34,25,35,25,3,2,5.0,1.0,6.0,1.0,3.02,1.02,1.02,43.2,-1.7957049293906582,16.44475636748513,35.6742561128952,35.72012580997152,27.61219459507236
CU,2024-05-17,73.3,-2.41,5.95,"Hendricks, Kyle",693304,543294,,called_strike,,,,,2,Nick Gonzales out on a sacrifice fly to center fielder Pete Crow-Armstrong. Bryan Reynolds scores.,R,R,R,CHC,PIT,S,,,0,0,2024,1.29,-0.69,0.06,3.1,668804.0,,656582.0,1,5,Top,,,,,,,2.740343121774589,-106.71414640196085,2.71422454867352,9.359281810312003,18.48008974539955,-38.14295417149546,3.16,1.52,,,,72.4,2852,5.6,746878,665804,683737,663611,666624,670156,664023,691718,641355,54.87,,,,,,,,35,1,Curveball,0,5,5,0,5,0,5,0,Standard,Standard,48,0.0,-0.045,,,,0.045,,-5,5,0.043,0.957,34,25,35,25,3,2,5.0,1.0,6.0,1.0,4.93,-1.29,-1.29,43.0,,,,,
CH,2024-05-17,80.9,-2.37,6.01,"Hendricks, Kyle",656582,543294,single,hit_into_play,,,,,8,Connor Joe singles on a ground ball to left fielder Ian Happ. Bryan Reynolds to 3rd.,R,R,R,CHC,PIT,X,7.0,ground_ball,0,0,2024,-1.2,0.58,-0.11,2.0,,668804.0,,1,5,Top,78.76,119.14,,,,,7.213249866595135,-117.57804380375318,-3.3784802835985444,-12.460804083567762,21.659109716772296,-26.319760089075864,3.23,1.53,61.0,96.9,2.0,79.7,2308,5.5,746878,665804,683737,663611,666624,670156,664023,691718,641355,55.01,0.494,0.471,0.9,1.0,1.0,0.0,4.0,34,1,Changeup,0,5,5,0,5,0,5,0,Standard,Standard,229,-0.009,0.556,73.5,7.9,0.571,-0.556,96.9,-5,5,0.052,0.948,34,31,35,32,3,2,5.0,1.0,6.0,1.0,2.9,1.2,1.2,43.8,16.006640013183905,-14.6546782931191,31.677366304179262,36.68439906346379,43.39875744013639
CH,2024-05-17,80.4,-2.48,5.92,"Hendricks, Kyle",665833,543294,strikeout,swinging_strike,,,,,14,Oneil Cruz strikes out swinging. Bryan Reynolds steals (3) 2nd base.,R,L,R,CHC,PIT,S,2.0,,3,2,2024,-1.31,0.6,0.02,1.3,,,668804.0,0,5,Top,,,,,,,7.917883839441779,-116.84229257768892,-4.640933940022053,-13.527619614381596,22.180217634931186,-25.93222116056982,3.85,1.78,,,,79.2,2267,5.6,746878,665804,683737,663611,666624,670156,664023,691718,641355,54.95,,0.0,0.0,1.0,0.0,0.0,,33,6,Changeup,0,5,5,0,5,0,5,0,Infield shade,Standard,229,0.002,-0.346,78.2,9.0,,0.346,,-5,5,0.05,0.95,34,25,35,26,3,2,5.0,1.0,6.0,2.0,2.93,1.31,-1.31,40.6,26.77697798721684,-24.71666049257075,41.96486698923553,39.14692013159602,55.83328672281905
CH,2024-05-17,80.1,-2.51,5.98,"Hendricks, Kyle",665833,543294,,ball,,,,,13,Oneil Cruz strikes out swinging. Bryan Reynolds steals (3) 2nd base.,R,L,R,CHC,PIT,B,,,2,2,2024,-1.21,0.52,-1.37,2.0,,,668804.0,0,5,Top,,,,,,,4.7215949550786025,-116.62397885868263,-3.043794857129883,-11.963213355044672,21.10765330816391,-27.092531149956105,3.65,1.78,,,,79.0,2245,5.4,746878,665804,683737,663611,666624,670156,664023,691718,641355,55.11,,,,,,,,33,5,Changeup,0,5,5,0,5,0,5,0,Infield shade,Standard,230,0.0,0.117,,,,-0.117,,-5,5,0.05,0.95,34,25,35,26,3,2,5.0,1.0,6.0,2.0,3.02,1.21,-1.21,41.3,,,,,
CH,2024-05-17,80.8,-2.47,5.97,"Hendricks, Kyle",665833,543294,,ball,,,,,13,Oneil Cruz strikes out swinging. Bryan Reynolds steals (3) 2nd base.,R,L,R,CHC,PIT,B,,,1,2,2024,-1.37,0.72,-1.46,1.97,,,668804.0,0,5,Top,,,,,,,4.777567652002335,-117.5849117921538,-3.57364930157324,-13.600153328097004,22.912245791618016,-25.03402459501616,3.78,1.78,,,,79.6,2269,5.5,746878,665804,683737,663611,666624,670156,664023,691718,641355,54.96,,,,,,,,33,4,Changeup,0,5,5,0,5,0,5,0,Infield shade,Standard,227,0.0,0.045,,,,-0.045,,-5,5,0.05,0.95,34,25,35,26,3,2,5.0,1.0,6.0,2.0,2.78,1.37,-1.37,42.4,,,,,
CH,2024-05-17,79.7,-2.53,5.97,"Hendricks, Kyle",665833,543294,,swinging_strike,,,,,13,Oneil Cruz strikes out swinging. Bryan Reynolds steals (3) 2nd base.,R,L,R,CHC,PIT,S,,,1,1,2024,-1.33,0.68,-1.25,2.0,,,668804.0,0,5,Top,,,,,,,5.21604859870239,-115.93354783662264,-3.174107038895864,-12.933773285354082,23.53138485638064,-25.66732726265227,3.85,1.78,,,,78.2,2228,5.5,746878,665804,683737,663611,666624,670156,664023,691718,641355,55.03,,,,,,,,33,3,Changeup,0,5,5,0,5,0,5,0,Infield shade,Standard,229,0.0,-0.049,81.1,9.5,,0.049,,-5,5,0.05,0.95,34,25,35,26,3,2,5.0,1.0,6.0,2.0,2.94,1.33,-1.33,41.4,25.06451888968392,-31.227477441330283,30.171019105156727,53.96786843785615,52.99219680880128
SI,2024-05-17,85.9,-2.56,5.94,"Hendricks, Kyle",665833,543294,,ball,,,,,13,Oneil Cruz strikes out swinging. Bryan Reynolds steals (3) 2nd base.,R,L,R,CHC,PIT,B,,,0,1,2024,-1.18,0.53,-2.18,1.5,,,668804.0,0,5,Top,,,,,,,3.236260272019132,-125.07383599259364,-5.273547545866276,-13.042034487784894,25.2817985475559,-25.72869542721286,3.83,1.76,,,,84.8,1905,5.5,746878,665804,683737,663611,666624,670156,664023,691718,641355,54.96,,,,,,,,33,2,Sinker,0,5,5,0,5,0,5,0,Infield shade,Standard,212,0.0,0.034,,,,-0.034,,-5,5,0.05,0.95,34,25,35,26,3,2,5.0,1.0,6.0,2.0,2.55,1.18,-1.18,40.5,,,,,
CH,2024-05-17,79.5,-2.45,5.97,"Hendricks, Kyle",665833,543294,,swinging_strike,,,,,7,Oneil Cruz strikes out swinging. Bryan Reynolds steals (3) 2nd base.,R,L,R,CHC,PIT,S,,,0,0,2024,-1.15,0.49,-0.53,2.11,,,668804.0,0,5,Top,,,,,,,6.243824833265999,-115.72519166399056,-2.6253653455881967,-11.445089953264636,20.695491833782608,-27.45446618131663,3.85,1.78,,,,78.6,2193,5.5,746878,665804,683737,663611,666624,670156,664023,691718,641355,54.99,,,,,,,,33,1,Changeup,0,5,5,0,5,0,5,0,Infield shade,Standard,231,0.0,-0.042,77.3,9.8,,0.042,,-5,5,0.05,0.95,34,25,35,26,3,2,5.0,1.0,6.0,2.0,3.1,1.15,-1.15,41.6,24.99411150834113,-36.444617024776846,31.389541846874284,45.12335965916431,53.49450805801132
CH,2024-05-17,81.4,-2.74,6.01,"Hendricks, Kyle",668804,543294,single,hit_into_play,,,,,11,Bryan Reynolds singles on a line drive to center fielder Pete Crow-Armstrong.,R,L,R,CHC,PIT,X,8.0,line_drive,1,2,2024,-1.32,0.39,-0.93,2.87,,,,0,5,Top,119.9,88.46,,,,,6.489227872669248,-118.43500982415296,-1.1975532337587331,-13.680514665326204,22.19688102354535,-28.46911634447832,3.12,1.49,242.0,98.9,14.0,80.2,2198,5.4,746878,665804,683737,663611,666624,670156,664023,691718,641355,55.05,0.851,0.836,0.9,1.0,1.0,0.0,4.0,32,4,Changeup,0,5,5,0,5,0,5,0,Infield shade,Standard,227,-0.007,0.516,66.2,6.6,1.074,-0.516,98.9,-5,5,0.057,0.943,34,29,35,29,3,2,5.0,1.0,6.0,1.0,3.04,1.32,-1.32,41.6,14.218511937042294,10.782840403462592,32.00656345905522,47.16371403346355,26.5278503927165
CH,2024-05-17,80.2,-2.78,5.98,"Hendricks, Kyle",668804,543294,,foul,,,,,9,Bryan Reynolds singles on a line drive to center fielder Pete Crow-Armstrong.,R,L,R,CHC,PIT,S,,,1,1,2024,-1.33,0.53,0.34,1.9,,,,0,5,Top,,,,,,,9.290236712064218,-116.47569584396916,-3.350455927120974,-13.730753461770457,18.449901312688368,-26.949367728334124,3.12,1.49,246.0,80.5,28.0,79.6,2217,5.7,746878,665804,683737,663611,666624,670156,664023,691718,641355,54.85,,,,,,,,32,3,Changeup,0,5,5,0,5,0,5,0,Infield shade,Standard,229,0.0,-0.056,72.2,8.4,,0.056,88.0,-5,5,0.057,0.943,34,29,35,29,3,2,5.0,1.0,6.0,1.0,2.99,1.33,-1.33,41.5,34.980350799925866,-29.902873180518792,40.85393108813623,32.80162176172735,48.24152537931731
SI,2024-05-17,87.0,-2.76,5.93,"Hendricks, Kyle",668804,543294,,ball,,,,,11,Bryan Reynolds singles on a line drive to center fielder Pete Crow-Armstrong.,R,L,R,CHC,PIT,B,,,0,1,2024,-1.45,0.69,-0.3,4.29,,,,0,5,Top,,,,,,,8.7382987409246,-126.5302131744701,0.7608286331459079,-17.332754295127785,24.26876498975454,-25.05581866348757,2.96,1.38,,,,86.1,2033,5.6,746878,665804,683737,663611,666624,670156,664023,691718,641355,54.91,,,,,,,,32,2,Sinker,0,5,5,0,5,0,5,0,Infield shade,Standard,214,0.0,0.025,,,,-0.025,,-5,5,0.057,0.943,34,29,35,29,3,2,5.0,1.0,6.0,1.0,2.31,1.45,-1.45,40.0,,,,,
CH,2024-05-17,80.5,-2.8,5.95,"Hendricks, Kyle",668804,543294,,swinging_strike,,,,,5,Bryan Reynolds singles on a line drive to center fielder Pete Crow-Armstrong.,R,L,R,CHC,PIT,S,,,0,0,2024,-1.55,0.58,0.07,2.29,,,,0,5,Top,,,,,,,9.194978933788322,-116.9531821515386,-2.5666577977172738,-15.941151642466211,19.97313476712664,-26.52778461971769,3.12,1.49,,,,79.7,2257,5.6,746878,665804,683737,663611,666624,670156,664023,691718,641355,54.87,,,,,,,,32,1,Changeup,0,5,5,0,5,0,5,0,Infield shade,Standard,230,0.0,-0.037,78.2,8.1,,0.037,,-5,5,0.057,0.943,34,29,35,29,3,2,5.0,1.0,6.0,1.0,2.92,1.55,-1.55,40.9,32.86331341739617,-32.12966482584752,37.422061361994096,35.96335869304015,47.85273491120881
CH,2024-05-17,80.7,-2.38,5.95,"Hendricks, Kyle",457705,543294,field_out,hit_into_play,,,,,14,"Andrew McCutchen grounds out, shortstop Miles Mastrobuoni to first baseman Michael Busch.",R,R,R,CHC,PIT,X,6.0,ground_ball,1,2,2024,-0.71,1.02,0.87,1.7,669707.0,,,2,4,Top,110.68,162.62,,,,,8.46908773127722,-117.32948828176713,-4.757001563548166,-8.071442251286333,19.945562259842315,-21.974520980182103,3.44,1.64,7.0,71.7,-13.0,79.9,2073,5.6,746878,665804,683737,663611,666624,670156,664023,691718,641355,54.92,0.04,0.061,0.0,1.0,0.0,0.0,2.0,28,4,Changeup,0,5,5,0,5,0,5,0,Standard,Standard,230,0.01,-0.199,72.4,8.1,0.04,0.199,88.0,-5,5,0.073,0.927,34,37,35,38,3,2,5.0,2.0,6.0,1.0,2.45,0.71,0.71,41.4,15.389488715386904,-1.414799515133515,33.356309778276035,48.40066410370979,28.48971736208128
SI,2024-05-17,87.5,-2.4,5.9,"Hendricks, Kyle",457705,543294,,called_strike,,,,,7,"Andrew McCutchen grounds out, shortstop Miles Mastrobuoni to first baseman Michael Busch.",R,R,R,CHC,PIT,S,,,1,1,2024,-1.29,0.72,-0.62,1.85,669707.0,,,2,4,Top,,,,,,,6.860477988903298,-127.1724829234348,-5.059215518053764,-15.41151971723306,25.25416233714527,-23.50857580096516,3.42,1.65,,,,86.5,1974,5.7,746878,665804,683737,663611,666624,670156,664023,691718,641355,54.85,,,,,,,,28,3,Sinker,0,5,5,0,5,0,5,0,Standard,Standard,213,0.0,-0.073,,,,0.073,,-5,5,0.073,0.927,34,37,35,38,3,2,5.0,2.0,6.0,1.0,2.26,1.29,1.29,41.8,,,,,
SI,2024-05-17,87.2,-2.46,5.87,"Hendricks, Kyle",457705,543294,,ball,,,,,13,"Andrew McCutchen grounds out, shortstop Miles Mastrobuoni to first baseman Michael Busch.",R,R,R,CHC,PIT,B,,,0,1,2024,-1.43,0.68,-1.01,1.56,669707.0,,,2,4,Top,,,,,,,6.322497307836077,-126.80637828325447,-5.528195520375799,-16.67767482942381,26.15711429669239,-23.874005653483454,3.45,1.66,,,,86.1,1946,5.6,746878,665804,683737,663611,666624,670156,664023,691718,641355,54.89,,,,,,,,28,2,Sinker,0,5,5,0,5,0,5,0,Standard,Standard,219,0.0,0.032,,,,-0.032,,-5,5,0.073,0.927,34,37,35,38,3,2,5.0,2.0,6.0,1.0,2.32,1.43,1.43,40.4,,,,,
CH,2024-05-17,79.9,-2.33,5.98,"Hendricks, Kyle",457705,543294,,foul,,,,,6,"Andrew McCutchen grounds out, shortstop Miles Mastrobuoni to first baseman Michael Busch.",R,R,R,CHC,PIT,S,,,0,0,2024,-1.4,0.59,0.32,2.65,669707.0,,,2,4,Top,,,,,,,8.358100056519024,-116.0989644996455,-1.7200274882695454,-14.244245698273618,20.909609701005216,-26.712584052064223,3.44,1.64,3.0,59.9,-43.0,79.0,2181,5.6,746878,665804,683737,663611,666624,670156,664023,691718,641355,54.87,,,,,,,,28,1,Changeup,0,5,5,0,5,0,5,0,Standard,Standard,230,0.0,-0.039,72.0,8.5,,0.039,88.0,-5,5,0.073,0.927,34,37,35,38,3,2,5.0,2.0,6.0,1.0,2.98,1.4,1.4,43.4,31.10514174381252,-21.07590153822951,26.371288746278037,41.93322379063617,39.55584909877081
SI,2024-05-17,86.5,-2.27,5.98,"Hendricks, Kyle",669707,543294,single,hit_into_play,,,,,9,Jared Triolo singles on a line drive to center fielder Pete Crow-Armstrong. Yasmani Grandal scores. Rowdy Tellez scores. Jared Triolo to 3rd. Throwing error by center fielder Pete Crow-Armstrong.,R,R,R,CHC,PIT,X,8.0,line_drive,0,0,2024,-1.09,0.79,0.57,2.11,,518735.0,642133.0,2,4,Top,133.35,99.78,,,,,8.873767956359199,-125.7612158942153,-4.636135571808967,-13.217416550303692,22.611930047761717,-23.068463737581872,3.6,1.66,201.0,75.7,16.0,85.9,1962,5.7,746878,665804,683737,663611,666624,670156,664023,691718,641355,54.82,0.849,0.787,0.9,1.0,1.0,0.0,4.0,27,1,Sinker,0,3,3,0,5,0,5,0,Standard,Standard,214,-0.106,0.564,71.7,8.4,0.937,-0.564,88.0,-3,3,0.179,0.821,34,26,35,26,2,1,5.0,2.0,6.0,1.0,2.24,1.09,1.09,42.8,10.384405635106967,-3.086938268158354,37.91672241934848,46.34323958334965,32.27231531923521
SI,2024-05-17,86.7,-2.42,5.86,"Hendricks, Kyle",642133,543294,single,hit_into_play,,,,,3,Rowdy Tellez singles on a ground ball to center fielder Pete Crow-Armstrong. Yasmani Grandal to 2nd.,R,L,R,CHC,PIT,X,8.0,ground_ball,2,2,2024,-1.18,0.46,0.69,3.09,,,518735.0,2,4,Top,150.25,101.9,,,,,9.70982138845783,-126.05475550466558,-1.4111252655991071,-14.49398779393111,23.434226607178683,-27.14514391629356,3.73,1.66,74.0,89.4,3.0,85.9,1935,5.6,746878,665804,683737,663611,666624,670156,664023,691718,641355,54.88,0.394,0.308,0.9,1.0,1.0,0.0,2.0,26,7,Sinker,0,3,3,0,3,0,3,0,Infield shade,Standard,217,-0.011,0.394,65.0,6.5,0.456,-0.394,89.4,-3,3,0.19,0.81,34,29,35,29,2,1,5.0,2.0,6.0,2.0,2.55,1.18,-1.18,41.5,-0.5655828653702939,12.11704799292872,28.358546730967053,29.583157263794934,22.878914198265765
CH,2024-05-17,80.4,-2.43,5.98,"Hendricks, Kyle",642133,543294,,foul,,,,,8,Rowdy Tellez singles on a ground ball to center fielder Pete Crow-Armstrong. Yasmani Grandal to 2nd.,R,L,R,CHC,PIT,S,,,2,2,2024,-1.26,0.75,-0.19,1.92,,,518735.0,2,4,Top,,,,,,,7.232336192192867,-116.94871938465836,-3.789652202913209,-12.836743795140254,19.729879022859112,-24.719766217618734,3.73,1.66,84.0,63.7,11.0,79.7,2117,5.6,746878,665804,683737,663611,666624,670156,664023,691718,641355,54.88,,,,,,,,26,6,Changeup,0,3,3,0,3,0,3,0,Infield shade,Standard,229,0.0,0.0,79.5,8.7,,0.0,88.0,-3,3,0.19,0.81,34,29,35,29,2,1,5.0,2.0,6.0,2.0,2.74,1.26,-1.26,41.6,12.35340853914669,-17.047876509450962,32.88369781482377,41.46821880747726,43.610438647741006
CH,2024-05-17,81.3,-2.52,5.94,"Hendricks, Kyle",642133,543294,,foul,,,,,7,Rowdy Tellez singles on a ground ball to center fielder Pete Crow-Armstrong. Yasmani Grandal to 2nd.,R,L,R,CHC,PIT,S,,,2,2,2024,-1.48,0.48,-0.69,1.84,,,518735.0,2,4,Top,,,,,,,6.812722005737338,-118.28281323133903,-3.5143415123057027,-15.152962896118211,21.12031406012328,-27.222891408454878,3.73,1.66,3.0,60.6,-32.0,80.4,2260,5.5,746878,665804,683737,663611,666624,670156,664023,691718,641355,54.97,,,,,,,,26,5,Changeup,0,3,3,0,3,0,3,0,Infield shade,Standard,231,0.0,0.0,76.3,8.8,,0.0,88.0,-3,3,0.19,0.81,34,29,35,29,2,1,5.0,2.0,6.0,2.0,2.95,1.48,-1.48,40.9,12.894964470123703,-11.12476080520384,31.96397453842035,46.73549867460471,38.83895241753689
CH,2024-05-17,80.4,-2.5,5.92,"Hendricks, Kyle",642133,543294,,blocked_ball,,,,,14,Rowdy Tellez singles on a ground ball to center fielder Pete Crow-Armstrong. Yasmani Grandal to 2nd.,R,L,R,CHC,PIT,B,,,1,2,2024,-1.49,0.62,0.58,-0.3,,,518735.0,2,4,Top,,,,,,,9.490702206976655,-116.59458694680352,-8.19415679884953,-15.306068191464153,20.06520894157103,-25.200926436853354,3.7,1.65,,,,79.5,2193,5.7,746878,665804,683737,663611,666624,670156,664023,691718,641355,54.81,,,,,,,,26,4,Changeup,0,3,3,0,3,0,3,0,Infield shade,Standard,229,0.0,0.038,,,,-0.038,,-3,3,0.19,0.81,34,29,35,29,2,1,5.0,2.0,6.0,2.0,2.91,1.49,-1.49,40.8,,,,,
CH,2024-05-17,80.7,-2.47,5.95,"Hendricks, Kyle",642133,543294,,called_strike,,,,,13,Rowdy Tellez singles on a ground ball to center fielder Pete Crow-Armstrong. Yasmani Grandal to 2nd.,R,L,R,CHC,PIT,S,,,1,1,2024,-1.49,0.7,-0.84,2.0,,,518735.0,2,4,Top,,,,,,,6.374847362285645,-117.40857745508646,-3.401565363951392,-15.031315797236305,22.62942166215166,-25.276732438919403,3.65,1.68,,,,79.6,2206,5.5,746878,665804,683737,663611,666624,670156,664023,691718,641355,54.96,,,,,,,,26,3,Changeup,0,3,3,0,3,0,3,0,Infield shade,Standard,228,0.0,-0.06,,,,0.06,,-3,3,0.19,0.81,34,29,35,29,2,1,5.0,2.0,6.0,2.0,2.81,1.49,-1.49,42.4,,,,,
CH,2024-05-17,80.7,-2.53,5.94,"Hendricks, Kyle",642133,543294,,swinging_strike,,,,,7,Rowdy Tellez singles on a ground ball to center fielder Pete Crow-Armstrong. Yasmani Grandal to 2nd.,R,L,R,CHC,PIT,S,,,1,0,2024,-1.26,0.46,-0.48,1.79,,,518735.0,2,4,Top,,,,,,,6.83696270614728,-117.31817700900332,-3.398749661440993,-12.96517394897761,22.50040839946355,-27.45987250269915,3.73,1.66,,,,79.5,2119,5.5,746878,665804,683737,663611,666624,670156,664023,691718,641355,54.97,,,,,,,,26,2,Changeup,0,3,3,0,3,0,3,0,Infield shade,Standard,227,0.0,-0.048,73.1,9.5,,0.048,,-3,3,0.19,0.81,34,29,35,29,2,1,5.0,2.0,6.0,2.0,3.05,1.26,-1.26,40.5,18.20904277672641,-34.115508703786844,30.286021257721277,44.711189663910666,50.21525285067159
SI,2024-05-17,86.4,-2.5,5.99,"Hendricks, Kyle",642133,543294,,ball,,,,,11,Rowdy Tellez singles on a ground ball to center fielder Pete Crow-Armstrong. Yasmani Grandal to 2nd.,R,L,R,CHC,PIT,B,,,0,0,2024,-1.13,0.56,-1.42,4.02,,,518735.0,2,4,Top,,,,,,,4.796446830891282,-125.80592018700652,0.3472113231918358,-12.954273993199694,24.541426485879327,-26.474915331723267,3.74,1.66,,,,85.4,1950,5.5,746878,665804,683737,663611,666624,670156,664023,691718,641355,54.98,,,,,,,,26,1,Sinker,0,3,3,0,3,0,3,0,Infield shade,Standard,215,0.0,0.034,,,,-0.034,,-3,3,0.19,0.81,34,29,35,29,2,1,5.0,2.0,6.0,2.0,2.48,1.13,-1.13,40.9,,,,,
CH,2024-05-17,81.6,-2.49,5.94,"Hendricks, Kyle",518735,543294,single,hit_into_play,,,,,13,Yasmani Grandal singles on a fly ball to left fielder Ian Happ. Nick Gonzales scores.,R,L,R,CHC,PIT,X,7.0,fly_ball,1,2,2024,-1.16,0.16,-1.09,1.82,,693304.0,,2,4,Top,64.72,137.8,,,,,5.312077952179531,-118.86102512650965,-3.035162358848674,-11.98481713278672,20.96356603931693,-30.294570878026352,3.22,1.48,204.0,66.9,44.0,80.9,2273,5.6,746878,665804,683737,663611,666624,670156,664023,691718,641355,54.94,0.351,0.342,0.9,1.0,1.0,0.0,3.0,25,4,Changeup,0,2,2,0,3,0,3,0,Standard,Standard,226,-0.082,0.76,70.4,7.9,0.417,-0.76,88.0,-2,2,0.272,0.728,34,35,35,36,2,1,5.0,1.0,6.0,2.0,3.23,1.16,-1.16,41.5,5.528542749717108,13.416751049937602,30.78447147334141,50.9090670487369,30.149200183194303
CH,2024-05-17,81.3,-2.54,5.95,"Hendricks, Kyle",518735,543294,,blocked_ball,,,,,13,Yasmani Grandal singles on a fly ball to left fielder Ian Happ. Nick Gonzales scores.,R,L,R,CHC,PIT,B,,,0,2,2024,-1.42,0.37,-0.31,0.19,,693304.0,,2,4,Top,,,,,,,7.574141082465318,-118.0282489493146,-6.924305295657028,-14.714041815780403,20.597223199416018,-27.64791418193345,3.06,1.47,,,,80.2,2253,5.5,746878,665804,683737,663611,666624,670156,664023,691718,641355,55.04,,,,,,,,25,3,Changeup,0,2,2,0,2,0,2,0,Standard,Standard,225,0.0,0.018,,,,-0.018,,-2,2,0.272,0.728,34,35,35,36,2,1,5.0,1.0,6.0,2.0,3.07,1.42,-1.42,41.1,,,,,
CH,2024-05-17,81.2,-2.47,5.97,"Hendricks, Kyle",518735,543294,,swinging_strike,,,,,13,Yasmani Grandal singles on a fly ball to left fielder Ian Happ. Nick Gonzales scores.,R,L,R,CHC,PIT,S,,,0,1,2024,-1.41,0.57,-0.07,0.95,,693304.0,,2,4,Top,,,,,,,7.944228457439111,-118.01077821659013,-5.70282747648003,-14.610850919183315,20.06805315066569,-25.97248148107495,3.22,1.48,,,,80.4,2205,5.6,746878,665804,683737,663611,666624,670156,664023,691718,641355,54.92,,,,,,,,25,2,Changeup,0,2,2,0,2,0,2,0,Standard,Standard,227,0.0,-0.067,73.3,9.0,,0.067,,-2,2,0.272,0.728,34,35,35,36,2,1,5.0,1.0,6.0,2.0,2.87,1.41,-1.41,41.2,24.70476179073816,-36.20434269343392,33.74867242730951,40.14762621787811,54.98922816013294
CU,2024-05-17,73.2,-2.52,5.97,"Hendricks, Kyle",518735,543294,,called_strike,,,,,4,Yasmani Grandal singles on a fly ball to left fielder Ian Happ. Nick Gonzales scores.,R,L,R,CHC,PIT,S,,,0,0,2024,1.23,-0.9,-0.32,2.55,,693304.0,,2,4,Top,,,,,,,2.2801914329533752,-106.437969371735,2.070002235285606,8.723250789117056,21.8378043507613,-39.56224004724015,3.21,1.47,,,,71.5,2985,5.4,746878,665804,683737,663611,666624,670156,664023,691718,641355,55.06,,,,,,,,25,1,Curveball,0,2,2,0,2,0,2,0,Standard,Standard,47,0.0,-0.04,,,,0.04,,-2,2,0.272,0.728,34,35,35,36,2,1,5.0,1.0,6.0,2.0,5.22,-1.23,1.23,41.4,,,,,
FF,2024-05-17,87.9,-2.63,5.84,"Hendricks, Kyle",669261,543294,strikeout,called_strike,,,,,13,Jack Suwinski called out on strikes.,R,L,R,CHC,PIT,S,2.0,,2,2,2024,-0.56,1.41,-0.92,2.39,,693304.0,,1,4,Top,,,,,,,5.249512126672509,-127.9849638244075,-5.151785742133941,-7.242009505665251,24.23651025320857,-15.830818807543553,3.51,1.63,,,,87.2,2090,5.6,746878,665804,683737,663611,666624,670156,664023,691718,641355,54.86,,0.0,0.0,1.0,0.0,0.0,,24,5,4-Seam Fastball,0,2,2,0,2,0,2,0,Infield shade,Standard,217,0.026,-0.217,,,,0.217,,-2,2,0.246,0.754,34,25,35,26,2,1,5.0,1.0,6.0,2.0,1.52,0.56,-0.56,38.7,,,,,
CH,2024-05-17,80.1,-2.61,5.97,"Hendricks, Kyle",669261,543294,,swinging_strike,,,,,14,Jack Suwinski called out on strikes.,R,L,R,CHC,PIT,S,,,2,1,2024,-1.26,0.35,0.17,1.19,,693304.0,,1,4,Top,,,,,,,8.400189413140351,-116.44774188262228,-4.518236623671784,-13.023692390900056,19.925446291787573,-28.33249931540194,3.56,1.61,,,,79.3,2227,5.6,746878,665804,683737,663611,666624,670156,664023,691718,641355,54.89,,,,,,,,24,4,Changeup,0,2,2,0,2,0,2,0,Infield shade,Standard,232,0.0,-0.082,,,,0.082,,-2,2,0.246,0.754,34,25,35,26,2,1,5.0,1.0,6.0,2.0,3.18,1.26,-1.26,41.1,,,,,
CH,2024-05-17,79.7,-2.49,6.01,"Hendricks, Kyle",669261,543294,,ball,,,,,11,Jack Suwinski called out on strikes.,R,L,R,CHC,PIT,B,,,1,1,2024,-1.48,0.43,-0.98,2.89,,693304.0,,1,4,Top,,,,,,,6.000183902502135,-116.00756146861144,-0.9736458629642762,-14.523860487639205,20.42371386557747,-28.31350758838077,3.43,1.62,,,,78.8,2214,5.5,746878,665804,683737,663611,666624,670156,664023,691718,641355,55.01,,,,,,,,24,3,Changeup,0,2,2,0,2,0,2,0,Infield shade,Standard,227,0.0,0.038,,,,-0.038,,-2,2,0.246,0.754,34,25,35,26,2,1,5.0,1.0,6.0,2.0,3.14,1.48,-1.48,41.7,,,,,
CH,2024-05-17,80.0,-2.54,6.02,"Hendricks, Kyle",669261,543294,,ball,,,,,13,Jack Suwinski called out on strikes.,R,L,R,CHC,PIT,B,,,0,1,2024,-1.43,0.51,-1.29,1.13,,693304.0,,1,4,Top,,,,,,,5.384659557011575,-116.4322421214171,-5.001335850288404,-14.058924774512274,21.345454499067475,-26.78533059401673,3.5,1.63,,,,79.2,2234,5.6,746878,665804,683737,663611,666624,670156,664023,691718,641355,54.85,,,,,,,,24,2,Changeup,0,2,2,0,2,0,2,0,Infield shade,Standard,228,0.0,0.021,,,,-0.021,,-2,2,0.246,0.754,34,25,35,26,2,1,5.0,1.0,6.0,2.0,3.04,1.43,-1.43,42.7,,,,,
CH,2024-05-17,80.4,-2.56,5.99,"Hendricks, Kyle",669261,543294,,called_strike,,,,,7,Jack Suwinski called out on strikes.,R,L,R,CHC,PIT,S,,,0,0,2024,-1.43,0.35,-0.6,1.71,,693304.0,,1,4,Top,,,,,,,6.9453140063146535,-116.97099687269396,-3.51186811681551,-14.38088968461094,19.777403642303412,-28.507268698970584,3.49,1.61,,,,79.6,2241,5.5,746878,665804,683737,663611,666624,670156,664023,691718,641355,54.99,,,,,,,,24,1,Changeup,0,2,2,0,2,0,2,0,Infield shade,Standard,228,0.0,-0.036,,,,0.036,,-2,2,0.246,0.754,34,25,35,26,2,1,5.0,1.0,6.0,2.0,3.15,1.43,-1.43,41.5,,,,,
CH,2024-05-17,80.9,-2.87,6.01,"Hendricks, Kyle",693304,543294,double,hit_into_play,,,,,5,Nick Gonzales doubles (1) on a line drive to left fielder Ian Happ.,R,R,R,CHC,PIT,X,7.0,line_drive,2,1,2024,-0.74,0.85,0.07,2.43,,,,1,4,Top,61.74,119.79,,,,,7.84847075184258,-117.62774997375688,-2.9170310937543795,-8.37133654208391,22.35848616829234,-23.964999463097136,3.36,1.51,252.0,90.4,19.0,79.7,2186,5.5,746878,665804,683737,663611,666624,670156,664023,691718,641355,55.0,0.466,0.422,1.25,1.0,1.0,1.0,4.0,23,4,Changeup,0,2,2,0,2,0,2,0,Standard,Standard,226,-0.033,0.61,73.4,7.7,0.535,-0.61,90.4,-2,2,0.279,0.721,34,25,35,25,2,1,5.0,1.0,6.0,1.0,2.64,0.74,0.74,42.5,22.573972409199204,-13.546636250272869,36.40112550896813,37.09930805777724,48.16745792630251
SI,2024-05-17,87.4,-2.74,5.98,"Hendricks, Kyle",693304,543294,,foul,,,,,6,Nick Gonzales doubles (1) on a line drive to left fielder Ian Happ.,R,R,R,CHC,PIT,S,,,2,0,2024,-1.24,0.49,0.43,2.51,,,,1,4,Top,,,,,,,10.04211646710463,-127.03955584122916,-3.2256427812084514,-15.33741346064273,23.414639893102915,-26.35296772913663,3.36,1.51,210.0,76.4,23.0,86.6,2050,5.6,746878,665804,683737,663611,666624,670156,664023,691718,641355,54.91,,,,,,,,23,3,Sinker,0,2,2,0,2,0,2,0,Standard,Standard,213,0.0,-0.065,69.5,6.2,,0.065,88.0,-2,2,0.279,0.721,34,25,35,25,2,1,5.0,1.0,6.0,1.0,2.47,1.24,1.24,42.5,-4.814593343559637,30.4681331961366,32.00314760785278,42.773068004001374,18.91751581806793
CH,2024-05-17,81.1,-2.74,6.0,"Hendricks, Kyle",693304,543294,,ball,,,,,14,Nick Gonzales doubles (1) on a line drive to left fielder Ian Happ.,R,R,R,CHC,PIT,B,,,1,0,2024,-1.33,0.45,0.84,1.04,,,,1,4,Top,,,,,,,10.382201062073523,-117.66801153002255,-5.25544262681332,-14.243547788173643,21.3386727262372,-27.17551902406204,3.32,1.48,,,,80.1,2238,5.7,746878,665804,683737,663611,666624,670156,664023,691718,641355,54.82,,,,,,,,23,2,Changeup,0,2,2,0,2,0,2,0,Standard,Standard,229,0.0,0.072,,,,-0.072,,-2,2,0.279,0.721,34,25,35,25,2,1,5.0,1.0,6.0,1.0,3.03,1.33,1.33,42.3,,,,,
CH,2024-05-17,80.8,-2.8,6.03,"Hendricks, Kyle",693304,543294,,ball,,,,,14,Nick Gonzales doubles (1) on a line drive to left fielder Ian Happ.,R,R,R,CHC,PIT,B,,,0,0,2024,-1.25,0.41,1.08,1.72,,,,1,4,Top,,,,,,,10.830173285181983,-117.13569011926234,-3.697586086721156,-13.469281658938382,20.758542492750063,-27.865029931830534,3.25,1.4,,,,79.8,2222,5.7,746878,665804,683737,663611,666624,670156,664023,691718,641355,54.82,,,,,,,,23,1,Changeup,0,2,2,0,2,0,2,0,Standard,Standard,229,0.0,0.039,,,,-0.039,,-2,2,0.279,0.721,34,25,35,25,2,1,5.0,1.0,6.0,1.0,3.09,1.25,1.25,43.1,,,,,
CH,2024-05-17,80.5,-2.78,6.06,"Hendricks, Kyle",656582,543294,field_out,hit_into_play,,,,,6,"Connor Joe grounds out, shortstop Miles Mastrobuoni to first baseman Michael Busch.",R,R,R,CHC,PIT,X,6.0,ground_ball,2,1,2024,-1.31,0.57,0.5,2.57,,,,0,4,Top,110.2,152.59,,,,,9.607012472398852,-116.98792190972014,-2.261755966643561,-13.619654520327805,17.275175600419512,-26.69721660531235,3.23,1.53,89.0,85.1,5.0,80.1,2189,5.6,746878,665804,683737,663611,666624,670156,664023,691718,641355,54.92,0.363,0.332,0.0,1.0,0.0,0.0,4.0,22,4,Changeup,0,2,2,0,2,0,2,0,Standard,Standard,233,0.017,-0.296,70.9,7.2,0.4,0.296,88.0,-2,2,0.262,0.738,34,31,35,32,2,1,5.0,1.0,6.0,1.0,2.9,1.31,1.31,43.6,8.623561626914743,-1.2152916838645662,27.04912275568908,43.56927877879021,37.48108059671016
CH,2024-05-17,81.5,-2.76,6.03,"Hendricks, Kyle",656582,543294,,ball,,,,,13,"Connor Joe grounds out, shortstop Miles Mastrobuoni to first baseman Michael Busch.",R,R,R,CHC,PIT,B,,,1,1,2024,-1.24,0.75,-1.47,2.25,,,,0,4,Top,,,,,,,5.201042772733477,-118.65484072761706,-3.407239550646265,-12.678776640087712,19.60018013403523,-24.611103441258848,3.23,1.53,,,,81.0,2215,5.6,746878,665804,683737,663611,666624,670156,664023,691718,641355,54.91,,,,,,,,22,3,Changeup,0,2,2,0,2,0,2,0,Standard,Standard,230,0.0,0.053,,,,-0.053,,-2,2,0.262,0.738,34,31,35,32,2,1,5.0,1.0,6.0,1.0,2.64,1.24,1.24,42.2,,,,,
SI,2024-05-17,87.6,-2.82,5.94,"Hendricks, Kyle",656582,543294,,ball,,,,,12,"Connor Joe grounds out, shortstop Miles Mastrobuoni to first baseman Michael Busch.",R,R,R,CHC,PIT,B,,,0,1,2024,-1.27,0.61,0.99,2.49,,,,0,4,Top,,,,,,,11.630359789992148,-127.17675933501026,-3.4573437391039823,-16.045572751135403,23.56660681662048,-24.979977239714696,3.17,1.53,,,,86.7,2020,5.6,746878,665804,683737,663611,666624,670156,664023,691718,641355,54.86,,,,,,,,22,2,Sinker,0,2,2,0,2,0,2,0,Standard,Standard,215,0.0,0.025,,,,-0.025,,-2,2,0.262,0.738,34,31,35,32,2,1,5.0,1.0,6.0,1.0,2.35,1.27,1.27,40.6,,,,,
SI,2024-05-17,87.3,-2.79,6.01,"Hendricks, Kyle",656582,543294,,foul,,,,,5,"Connor Joe grounds out, shortstop Miles Mastrobuoni to first baseman Michael Busch.",R,R,R,CHC,PIT,S,,,0,0,2024,-1.2,0.59,0.03,2.57,,,,0,4,Top,,,,,,,9.116568790974087,-126.8932398960567,-3.3568333418996,-14.75833955503161,23.13865055066358,-25.323005335447355,3.23,1.53,241.0,88.0,46.0,86.6,2066,5.7,746878,665804,683737,663611,666624,670156,664023,691718,641355,54.85,,,,,,,,22,1,Sinker,0,2,2,0,2,0,2,0,Standard,Standard,212,0.0,-0.037,74.3,7.2,,0.037,88.0,-2,2,0.262,0.738,34,31,35,32,2,1,5.0,1.0,6.0,1.0,2.38,1.2,1.2,42.6,5.101198874901501,-0.4338465619140337,31.05568511356517,37.7641327332269,34.614261868034035
CH,2024-05-17,80.8,-2.81,6.0,"Hendricks, Kyle",665833,543294,field_out,hit_into_play,,,,,13,"Oneil Cruz grounds out, first baseman Michael Busch to pitcher Kyle Hendricks.",R,L,R,CHC,PIT,X,3.0,ground_ball,0,1,2024,-1.39,0.29,-0.13,1.55,,,,2,3,Top,155.32,163.75,,,,,8.471448368077716,-117.45386358015158,-3.777758915940403,-14.428517922236075,21.20805419519264,-28.988328431150457,3.85,1.78,49.0,76.9,2.0,79.8,2188,5.6,746878,665804,683737,663611,666624,670156,664023,691718,641355,54.92,0.169,0.176,0.0,1.0,0.0,0.0,2.0,18,2,Changeup,0,2,2,0,2,0,2,0,Infield shade,Standard,220,0.008,-0.215,75.6,8.6,0.206,0.215,88.0,-2,2,0.309,0.691,34,25,35,26,2,1,5.0,1.0,6.0,2.0,3.2,1.39,-1.39,41.6,22.38481338401237,-26.79914090870822,35.37528599202001,41.02037884348722,54.12961680243828
CU,2024-05-17,74.1,-2.87,6.02,"Hendricks, Kyle",665833,543294,,called_strike,,,,,2,"Oneil Cruz grounds out, first baseman Michael Busch to pitcher Kyle Hendricks.",R,L,R,CHC,PIT,S,,,0,0,2024,1.27,-0.65,-0.19,3.51,,,,2,3,Top,,,,,,,3.2166234194552263,-107.70007801190832,3.248394521979029,9.231790873779795,20.156322787121475,-38.01206719081237,3.48,1.68,,,,72.7,2986,5.4,746878,665804,683737,663611,666624,670156,664023,691718,641355,55.06,,,,,,,,18,1,Curveball,0,2,2,0,2,0,2,0,Infield shade,Standard,49,0.0,-0.041,,,,0.041,,-2,2,0.309,0.691,34,25,35,26,2,1,5.0,1.0,6.0,2.0,4.83,-1.27,1.27,42.8,,,,,
SI,2024-05-17,87.2,-2.76,5.96,"Hendricks, Kyle",668804,543294,field_out,hit_into_play,,,,,3,"Bryan Reynolds grounds out, shortstop Miles Mastrobuoni to first baseman Michael Busch.",R,L,R,CHC,PIT,X,6.0,ground_ball,0,1,2024,-1.33,0.44,0.32,2.82,,,,1,3,Top,118.58,158.88,,,,,10.02149783548466,-126.70459773185884,-2.2752972717090905,-16.342046591584236,24.5024671861054,-27.199689234218848,3.12,1.49,54.0,98.4,0.0,86.3,1964,5.7,746878,665804,683737,663611,666624,670156,664023,691718,641355,54.79,0.394,0.355,0.0,1.0,0.0,0.0,4.0,17,2,Sinker,0,2,2,0,2,0,2,0,Infield shade,Standard,214,0.013,-0.219,67.3,5.5,0.42,0.219,98.4,-2,2,0.296,0.704,34,29,35,29,2,1,5.0,1.0,6.0,1.0,2.56,1.33,-1.33,42.6,-2.1188203790166003,17.876439982085913,39.12937301500296,32.0595526369236,19.035608596677427
SI,2024-05-17,87.2,-2.83,6.01,"Hendricks, Kyle",668804,543294,,foul,,,,,4,"Bryan Reynolds grounds out, shortstop Miles Mastrobuoni to first baseman Michael Busch.",R,L,R,CHC,PIT,S,,,0,0,2024,-1.16,0.58,-0.56,2.47,,,,1,3,Top,,,,,,,7.728184173700918,-126.826920758275,-3.534222063606267,-14.056024638442082,24.12083040755449,-25.41676070146706,3.12,1.49,210.0,71.0,29.0,86.4,2012,5.7,746878,665804,683737,663611,666624,670156,664023,691718,641355,54.82,,,,,,,,17,1,Sinker,0,2,2,0,2,0,2,0,Infield shade,Standard,209,0.0,-0.037,71.6,6.3,,0.037,88.0,-2,2,0.296,0.704,34,29,35,29,2,1,5.0,1.0,6.0,1.0,2.41,1.16,-1.16,43.8,1.8150383586466143,14.939382933703824,37.527646274184704,42.68360515990285,22.69743706976352
CH,2024-05-17,81.5,-2.68,6.12,"Hendricks, Kyle",457705,543294,strikeout,called_strike,,,,,14,Andrew McCutchen called out on strikes.,R,R,R,CHC,PIT,S,2.0,,2,2,2024,-1.33,0.53,0.92,2.39,,,,0,3,Top,,,,,,,10.454886839498206,-118.38319497182005,-2.825929433341453,-14.35824427603641,19.662031824282884,-26.797290539642205,3.37,1.55,,,,80.7,2163,5.5,746878,665804,683737,663611,666624,670156,664023,691718,641355,54.96,,0.0,0.0,1.0,0.0,0.0,,16,6,Changeup,0,2,2,0,2,0,2,0,Standard,Standard,231,0.017,-0.227,,,,0.227,,-2,2,0.279,0.721,34,37,35,38,2,1,5.0,2.0,6.0,1.0,2.87,1.33,1.33,43.2,,,,,
CH,2024-05-17,81.5,-2.65,6.11,"Hendricks, Kyle",457705,543294,,foul,,,,,9,Andrew McCutchen called out on strikes.,R,R,R,CHC,PIT,S,,,2,2,2024,-1.43,0.49,0.59,1.76,,,,0,3,Top,,,,,,,9.907044505352587,-118.37352812492264,-4.182701515195574,-15.220080426014915,18.493996607138904,-26.95570370367538,3.44,1.64,3.0,64.6,-35.0,81.1,2217,5.7,746878,665804,683737,663611,666624,670156,664023,691718,641355,54.79,,,,,,,,16,5,Changeup,0,2,2,0,2,0,2,0,Standard,Standard,225,0.0,0.0,76.1,8.5,,0.0,88.0,-2,2,0.279,0.721,34,37,35,38,2,1,5.0,2.0,6.0,1.0,2.9,1.43,1.43,44.8,21.91429838564072,-15.317741009966408,31.652457907222896,44.685622580513,37.69046330589013
CH,2024-05-17,80.8,-2.8,6.02,"Hendricks, Kyle",457705,543294,,ball,,,,,14,Andrew McCutchen called out on strikes.,R,R,R,CHC,PIT,B,,,1,2,2024,-0.46,0.9,1.27,0.93,,,,0,3,Top,,,,,,,9.771531051380348,-117.2270233810034,-6.340268754694813,-5.936769116006124,19.908571746942165,-22.883250903719286,3.38,1.62,,,,79.9,2152,5.6,746878,665804,683737,663611,666624,670156,664023,691718,641355,54.86,,,,,,,,16,4,Changeup,0,2,2,0,2,0,2,0,Standard,Standard,225,0.0,0.04,,,,-0.04,,-2,2,0.279,0.721,34,37,35,38,2,1,5.0,2.0,6.0,1.0,2.59,0.46,0.46,42.3,,,,,
CU,2024-05-17,75.1,-2.76,5.96,"Hendricks, Kyle",457705,543294,,ball,,,,,14,Andrew McCutchen called out on strikes.,R,R,R,CHC,PIT,B,,,0,2,2024,1.19,-0.8,1.55,1.5,,,,0,3,Top,,,,,,,6.733456449111654,-109.092965087324,-0.537633795175493,8.007356748205357,22.066161167618844,-38.64644841955851,3.39,1.63,,,,73.7,2981,5.7,746878,665804,683737,663611,666624,670156,664023,691718,641355,54.8,,,,,,,,16,3,Curveball,0,2,2,0,2,0,2,0,Standard,Standard,45,0.0,0.023,,,,-0.023,,-2,2,0.279,0.721,34,37,35,38,2,1,5.0,2.0,6.0,1.0,4.91,-1.19,-1.19,43.0,,,,,
CH,2024-05-17,80.5,-2.83,6.07,"Hendricks, Kyle",457705,543294,,foul,,,,,14,Andrew McCutchen called out on strikes.,R,R,R,CHC,PIT,S,,,0,1,2024,-0.59,1.3,0.95,2.37,,,,0,3,Top,,,,,,,9.359745711240006,-116.94845485302451,-3.993376556258724,-7.070209160175984,20.84712948297452,-19.610901473930447,3.44,1.64,173.0,63.2,48.0,79.5,2123,5.6,746878,665804,683737,663611,666624,670156,664023,691718,641355,54.92,,,,,,,,16,2,Changeup,0,2,2,0,2,0,2,0,Standard,Standard,229,0.0,-0.054,68.2,8.3,,0.054,88.0,-2,2,0.279,0.721,34,37,35,38,2,1,5.0,2.0,6.0,1.0,2.21,0.59,0.59,41.9,13.544520622914137,-10.537826659298268,30.63647106795587,49.73994464150232,28.00845816973933
SI,2024-05-17,87.2,-2.78,6.01,"Hendricks, Kyle",457705,543294,,called_strike,,,,,3,Andrew McCutchen called out on strikes.,R,R,R,CHC,PIT,S,,,0,0,2024,-1.07,0.36,0.44,3.3,,,,0,3,Top,,,,,,,9.822736431763143,-126.68963899604896,-1.1408452912116156,-13.390492928833009,22.81354715884035,-28.271658088758173,3.44,1.63,,,,86.6,1962,5.7,746878,665804,683737,663611,666624,670156,664023,691718,641355,54.78,,,,,,,,16,1,Sinker,0,2,2,0,2,0,2,0,Standard,Standard,208,0.0,-0.037,,,,0.037,,-2,2,0.279,0.721,34,37,35,38,2,1,5.0,2.0,6.0,1.0,2.62,1.07,1.07,42.4,,,,,
CH,2024-05-17,79.9,-2.61,6.07,"Hendricks, Kyle",669707,543294,home_run,hit_into_play,,,,,4,Jared Triolo homers (2) on a fly ball to left field. Rowdy Tellez scores.,R,R,R,CHC,PIT,X,,fly_ball,1,2,2024,-1.33,0.4,-0.62,2.96,,,642133.0,0,3,Top,23.73,72.87,,,,,6.768458926911926,-116.21546110729676,-0.9373051274446992,-13.269272197116846,20.218317872329443,-28.53292011465231,3.6,1.66,399.0,103.0,24.0,79.0,2162,5.5,746878,665804,683737,663611,666624,670156,664023,691718,641355,54.96,0.771,1.327,2.0,1.0,0.0,3.0,6.0,15,4,Changeup,0,0,0,0,2,0,2,0,Standard,Standard,223,-0.181,1.113,73.6,7.6,2.432,-1.113,103.0,0,0,0.46,0.54,34,26,35,26,1,0,5.0,2.0,6.0,1.0,3.15,1.33,1.33,42.2,17.179273308815507,-13.964871203617207,33.80781271605737,31.89072217734532,36.110400809593415
CH,2024-05-17,80.3,-2.59,6.08,"Hendricks, Kyle",669707,543294,,ball,,,,,14,Jared Triolo homers (2) on a fly ball to left field. Rowdy Tellez scores.,R,R,R,CHC,PIT,B,,,0,2,2024,-1.09,0.48,0.86,1.52,,,642133.0,0,3,Top,,,,,,,9.53725315962156,-116.5783790625236,-4.298071963641182,-11.60915245037226,19.698849987046287,-27.154755990006308,3.53,1.67,,,,79.5,2197,5.6,746878,665804,683737,663611,666624,670156,664023,691718,641355,54.89,,,,,,,,15,3,Changeup,0,0,0,0,0,0,0,0,Standard,Standard,229,0.0,0.033,,,,-0.033,,0,0,0.46,0.54,34,26,35,26,1,0,5.0,2.0,6.0,1.0,3.04,1.09,1.09,42.6,,,,,
SI,2024-05-17,87.4,-2.54,5.96,"Hendricks, Kyle",669707,543294,,called_strike,,,,,7,Jared Triolo homers (2) on a fly ball to left field. Rowdy Tellez scores.,R,R,R,CHC,PIT,S,,,0,1,2024,-1.05,0.51,-0.82,1.65,,,642133.0,0,3,Top,,,,,,,6.218217423430357,-127.18698853621048,-5.309619735996556,-12.550097248305576,21.76692315062329,-25.86127280414989,3.63,1.68,,,,86.9,1820,5.6,746878,665804,683737,663611,666624,670156,664023,691718,641355,54.89,,,,,,,,15,2,Sinker,0,0,0,0,0,0,0,0,Standard,Standard,213,0.0,-0.048,,,,0.048,,0,0,0.46,0.54,34,26,35,26,1,0,5.0,2.0,6.0,1.0,2.44,1.05,1.05,40.2,,,,,
SI,2024-05-17,86.2,-2.53,6.04,"Hendricks, Kyle",669707,543294,,called_strike,,,,,2,Jared Triolo homers (2) on a fly ball to left field. Rowdy Tellez scores.,R,R,R,CHC,PIT,S,,,0,0,2024,-1.06,0.58,0.23,3.18,,,642133.0,0,3,Top,,,,,,,8.567375570462431,-125.32734772030145,-1.7886239627040976,-12.760238054195726,21.86108209980468,-25.84112491579408,3.56,1.67,,,,85.4,1952,5.5,746878,665804,683737,663611,666624,670156,664023,691718,641355,54.99,,,,,,,,15,1,Sinker,0,0,0,0,0,0,0,0,Standard,Standard,209,0.0,-0.042,,,,0.042,,0,0,0.46,0.54,34,26,35,26,1,0,5.0,2.0,6.0,1.0,2.46,1.06,1.06,41.5,,,,,
CH,2024-05-17,80.2,-2.85,6.06,"Hendricks, Kyle",642133,543294,single,hit_into_play,,,,,7,Rowdy Tellez singles on a line drive to left fielder Ian Happ.,R,L,R,CHC,PIT,X,7.0,line_drive,1,0,2024,-1.46,0.32,-0.53,1.72,,,,0,3,Top,87.34,156.06,,,,,7.735610966304144,-116.49299108813966,-3.4487462835703795,-14.771945183828798,21.867605441154677,-28.77840720449537,3.73,1.66,147.0,66.4,19.0,78.9,2177,5.5,746878,665804,683737,663611,666624,670156,664023,691718,641355,55.04,0.56,0.504,0.9,1.0,1.0,0.0,4.0,14,2,Changeup,0,0,0,0,0,0,0,0,Infield shade,Standard,231,-0.04,0.41,72.0,8.7,0.564,-0.41,88.0,0,0,0.5,0.5,34,29,35,29,1,0,5.0,2.0,6.0,2.0,3.23,1.46,-1.46,40.6,8.604500945579993,-11.983355275913272,32.6441933778525,46.313073164530536,38.15443660757872
CU,2024-05-17,74.2,-2.77,6.03,"Hendricks, Kyle",642133,543294,,ball,,,,,14,Rowdy Tellez singles on a line drive to left fielder Ian Happ.,R,L,R,CHC,PIT,B,,,0,0,2024,1.32,-0.78,1.46,1.79,,,,0,3,Top,,,,,,,6.225884663209766,-107.74335984546154,0.0537475397590097,8.884667190302242,22.075500129317632,-38.43483354781388,3.62,1.65,,,,72.4,2993,5.5,746878,665804,683737,663611,666624,670156,664023,691718,641355,55.03,,,,,,,,14,1,Curveball,0,0,0,0,0,0,0,0,Infield shade,Standard,43,0.0,0.038,,,,-0.038,,0,0,0.5,0.5,34,29,35,29,1,0,5.0,2.0,6.0,2.0,5.0,-1.32,1.32,42.2,,,,,
CH,2024-05-17,80.2,-2.59,6.04,"Hendricks, Kyle",518735,543294,field_out,hit_into_play,,,,,4,"Yasmani Grandal grounds out, second baseman Nick Madrigal to first baseman Michael Busch.",R,L,R,CHC,PIT,X,4.0,ground_ball,0,1,2024,-1.27,0.44,-0.72,2.57,,656582.0,,2,2,Top,143.15,148.54,,,,,6.416064146595479,-116.68225825705976,-1.8865849925792189,-12.7520751847845,18.95502236493692,-27.95910139629811,3.22,1.48,28.0,89.3,-3.0,79.3,2204,5.4,746878,665804,683737,663611,666624,670156,664023,691718,641355,55.14,0.203,0.157,0.0,1.0,0.0,0.0,2.0,10,2,Changeup,0,0,0,0,0,0,0,0,Standard,Standard,225,0.034,-0.26,61.1,7.9,0.214,0.26,89.3,0,0,0.516,0.484,34,35,35,36,1,0,5.0,1.0,6.0,2.0,3.06,1.27,-1.27,42.2,23.91089949399858,1.1635351631038104,19.502813421045925,47.1073197231168,34.43662810845127
SI,2024-05-17,87.3,-2.55,5.93,"Hendricks, Kyle",518735,543294,,called_strike,,,,,6,"Yasmani Grandal grounds out, second baseman Nick Madrigal to first baseman Michael Busch.",R,L,R,CHC,PIT,S,,,0,0,2024,-1.08,0.44,0.67,2.45,,656582.0,,2,2,Top,,,,,,,9.823545978363576,-126.88162832014156,-3.15733144144105,-13.506069836176318,21.963229150796906,-26.95200717267352,3.16,1.47,,,,86.6,2013,5.6,746878,665804,683737,663611,666624,670156,664023,691718,641355,54.92,,,,,,,,10,1,Sinker,0,0,0,0,0,0,0,0,Standard,Standard,214,0.0,-0.04,,,,0.04,,0,0,0.516,0.484,34,35,35,36,1,0,5.0,1.0,6.0,2.0,2.52,1.08,-1.08,41.6,,,,,
CH,2024-05-17,80.0,-2.56,6.06,"Hendricks, Kyle",669261,543294,field_out,hit_into_play,,,,,8,"Jack Suwinski grounds out softly, pitcher Kyle Hendricks to first baseman Michael Busch.",R,L,R,CHC,PIT,X,1.0,ground_ball,1,1,2024,-1.28,0.57,0.03,1.97,,656582.0,,1,2,Top,124.24,178.49,,,,,8.006180164728672,-116.37979596083566,-3.3958078049959903,-13.101922456011046,19.42916046679465,-26.58747315673109,3.56,1.61,2.0,49.5,-48.0,79.3,2228,5.6,746878,665804,683737,663611,666624,670156,664023,691718,641355,54.93,0.217,0.25,0.0,1.0,0.0,0.0,1.0,9,3,Changeup,0,0,0,0,0,0,0,0,Infield shade,Standard,226,0.036,-0.243,79.5,8.5,0.217,0.243,88.0,0,0,0.48,0.52,34,25,35,26,1,0,5.0,1.0,6.0,2.0,2.97,1.28,-1.28,42.5,27.91844721782585,-19.980366447348835,33.42561786170616,34.34217439746594,47.53997607375027
CH,2024-05-17,80.6,-2.75,6.05,"Hendricks, Kyle",669261,543294,,ball,,,,,11,"Jack Suwinski grounds out softly, pitcher Kyle Hendricks to first baseman Michael Busch.",R,L,R,CHC,PIT,B,,,0,1,2024,-1.4,0.53,-1.14,3.13,,656582.0,,1,2,Top,,,,,,,6.098010129279185,-117.2638343051807,-0.8806686650808202,-14.08563389697654,20.4871301662641,-27.322727637919428,3.43,1.55,,,,79.5,2155,5.3,746878,665804,683737,663611,666624,670156,664023,691718,641355,55.15,,,,,,,,9,2,Changeup,0,0,0,0,0,0,0,0,Infield shade,Standard,233,0.0,0.021,,,,-0.021,,0,0,0.48,0.52,34,25,35,26,1,0,5.0,1.0,6.0,2.0,2.96,1.4,-1.4,40.6,,,,,
SI,2024-05-17,87.1,-2.59,5.95,"Hendricks, Kyle",669261,543294,,called_strike,,,,,3,"Jack Suwinski grounds out softly, pitcher Kyle Hendricks to first baseman Michael Busch.",R,L,R,CHC,PIT,S,,,0,0,2024,-1.1,0.64,0.61,3.18,,656582.0,,1,2,Top,,,,,,,9.786699353425096,-126.56952183802508,-1.8265157268840648,-13.725141332496158,23.475806893962545,-25.09868148326348,3.55,1.62,,,,86.2,1928,5.6,746878,665804,683737,663611,666624,670156,664023,691718,641355,54.9,,,,,,,,9,1,Sinker,0,0,0,0,0,0,0,0,Standard,Standard,215,0.0,-0.036,,,,0.036,,0,0,0.48,0.52,34,25,35,26,1,0,5.0,1.0,6.0,2.0,2.35,1.1,-1.1,41.4,,,,,
SI,2024-05-17,88.1,-2.5,5.95,"Hendricks, Kyle",693304,543294,field_out,hit_into_play,,,,,14,"Nick Gonzales grounds out, shortstop Miles Mastrobuoni to second baseman Nick Madrigal to first baseman Michael Busch. Connor Joe to 2nd.",R,R,R,CHC,PIT,X,6.0,ground_ball,3,2,2024,-1.29,0.69,0.09,1.31,,,656582.0,0,2,Top,112.22,149.55,,,,,8.833391847404013,-127.87451424943832,-6.497898217766111,-15.97400172135012,25.875753280523572,-23.461095185450556,3.36,1.51,46.0,103.9,0.0,87.0,1978,5.7,746878,665804,683737,663611,666624,670156,664023,691718,641355,54.84,0.48,0.435,0.0,1.0,0.0,0.0,4.0,8,6,Sinker,0,0,0,0,0,0,0,0,Standard,Standard,218,0.018,-0.457,71.9,7.4,0.518,0.457,103.9,0,0,0.462,0.538,34,25,35,25,1,0,5.0,1.0,6.0,1.0,2.26,1.29,1.29,45.9,9.40707542299025,7.374823603579704,41.61795787951584,38.01237380033723,32.99276762008181
CH,2024-05-17,79.8,-2.64,6.03,"Hendricks, Kyle",693304,543294,,foul,,,,,5,"Nick Gonzales grounds out, shortstop Miles Mastrobuoni to second baseman Nick Madrigal to first baseman Michael Busch. Connor Joe to 2nd.",R,R,R,CHC,PIT,S,,,3,1,2024,-1.32,0.42,-0.2,2.37,,,656582.0,0,2,Top,,,,,,,7.732513500215295,-116.04383317182672,-2.0858131880005075,-13.327154835198764,21.504008662547992,-28.2326911898334,3.36,1.51,221.0,77.7,49.0,78.7,2099,5.6,746878,665804,683737,663611,666624,670156,664023,691718,641355,54.93,,,,,,,,8,5,Changeup,0,0,0,0,0,0,0,0,Standard,Standard,230,0.0,-0.04,68.6,6.4,,0.04,88.0,0,0,0.462,0.538,34,25,35,25,1,0,5.0,1.0,6.0,1.0,3.17,1.32,1.32,40.8,1.4183030496404023,10.719318370418131,35.23963212668053,34.169295661222016,32.35325533950088
CH,2024-05-17,80.6,-2.59,5.95,"Hendricks, Kyle",693304,543294,,ball,,,,,14,"Nick Gonzales grounds out, shortstop Miles Mastrobuoni to second baseman Nick Madrigal to first baseman Michael Busch. Connor Joe to 2nd.",R,R,R,CHC,PIT,B,,,2,1,2024,-1.39,0.53,0.76,1.08,,,656582.0,0,2,Top,,,,,,,9.9068485045008,-116.8669567391801,-5.031808721551075,-14.62028563563344,22.4273306470925,-26.50882900011101,3.28,1.53,,,,79.3,2121,5.6,746878,665804,683737,663611,666624,670156,664023,691718,641355,54.9,,,,,,,,8,4,Changeup,0,0,0,0,0,0,0,0,Standard,Standard,228,0.0,0.109,,,,-0.109,,0,0,0.462,0.538,34,25,35,25,1,0,5.0,1.0,6.0,1.0,3.01,1.39,1.39,41.4,,,,,
CH,2024-05-17,79.8,-2.59,6.04,"Hendricks, Kyle",693304,543294,,ball,,,,,14,"Nick Gonzales grounds out, shortstop Miles Mastrobuoni to second baseman Nick Madrigal to first baseman Michael Busch. Connor Joe to 2nd.",R,R,R,CHC,PIT,B,,,1,1,2024,-1.56,0.52,0.53,1.37,,,656582.0,0,2,Top,,,,,,,9.625683330943042,-115.81230685578625,-4.453095384962957,-15.840967814420749,21.693255481729,-26.7843156634982,3.14,1.49,,,,78.6,2122,5.6,746878,665804,683737,663611,666624,670156,664023,691718,641355,54.93,,,,,,,,8,3,Changeup,0,0,0,0,0,0,0,0,Standard,Standard,229,0.0,0.043,,,,-0.043,,0,0,0.462,0.538,34,25,35,25,1,0,5.0,1.0,6.0,1.0,3.07,1.56,1.56,41.6,,,,,
SI,2024-05-17,87.0,-2.55,5.98,"Hendricks, Kyle",693304,543294,,ball,,,,,14,"Nick Gonzales grounds out, shortstop Miles Mastrobuoni to second baseman Nick Madrigal to first baseman Michael Busch. Connor Joe to 2nd.",R,R,R,CHC,PIT,B,,,0,1,2024,-1.19,0.53,1.1,1.6,,,656582.0,0,2,Top,,,,,,,11.020630445945402,-126.148513338115,-5.325881096355534,-14.928088101458016,25.26943770063067,-25.5236207242983,3.34,1.52,,,,85.8,2011,5.7,746878,665804,683737,663611,666624,670156,664023,691718,641355,54.82,,,,,,,,8,2,Sinker,0,0,0,0,0,0,0,0,Standard,Standard,214,0.0,0.034,,,,-0.034,,0,0,0.462,0.538,34,25,35,25,1,0,5.0,1.0,6.0,1.0,2.49,1.19,1.19,41.9,,,,,
CU,2024-05-17,73.0,-2.67,6.03,"Hendricks, Kyle",693304,543294,,called_strike,,,,,2,"Nick Gonzales grounds out, shortstop Miles Mastrobuoni to second baseman Nick Madrigal to first baseman Michael Busch. Connor Joe to 2nd.",R,R,R,CHC,PIT,S,,,0,0,2024,1.26,-0.82,0.12,3.3,,,656582.0,0,2,Top,,,,,,,3.397863379182935,-106.20904535063494,3.2628552276819387,8.850540015125134,20.09168967749126,-39.17412021921524,3.19,1.36,,,,71.5,2898,5.4,746878,665804,683737,663611,666624,670156,664023,691718,641355,55.13,,,,,,,,8,1,Curveball,0,0,0,0,0,0,0,0,Standard,Standard,51,0.0,-0.042,,,,0.042,,0,0,0.462,0.538,34,25,35,25,1,0,5.0,1.0,6.0,1.0,5.13,-1.26,-1.26,42.3,,,,,
CH,2024-05-17,80.2,-2.66,6.12,"Hendricks, Kyle",656582,543294,single,hit_into_play,,,,,6,Connor Joe singles on a sharp line drive to right fielder Cody Bellinger.,R,R,R,CHC,PIT,X,9.0,line_drive,1,2,2024,-1.29,0.27,0.58,2.42,,,,0,2,Top,167.86,84.12,,,,,9.457500883178785,-116.47151632713916,-2.013214511482242,-13.41995597008308,20.096718498367892,-29.568437120558528,3.23,1.53,255.0,100.7,14.0,79.3,2127,5.6,746878,665804,683737,663611,666624,670156,664023,691718,641355,54.88,0.829,0.828,0.9,1.0,1.0,0.0,4.0,7,4,Changeup,0,0,0,0,0,0,0,0,Standard,Standard,230,-0.038,0.516,72.9,7.2,1.073,-0.516,100.7,0,0,0.5,0.5,34,31,35,32,1,0,5.0,1.0,6.0,1.0,3.27,1.29,1.29,44.9,1.6827862573179913,4.423065565702542,28.45466182600494,43.41199771293775,30.459316385891466
FF,2024-05-17,88.7,-2.75,6.01,"Hendricks, Kyle",656582,543294,,ball,,,,,12,Connor Joe singles on a sharp line drive to right fielder Cody Bellinger.,R,R,R,CHC,PIT,B,,,0,2,2024,-0.32,1.31,1.76,3.02,,,,0,2,Top,,,,,,,11.5336082970592,-128.78409642796152,-3.959816135453299,-5.7950707830802175,25.114506058204174,-16.84550998124461,3.23,1.53,,,,87.7,2071,5.7,746878,665804,683737,663611,666624,670156,664023,691718,641355,54.84,,,,,,,,7,3,4-Seam Fastball,0,0,0,0,0,0,0,0,Standard,Standard,206,0.0,0.023,,,,-0.023,,0,0,0.5,0.5,34,31,35,32,1,0,5.0,1.0,6.0,1.0,1.58,0.32,0.32,37.5,,,,,
CH,2024-05-17,80.1,-2.74,6.13,"Hendricks, Kyle",656582,543294,,called_strike,,,,,2,Connor Joe singles on a sharp line drive to right fielder Cody Bellinger.,R,R,R,CHC,PIT,S,,,0,1,2024,-1.18,0.27,0.03,3.24,,,,0,2,Top,,,,,,,8.213391561713648,-116.38894147720808,-0.2335088949806374,-12.234606209864149,19.982776957454924,-29.865409596494874,3.14,1.48,,,,79.3,2192,5.6,746878,665804,683737,663611,666624,670156,664023,691718,641355,54.9,,,,,,,,7,2,Changeup,0,0,0,0,0,0,0,0,Standard,Standard,224,0.0,-0.054,,,,0.054,,0,0,0.5,0.5,34,31,35,32,1,0,5.0,1.0,6.0,1.0,3.27,1.18,1.18,42.2,,,,,
CU,2024-05-17,72.3,-2.82,6.02,"Hendricks, Kyle",656582,543294,,called_strike,,,,,6,Connor Joe singles on a sharp line drive to right fielder Cody Bellinger.,R,R,R,CHC,PIT,S,,,0,0,2024,1.47,-0.66,0.78,2.36,,,,0,2,Top,,,,,,,4.613919500558399,-105.1022711559548,1.3716863680331977,9.803402846866188,21.042856140602083,-37.5190279610434,3.08,1.54,,,,70.8,2870,5.6,746878,665804,683737,663611,666624,670156,664023,691718,641355,54.9,,,,,,,,7,1,Curveball,0,0,0,0,0,0,0,0,Standard,Standard,45,0.0,-0.037,,,,0.037,,0,0,0.5,0.5,34,31,35,32,1,0,5.0,1.0,6.0,1.0,5.09,-1.47,-1.47,41.8,,,,,
CH,2024-05-17,81.4,-2.86,6.09,"Hendricks, Kyle",665833,543294,strikeout,swinging_strike,,,,,8,Oneil Cruz strikes out swinging.,R,L,R,CHC,PIT,S,2.0,,0,2,2024,-1.25,0.6,-0.21,1.74,,,,2,1,Top,,,,,,,8.225726114058515,-118.26781026553718,-4.307513565407657,-13.236542142317084,20.60901049359541,-25.959321447809515,3.85,1.78,,,,80.6,2192,5.7,746878,665804,683737,663611,666624,670156,664023,691718,641355,54.85,,0.0,0.0,1.0,0.0,0.0,,3,3,Changeup,0,0,0,0,0,0,0,0,Infield shade,Standard,225,0.01,-0.157,75.6,8.7,,0.157,,0,0,0.537,0.463,34,25,35,26,1,0,5.0,1.0,6.0,2.0,2.83,1.25,-1.25,43.1,33.422955903551205,-33.42495137150842,39.90420024041975,40.80458896950064,54.27043801520607
CH,2024-05-17,81.3,-2.91,6.06,"Hendricks, Kyle",665833,543294,,swinging_strike,,,,,7,Oneil Cruz strikes out swinging.,R,L,R,CHC,PIT,S,,,0,1,2024,-1.22,0.82,-0.82,1.8,,,,2,1,Top,,,,,,,6.885560465304935,-118.21117103810452,-4.484248182803155,-12.669398993761227,20.65261680985679,-23.82265500846796,3.85,1.78,,,,80.4,2236,5.5,746878,665804,683737,663611,666624,670156,664023,691718,641355,54.99,,,,,,,,3,2,Changeup,0,0,0,0,0,0,0,0,Infield shade,Standard,224,0.0,-0.058,76.4,9.2,,0.058,,0,0,0.537,0.463,34,25,35,26,1,0,5.0,1.0,6.0,2.0,2.61,1.22,-1.22,41.1,25.6977081033652,-43.04144380911522,34.037302635831914,48.10545528992789,63.46524299100139
SI,2024-05-17,87.3,-2.68,6.0,"Hendricks, Kyle",665833,543294,,called_strike,,,,,6,Oneil Cruz strikes out swinging.,R,L,R,CHC,PIT,S,,,0,0,2024,-1.11,0.64,0.74,2.45,,,,2,1,Top,,,,,,,10.375399420220925,-126.8452854346104,-3.737644716996626,-13.962347486409213,22.756606510609995,-24.6340427059364,3.81,1.76,,,,86.7,2058,5.7,746878,665804,683737,663611,666624,670156,664023,691718,641355,54.78,,,,,,,,3,1,Sinker,0,0,0,0,0,0,0,0,Infield shade,Standard,214,0.0,-0.041,,,,0.041,,0,0,0.537,0.463,34,25,35,26,1,0,5.0,1.0,6.0,2.0,2.33,1.11,-1.11,40.7,,,,,
CH,2024-05-17,81.2,-2.82,6.12,"Hendricks, Kyle",668804,543294,field_out,hit_into_play,,,,,1,"Bryan Reynolds grounds out, second baseman Nick Madrigal to first baseman Michael Busch.",R,L,R,CHC,PIT,X,4.0,ground_ball,0,1,2024,-1.2,0.6,-0.62,2.66,,,,1,1,Top,144.16,149.55,,,,,7.138114690837496,-118.1126347515204,-2.300360724633536,-12.573522833209177,20.23785862739405,-26.34221420342802,3.12,1.49,18.0,93.3,-8.0,80.7,2186,5.7,746878,665804,683737,663611,666624,670156,664023,691718,641355,54.77,0.186,0.19,0.0,1.0,0.0,0.0,2.0,2,2,Changeup,0,0,0,0,0,0,0,0,Infield shade,Standard,227,0.015,-0.219,66.2,6.4,0.186,0.219,93.3,0,0,0.522,0.478,34,29,35,29,1,0,5.0,1.0,6.0,1.0,2.84,1.2,-1.2,43.3,8.752002096305546,12.011418488730046,32.54177773245228,42.63309881613627,26.5679975199132
CU,2024-05-17,73.3,-2.88,6.05,"Hendricks, Kyle",668804,543294,,called_strike,,,,,1,"Bryan Reynolds grounds out, second baseman Nick Madrigal to first baseman Michael Busch.",R,L,R,CHC,PIT,S,,,0,0,2024,1.2,-0.98,-0.6,2.77,,,,1,1,Top,,,,,,,2.504362296638191,-106.64077573870613,2.403377362062959,8.58610973675758,20.545829497850143,-40.2566386054197,2.98,1.42,,,,71.8,2861,5.4,746878,665804,683737,663611,666624,670156,664023,691718,641355,55.08,,,,,,,,2,1,Curveball,0,0,0,0,0,0,0,0,Infield shade,Standard,44,0.0,-0.037,,,,0.037,,0,0,0.522,0.478,34,29,35,29,1,0,5.0,1.0,6.0,1.0,5.26,-1.2,1.2,41.0,,,,,
CH,2024-05-17,80.2,-2.74,6.09,"Hendricks, Kyle",457705,543294,field_out,hit_into_play,,,,,9,"Andrew McCutchen grounds out, shortstop Miles Mastrobuoni to first baseman Michael Busch.",R,R,R,CHC,PIT,X,6.0,ground_ball,0,2,2024,-1.23,0.56,0.79,2.04,,,,0,1,Top,111.21,150.57,,,,,9.97788333375164,-116.43631676347994,-3.31276751228254,-12.98741286970036,19.40392405363461,-26.67834236365168,3.44,1.64,32.0,98.3,-2.0,79.5,2141,5.7,746878,665804,683737,663611,666624,670156,664023,691718,641355,54.84,0.409,0.407,0.0,1.0,0.0,0.0,2.0,1,3,Changeup,0,0,0,0,0,0,0,0,Standard,Standard,235,0.022,-0.163,72.2,8.4,0.488,0.163,98.3,0,0,0.5,0.5,34,37,35,38,1,0,5.0,2.0,6.0,1.0,2.97,1.23,1.23,43.8,18.50983021339025,-3.6672912380667246,29.905568291445,46.23404001475252,27.792317321273053
CH,2024-05-17,80.4,-2.7,6.11,"Hendricks, Kyle",457705,543294,,swinging_strike,,,,,14,"Andrew McCutchen grounds out, shortstop Miles Mastrobuoni to first baseman Michael Busch.",R,R,R,CHC,PIT,S,,,0,1,2024,-1.22,0.58,1.05,2.15,,,,0,1,Top,,,,,,,10.491540120426595,-116.75541070739966,-3.267627612117109,-12.932554159375623,17.950281225216916,-26.39564529699967,3.44,1.64,,,,80.0,2121,5.7,746878,665804,683737,663611,666624,670156,664023,691718,641355,54.76,,,,,,,,1,2,Changeup,0,0,0,0,0,0,0,0,Standard,Standard,223,0.0,-0.054,72.0,9.0,,0.054,,0,0,0.5,0.5,34,37,35,38,1,0,5.0,2.0,6.0,1.0,2.91,1.22,1.22,42.4,23.208358843043317,-29.113602896563837,27.59053518966352,50.15217389247796,41.769452387591954
FF,2024-05-17,87.0,-2.82,6.0,"Hendricks, Kyle",457705,543294,,foul,,,,,4,"Andrew McCutchen grounds out, shortstop Miles Mastrobuoni to first baseman Michael Busch.",R,R,R,CHC,PIT,S,,,0,0,2024,-0.72,1.17,-0.57,2.75,,,,0,1,Top,,,,,,,6.807982108680618,-126.63715091645707,-4.037553841988368,-9.141682996158805,24.24659873537864,-18.88968078631189,3.49,1.69,,,,86.3,2113,5.7,746878,665804,683737,663611,666624,670156,664023,691718,641355,54.82,,,,,,,,1,1,4-Seam Fastball,0,0,0,0,0,0,0,0,Standard,Standard,212,0.0,-0.037,77.8,8.3,,0.037,,0,0,0.5,0.5,34,37,35,38,1,0,5.0,2.0,6.0,1.0,1.82,0.72,0.72,37.2,27.631915947371105,-29.859145722434985,31.953806147689757,30.370107770506586,40.92396895197759
CH,2024-05-12,81.2,-2.77,5.9,"Hendricks, Kyle",668804,543294,field_out,hit_into_play,,,,,7,"Bryan Reynolds grounds out, second baseman Nick Madrigal to first baseman Patrick Wisdom.",R,L,R,PIT,CHC,X,4.0,ground_ball,1,0,2024,-1.46,0.55,-0.29,1.96,,,457705.0,2,5,Bot,137.72,154.79,,,,,8.210165356764893,-117.93702750012916,-3.2075418423243804,-15.21151089220256,22.657689356725072,-26.58164619723073,3.07,1.47,2.0,58.5,-46.0,79.9,2298,5.5,745499,665804,621550,663611,666624,663538,664023,641355,643565,54.98,0.24,0.24,0.0,1.0,0.0,0.0,1.0,41,2,Changeup,1,2,1,2,2,1,1,2,Infield shade,Standard,232,-0.036,-0.304,76.0,8.2,0.254,0.304,88.0,-1,-1,0.369,0.369,34,29,35,29,3,2,21.0,1.0,5.0,1.0,2.92,1.46,-1.46,40.8,30.47304439346781,-26.935290735971016,37.97305589087113,38.73769637756804,47.33822436310059
SI,2024-05-12,86.7,-2.81,5.89,"Hendricks, Kyle",668804,543294,,ball,,,,,13,"Bryan Reynolds grounds out, second baseman Nick Madrigal to first baseman Patrick Wisdom.",R,L,R,PIT,CHC,B,,,0,0,2024,-1.36,0.83,-1.72,2.14,,,457705.0,2,5,Bot,,,,,,,5.29373431993373,-126.09208974638128,-4.393424565786955,-15.57928936169061,25.742657503921333,-22.638699431217383,3.17,1.49,,,,85.4,2003,5.5,745499,665804,621550,663611,666624,663538,664023,641355,643565,54.98,,,,,,,,41,1,Sinker,1,2,1,2,2,1,1,2,Infield shade,Standard,222,0.0,0.034,,,,-0.034,,-1,-1,0.369,0.369,34,29,35,29,3,2,21.0,1.0,5.0,1.0,2.21,1.36,-1.36,41.7,,,,,
SI,2024-05-12,88.5,-2.91,5.83,"Hendricks, Kyle",457705,543294,walk,ball,,,,,14,Andrew McCutchen walks.,R,R,R,PIT,CHC,B,,,3,1,2024,-1.4,0.73,0.42,1.26,,,,2,5,Bot,,,,,,,10.85963483083554,-128.3504291539382,-6.520773746832627,-17.71031224467612,26.21741088305356,-22.821464778086067,3.51,1.7,,,,87.2,2017,5.7,745499,665804,621550,663611,666624,663538,664023,641355,643565,54.85,,0.689131,0.7,1.0,0.0,0.0,,40,5,Sinker,1,2,1,2,2,1,1,2,Standard,Standard,220,0.02,0.178,,,,-0.178,,-1,-1,0.349,0.349,34,37,35,38,3,2,21.0,1.0,5.0,1.0,2.19,1.4,1.4,43.0,,,,,
SI,2024-05-12,87.7,-2.88,5.89,"Hendricks, Kyle",457705,543294,,called_strike,,,,,4,Andrew McCutchen walks.,R,R,R,PIT,CHC,S,,,3,0,2024,-1.37,0.68,-0.44,2.42,,,,2,5,Bot,,,,,,,8.574691826814481,-127.42312307122168,-3.627824776761825,-16.63848419973682,25.81647153042424,-24.17730667511427,3.44,1.66,,,,86.4,2023,5.5,745499,665804,621550,663611,666624,663538,664023,641355,643565,54.96,,,,,,,,40,4,Sinker,1,2,1,2,2,1,1,2,Infield shade,Standard,219,0.0,-0.058,,,,0.058,,-1,-1,0.349,0.349,34,37,35,38,3,2,21.0,1.0,5.0,1.0,2.29,1.37,1.37,41.0,,,,,
CH,2024-05-12,81.2,-2.83,5.94,"Hendricks, Kyle",457705,543294,,ball,,,,,14,Andrew McCutchen walks.,R,R,R,PIT,CHC,B,,,2,0,2024,-1.4,0.39,0.99,0.85,,,,2,5,Bot,,,,,,,11.04582796540914,-117.59004218929738,-5.386279167380604,-15.084232591304485,23.05465575704513,-27.61729129692028,3.51,1.74,,,,79.9,2287,5.7,745499,665804,621550,663611,666624,663538,664023,641355,643565,54.77,,,,,,,,40,3,Changeup,1,2,1,2,2,1,1,2,Infield shade,Standard,234,0.0,0.109,,,,-0.109,,-1,-1,0.349,0.349,34,37,35,38,3,2,21.0,1.0,5.0,1.0,3.11,1.4,1.4,43.8,,,,,
SI,2024-05-12,89.1,-3.0,5.82,"Hendricks, Kyle",457705,543294,,ball,,,,,13,Andrew McCutchen walks.,R,R,R,PIT,CHC,B,,,1,0,2024,-1.38,0.6,-1.19,1.91,,,,2,5,Bot,,,,,,,7.257831604055215,-129.48576996354245,-4.757494763142912,-16.998980650537476,27.776788914875308,-24.57604211468693,3.55,1.74,,,,88.1,1995,5.8,745499,665804,621550,663611,666624,663538,664023,641355,643565,54.69,,,,,,,,40,2,Sinker,1,2,1,2,2,1,1,2,Standard,Standard,216,0.0,0.068,,,,-0.068,,-1,-1,0.349,0.349,34,37,35,38,3,2,21.0,1.0,5.0,1.0,2.28,1.38,1.38,39.1,,,,,
CH,2024-05-12,80.9,-2.94,5.95,"Hendricks, Kyle",457705,543294,,ball,,,,,14,Andrew McCutchen walks.,R,R,R,PIT,CHC,B,,,0,0,2024,-1.14,0.58,1.27,2.39,,,,2,5,Bot,,,,,,,11.382685762946853,-117.37670399826618,-2.3635966937534647,-12.631393141759352,21.020813342090424,-26.574476504102417,3.48,1.7,,,,79.9,2211,5.6,745499,665804,621550,663611,666624,663538,664023,641355,643565,54.86,,,,,,,,40,1,Changeup,1,2,1,2,2,1,1,2,Infield shade,Standard,234,0.0,0.04,,,,-0.04,,-1,-1,0.349,0.349,34,37,35,38,3,2,21.0,1.0,5.0,1.0,2.91,1.14,1.14,42.8,,,,,
SI,2024-05-12,88.1,-2.94,5.85,"Hendricks, Kyle",675961,543294,field_out,hit_into_play,,,,,4,Alika Williams flies out to right fielder Mike Tauchman.,R,R,R,PIT,CHC,X,9.0,fly_ball,0,1,2024,-0.99,0.63,-0.47,2.29,,,,1,5,Bot,154.81,86.58,,,,,7.937700043725369,-128.16214447528904,-3.87009857508763,-12.514974357841012,23.779120363272337,-24.649081280946525,3.43,1.6,289.0,84.9,43.0,87.3,1994,5.5,745499,665804,621550,663611,666624,663538,664023,641355,643565,54.95,0.003,0.003,0.0,1.0,0.0,0.0,3.0,39,2,Sinker,1,2,1,2,2,1,1,2,Standard,Standard,215,-0.024,-0.219,73.8,7.2,0.004,0.219,88.0,-1,-1,0.373,0.373,34,25,35,25,2,1,21.0,4.0,5.0,3.0,2.29,0.99,0.99,42.5,9.687229412379423,-9.291365865248288,40.58926143769792,29.53788689476148,33.149691057775506
CH,2024-05-12,80.5,-2.81,5.98,"Hendricks, Kyle",675961,543294,,called_strike,,,,,14,Alika Williams flies out to right fielder Mike Tauchman.,R,R,R,PIT,CHC,S,,,0,0,2024,-1.33,0.29,0.92,2.44,,,,1,5,Bot,,,,,,,10.612405433400824,-116.74431235245112,-1.7255706307568175,-14.099670920321582,20.48032534591527,-29.396294240668936,3.55,1.66,,,,79.5,2226,5.6,745499,665804,621550,663611,666624,663538,664023,641355,643565,54.87,,,,,,,,39,1,Changeup,1,2,1,2,2,1,1,2,Infield shade,Standard,228,0.0,-0.037,,,,0.037,,-1,-1,0.373,0.373,34,25,35,25,2,1,21.0,4.0,5.0,3.0,3.23,1.33,1.33,43.9,,,,,
SI,2024-05-12,88.4,-3.01,5.91,"Hendricks, Kyle",663698,543294,field_out,hit_into_play,,,,,1,Joey Bart flies out to center fielder Cody Bellinger.,R,R,R,PIT,CHC,X,8.0,fly_ball,3,2,2024,-1.21,0.77,-0.46,2.96,,,,0,5,Bot,102.28,96.58,,,,,8.619857452748368,-128.51482846734012,-2.714772295252912,-15.181309045126651,25.35166882275722,-23.30771657967051,3.54,1.62,262.0,84.1,47.0,87.4,2014,5.6,745499,665804,621550,663611,666624,663538,664023,641355,643565,54.9,0.003,0.003,0.0,1.0,0.0,0.0,3.0,38,7,Sinker,1,2,1,2,2,1,1,2,Standard,Standard,216,-0.034,-0.333,80.5,7.2,0.005,0.333,88.0,-1,-1,0.407,0.407,34,27,35,28,2,1,21.0,4.0,5.0,3.0,2.15,1.21,1.21,42.6,15.237397739554984,-11.440252525149685,33.94058226619384,27.61643118609149,35.03190289884479
SI,2024-05-12,88.6,-2.84,5.89,"Hendricks, Kyle",663698,543294,,foul,,,,,13,Joey Bart flies out to center fielder Cody Bellinger.,R,R,R,PIT,CHC,S,,,3,2,2024,-1.45,0.55,-0.91,2.53,,,,0,5,Bot,,,,,,,7.62193341912854,-128.78058801629012,-3.2459561168710938,-17.74999103835834,27.18971772331614,-25.5488274529815,3.54,1.62,15.0,18.8,24.0,87.3,2020,5.6,745499,665804,621550,663611,666624,663538,664023,641355,643565,54.91,,,,,,,,38,6,Sinker,1,2,1,2,2,1,1,2,Standard,Standard,218,0.0,0.0,72.9,7.0,,0.0,88.0,-1,-1,0.407,0.407,34,27,35,28,2,1,21.0,4.0,5.0,3.0,2.36,1.45,1.45,42.6,6.704333753556231,-2.548306074429906,35.24697481238497,24.01173802474996,31.883745714302616
CH,2024-05-12,81.2,-2.75,5.93,"Hendricks, Kyle",663698,543294,,ball,,,,,14,Joey Bart flies out to center fielder Cody Bellinger.,R,R,R,PIT,CHC,B,,,2,2,2024,-1.21,0.46,1.57,1.39,,,,0,5,Bot,,,,,,,11.809556073301875,-117.58432583299587,-4.29339113354772,-13.557318953314653,23.064843933304573,-27.266628283630805,3.61,1.72,,,,80.0,2156,5.8,745499,665804,621550,663611,666624,663538,664023,641355,643565,54.72,,,,,,,,38,5,Changeup,1,2,1,2,2,1,1,2,Standard,Standard,233,0.0,0.107,,,,-0.107,,-1,-1,0.407,0.407,34,27,35,28,2,1,21.0,4.0,5.0,3.0,3.05,1.21,1.21,44.1,,,,,
CU,2024-05-12,75.5,-2.93,5.91,"Hendricks, Kyle",663698,543294,,ball,,,,,14,Joey Bart flies out to center fielder Cody Bellinger.,R,R,R,PIT,CHC,B,,,1,2,2024,1.28,-1.32,1.59,1.05,,,,0,5,Bot,,,,,,,7.034251056167861,-109.57026716043843,-0.3979343576140157,8.50607685096795,24.909256275793187,-42.80566001588262,3.55,1.68,,,,73.8,3118,5.8,745499,665804,621550,663611,666624,663538,664023,641355,643565,54.68,,,,,,,,38,4,Curveball,1,2,1,2,2,1,1,2,Standard,Standard,45,0.0,0.04,,,,-0.04,,-1,-1,0.407,0.407,34,27,35,28,2,1,21.0,4.0,5.0,3.0,5.44,-1.28,-1.28,43.5,,,,,
CH,2024-05-12,80.3,-3.02,5.93,"Hendricks, Kyle",663698,543294,,called_strike,,,,,6,Joey Bart flies out to center fielder Cody Bellinger.,R,R,R,PIT,CHC,S,,,1,1,2024,-1.27,0.32,0.29,2.61,,,,0,5,Bot,,,,,,,9.536629180937435,-116.5367276681371,-1.1743322252172883,-13.379041756164968,23.004501265499314,-29.29877086392788,3.54,1.61,,,,78.8,2193,5.5,745499,665804,621550,663611,666624,663538,664023,641355,643565,54.97,,,,,,,,38,3,Changeup,1,2,1,2,2,1,1,2,Standard,Standard,235,0.0,-0.056,,,,0.056,,-1,-1,0.407,0.407,34,27,35,28,2,1,21.0,4.0,5.0,3.0,3.25,1.27,1.27,40.6,,,,,
SI,2024-05-12,87.4,-3.02,5.9,"Hendricks, Kyle",663698,543294,,swinging_strike,,,,,11,Joey Bart flies out to center fielder Cody Bellinger.,R,R,R,PIT,CHC,S,,,1,0,2024,-1.26,0.72,-1.67,3.01,,,,0,5,Bot,,,,,,,5.785086238419105,-127.18915751039523,-2.247539737529942,-14.912776034303066,26.88538262638981,-24.15531959490513,3.54,1.62,,,,86.3,2049,5.6,745499,665804,621550,663611,666624,663538,664023,641355,643565,54.88,,,,,,,,38,2,Sinker,1,2,1,2,2,1,1,2,Standard,Standard,215,0.0,-0.049,29.1,4.1,,0.049,,-1,-1,0.407,0.407,34,27,35,28,2,1,21.0,4.0,5.0,3.0,2.27,1.26,1.26,41.8,-21.998348379606856,60.93132115464279,35.45938041474473,16.396048601572897,14.80834617453231
CU,2024-05-12,73.4,-2.93,5.96,"Hendricks, Kyle",663698,543294,,ball,,,,,14,Joey Bart flies out to center fielder Cody Bellinger.,R,R,R,PIT,CHC,B,,,0,0,2024,1.31,-1.04,1.03,1.42,,,,0,5,Bot,,,,,,,5.6670282406072765,-106.67701172775284,0.1334093450145446,8.576811297692931,23.3705963466037,-40.26212132290475,3.46,1.61,,,,71.5,2960,5.6,745499,665804,621550,663611,666624,663538,664023,641355,643565,54.94,,,,,,,,38,1,Curveball,1,2,1,2,2,1,1,2,Standard,Standard,47,0.0,0.038,,,,-0.038,,-1,-1,0.407,0.407,34,27,35,28,2,1,21.0,4.0,5.0,3.0,5.38,-1.31,-1.31,43.3,,,,,
CH,2024-05-12,80.7,-2.6,5.91,"Hendricks, Kyle",642133,543294,field_out,hit_into_play,,,,,5,"Rowdy Tellez grounds out, pitcher Kyle Hendricks to first baseman Patrick Wisdom.",R,L,R,PIT,CHC,X,1.0,ground_ball,1,0,2024,-1.42,0.38,-0.09,2.58,,669261.0,,2,4,Bot,125.39,177.53,,,,,8.165809022304678,-117.31328535536286,-1.472720192378271,-14.668224955984392,21.12941695334416,-28.58073282770841,3.72,1.7,8.0,74.0,-19.0,79.6,2240,5.5,745499,665804,621550,663611,666624,663538,664023,641355,643565,54.99,0.043,0.039,0.0,1.0,0.0,0.0,2.0,33,2,Changeup,1,2,1,2,2,1,1,2,Standard,Standard,234,-0.044,-0.314,82.3,8.1,0.046,0.314,88.0,-1,-1,0.4,0.4,34,29,35,29,2,1,21.0,2.0,5.0,1.0,3.11,1.42,-1.42,43.1,10.255532408579072,-18.09713844229404,24.07715875602864,36.2614014884816,44.96417914590691
CH,2024-05-12,80.7,-2.78,5.91,"Hendricks, Kyle",642133,543294,,blocked_ball,,,,,13,"Rowdy Tellez grounds out, pitcher Kyle Hendricks to first baseman Patrick Wisdom.",R,L,R,PIT,CHC,B,,,0,0,2024,-1.69,0.75,-0.18,0.81,,669261.0,,2,4,Bot,,,,,,,8.825026637287747,-117.16815943886286,-6.045153744879754,-17.201538352493678,20.604212558002757,-24.334334493875183,3.85,1.71,,,,79.6,2222,5.5,745499,665804,621550,663611,666624,663538,664023,641355,643565,54.99,,,,,,,,33,1,Changeup,1,2,1,2,2,1,1,2,Standard,Standard,234,0.0,0.014,,,,-0.014,,-1,-1,0.4,0.4,34,29,35,29,2,1,21.0,2.0,5.0,1.0,2.75,1.69,-1.69,43.0,,,,,
CH,2024-05-12,80.5,-2.62,5.95,"Hendricks, Kyle",669707,543294,strikeout,swinging_strike,,,,,6,Jared Triolo strikes out swinging. Jack Suwinski steals (2) 2nd base.,R,R,R,PIT,CHC,S,2.0,,2,2,2024,-1.37,0.51,0.76,2.45,,,669261.0,1,4,Bot,,,,,,,9.91698709476562,-116.91043113435634,-2.036222728242266,-14.395096522753857,21.18823085550555,-27.29947323516239,3.63,1.68,,,,79.3,2159,5.5,745499,665804,621550,663611,666624,663538,664023,641355,643565,55.0,,0.0,0.0,1.0,0.0,0.0,,32,5,Changeup,1,2,1,2,2,1,1,2,Standard,Standard,234,-0.025,-0.229,71.2,8.7,,0.229,,-1,-1,0.425,0.425,34,26,35,26,2,1,21.0,1.0,5.0,1.0,3.01,1.37,1.37,43.7,20.375568183929595,-17.163507108051025,32.42239247439769,46.78603640194515,41.62081614330875
CH,2024-05-12,81.1,-2.62,5.91,"Hendricks, Kyle",669707,543294,,ball,,,,,14,Jared Triolo strikes out swinging. Jack Suwinski steals (2) 2nd base.,R,R,R,PIT,CHC,B,,,1,2,2024,-0.32,0.89,1.64,1.38,,,669261.0,1,4,Bot,,,,,,,9.974906072985004,-117.75231709760118,-5.167028684196804,-4.757177216110389,20.938155445193928,-23.0280368537812,3.66,1.73,,,,80.1,2187,5.6,745499,665804,621550,663611,666624,663538,664023,641355,643565,54.93,,,,,,,,32,4,Changeup,1,2,1,2,2,1,1,2,Standard,Standard,233,0.0,0.048,,,,-0.048,,-1,-1,0.425,0.425,34,26,35,26,2,1,21.0,1.0,5.0,1.0,2.57,0.32,0.32,43.5,,,,,
SI,2024-05-12,89.0,-2.6,5.9,"Hendricks, Kyle",669707,543294,,called_strike,,,,,8,Jared Triolo strikes out swinging. Jack Suwinski steals (2) 2nd base.,R,R,R,PIT,CHC,S,,,1,1,2024,-1.18,0.71,-0.13,1.7,,,669261.0,1,4,Bot,,,,,,,8.403589555612651,-129.3765358371052,-5.727927143133432,-14.9020926566424,25.092882173736644,-23.208571248837163,3.63,1.65,,,,88.2,2087,5.7,745499,665804,621550,663611,666624,663538,664023,641355,643565,54.83,,,,,,,,32,3,Sinker,1,2,1,2,2,1,1,2,Standard,Standard,221,0.0,-0.059,,,,0.059,,-1,-1,0.425,0.425,34,26,35,26,2,1,21.0,1.0,5.0,1.0,2.16,1.18,1.18,42.1,,,,,
CH,2024-05-12,80.9,-2.64,5.97,"Hendricks, Kyle",669707,543294,,called_strike,,,,,9,Jared Triolo strikes out swinging. Jack Suwinski steals (2) 2nd base.,R,R,R,PIT,CHC,S,,,1,0,2024,-1.29,0.55,0.62,2.17,,,669261.0,1,4,Bot,,,,,,,9.546891126178242,-117.5480830657818,-2.8754668688122718,-13.71036585810263,20.66677851086885,-26.69020143564888,3.63,1.69,,,,79.8,2202,5.4,745499,665804,621550,663611,666624,663538,664023,641355,643565,55.07,,,,,,,,32,2,Changeup,1,2,1,2,2,1,1,2,Standard,Standard,228,0.0,-0.047,,,,0.047,,-1,-1,0.425,0.425,34,26,35,26,2,1,21.0,1.0,5.0,1.0,2.92,1.29,1.29,43.6,,,,,
SI,2024-05-12,88.6,-2.66,5.84,"Hendricks, Kyle",669707,543294,,ball,,,,,13,Jared Triolo strikes out swinging. Jack Suwinski steals (2) 2nd base.,R,R,R,PIT,CHC,B,,,0,0,2024,-1.13,0.71,-1.07,1.96,,,669261.0,1,4,Bot,,,,,,,6.15549732479136,-128.88712000856952,-4.884858848563482,-13.806381219927266,24.53277861175004,-23.44767846035312,3.65,1.71,,,,87.8,2022,5.6,745499,665804,621550,663611,666624,663538,664023,641355,643565,54.86,,,,,,,,32,1,Sinker,1,2,1,2,2,1,1,2,Standard,Standard,218,0.0,0.036,,,,-0.036,,-1,-1,0.425,0.425,34,26,35,26,2,1,21.0,1.0,5.0,1.0,2.18,1.13,1.13,41.4,,,,,
FF,2024-05-12,88.3,-3.03,5.79,"Hendricks, Kyle",669261,543294,walk,ball,,,,,11,Jack Suwinski walks.,R,L,R,PIT,CHC,B,,,3,1,2024,-0.79,1.17,-1.36,2.88,,,,1,4,Bot,,,,,,,5.626167519015915,-128.54495257300664,-3.4465978457316475,-9.852030052424704,24.695496518274712,-18.61603787141877,3.6,1.59,,,,87.5,2074,5.6,745499,665804,621550,663611,666624,663538,664023,641355,643565,54.9,,0.689131,0.7,1.0,0.0,0.0,,31,5,4-Seam Fastball,1,2,1,2,2,1,1,2,Infield shade,Standard,214,0.034,0.256,,,,-0.256,,-1,-1,0.391,0.391,34,25,35,26,2,1,21.0,2.0,5.0,1.0,1.73,0.79,-0.79,41.0,,,,,
CH,2024-05-12,82.4,-2.94,5.86,"Hendricks, Kyle",669261,543294,,ball,,,,,13,Jack Suwinski walks.,R,L,R,PIT,CHC,B,,,2,1,2024,-1.34,0.57,-0.21,0.82,,,,1,4,Bot,,,,,,,8.702022644257724,-119.62559237351516,-6.003966643736202,-14.545370039419144,21.589251572484493,-25.686300483684764,3.67,1.7,,,,81.7,2263,5.8,745499,665804,621550,663611,666624,663538,664023,641355,643565,54.72,,,,,,,,31,4,Changeup,1,2,1,2,2,1,1,2,Infield shade,Standard,235,0.0,0.122,,,,-0.122,,-1,-1,0.391,0.391,34,25,35,26,2,1,21.0,2.0,5.0,1.0,2.78,1.34,-1.34,41.8,,,,,
CH,2024-05-12,81.4,-3.03,5.83,"Hendricks, Kyle",669261,543294,,ball,,,,,14,Jack Suwinski walks.,R,L,R,PIT,CHC,B,,,1,1,2024,-1.32,0.47,0.48,1.43,,,,1,4,Bot,,,,,,,10.255563562614215,-118.08926539102548,-4.115409448403653,-14.295265388009836,21.444280509777013,-27.151906970431845,3.63,1.62,,,,80.4,2272,5.6,745499,665804,621550,663611,666624,663538,664023,641355,643565,54.86,,,,,,,,31,3,Changeup,1,2,1,2,2,1,1,2,Infield shade,Standard,237,0.0,0.059,,,,-0.059,,-1,-1,0.391,0.391,34,25,35,26,2,1,21.0,2.0,5.0,1.0,2.98,1.32,-1.32,39.9,,,,,
CH,2024-05-12,80.8,-2.78,5.92,"Hendricks, Kyle",669261,543294,,foul,,,,,13,Jack Suwinski walks.,R,L,R,PIT,CHC,S,,,1,0,2024,-1.35,0.51,-1.15,2.08,,,656582.0,0,4,Bot,,,,,,,6.116653225154417,-117.55894470760222,-2.815216401049895,-13.710558322915436,23.152763444591116,-27.128223744182154,3.56,1.67,8.0,53.7,-13.0,79.5,2233,5.5,745499,665804,621550,663611,666624,663538,664023,641355,643565,55.0,,,,,,,,31,2,Changeup,1,2,1,2,2,1,1,2,Infield shade,Standard,234,0.0,-0.049,71.1,8.0,,0.049,88.0,-1,-1,0.47,0.47,34,25,35,26,2,1,21.0,2.0,5.0,1.0,2.99,1.35,-1.35,41.3,22.606524537037675,-11.797404242611778,25.018140941616192,47.49383699151743,41.70278187892019
SI,2024-05-12,86.2,-2.74,5.91,"Hendricks, Kyle",669261,543294,,ball,,,,,13,Jack Suwinski walks.,R,L,R,PIT,CHC,B,,,0,0,2024,-1.44,0.6,-2.04,1.96,,,656582.0,0,4,Bot,,,,,,,4.518296378418123,-125.34891002201697,-4.271935517539451,-16.08804614548045,27.26924346934453,-25.20979431756891,3.7,1.73,,,,84.6,1889,5.5,745499,665804,621550,663611,666624,663538,664023,641355,643565,55.03,,,,,,,,31,1,Sinker,1,2,1,2,2,1,1,2,Infield shade,Standard,215,0.0,0.042,,,,-0.042,,-1,-1,0.47,0.47,34,25,35,26,2,1,21.0,2.0,5.0,1.0,2.49,1.44,-1.44,41.3,,,,,
SI,2024-05-12,88.9,-2.76,5.86,"Hendricks, Kyle",656582,543294,walk,ball,,,,,14,Connor Joe walks.,R,R,R,PIT,CHC,B,,,3,2,2024,-1.09,0.47,1.17,2.1,,,,0,4,Bot,,,,,,,11.738697598723167,-128.90577904503775,-4.087049732631307,-14.559518035108228,25.3271691381252,-26.29118971412761,3.32,1.68,,,,87.9,1920,5.8,745499,665804,621550,663611,666624,663538,664023,641355,643565,54.74,,0.689131,0.7,1.0,0.0,0.0,,30,8,Sinker,1,2,1,2,2,1,1,2,Standard,Standard,218,0.049,0.371,,,,-0.371,,-1,-1,0.421,0.421,34,31,35,32,2,1,21.0,1.0,5.0,2.0,2.43,1.09,1.09,42.9,,,,,
SI,2024-05-12,88.6,-2.94,5.93,"Hendricks, Kyle",656582,543294,,foul,,,,,11,Connor Joe walks.,R,R,R,PIT,CHC,S,,,3,2,2024,-1.03,0.36,-0.5,3.74,,,,0,4,Bot,,,,,,,8.008717159927437,-128.8878552319238,-0.0632866294504266,-13.142485940445988,25.27771654138313,-28.3115167448643,3.25,1.55,153.0,58.3,45.0,87.9,2004,5.7,745499,665804,621550,663611,666624,663538,664023,641355,643565,54.79,,,,,,,,30,7,Sinker,1,2,1,2,2,1,1,2,Standard,Standard,213,0.0,0.0,64.8,5.4,,0.0,88.0,-1,-1,0.421,0.421,34,31,35,32,2,1,21.0,1.0,5.0,2.0,2.53,1.03,1.03,42.9,-5.063453658028057,17.89413569403382,24.44738960936681,28.064650506715587,24.28670459084706
CH,2024-05-12,81.8,-2.8,5.97,"Hendricks, Kyle",656582,543294,,ball,,,,,12,Connor Joe walks.,R,R,R,PIT,CHC,B,,,2,2,2024,-1.0,0.49,1.01,3.03,,,,0,4,Bot,,,,,,,10.343878812083794,-118.74296075265478,-0.9628517678425328,-11.40958495569647,22.96444082227941,-27.57236249418612,3.31,1.56,,,,80.5,2252,5.6,745499,665804,621550,663611,666624,663538,664023,641355,643565,54.94,,,,,,,,30,6,Changeup,1,2,1,2,2,1,1,2,Standard,Standard,232,0.0,0.107,,,,-0.107,,-1,-1,0.421,0.421,34,31,35,32,2,1,21.0,1.0,5.0,2.0,2.94,1.0,1.0,44.0,,,,,
CH,2024-05-12,81.5,-2.81,5.98,"Hendricks, Kyle",656582,543294,,foul,,,,,14,Connor Joe walks.,R,R,R,PIT,CHC,S,,,2,2,2024,-0.94,0.36,0.97,1.29,,,,0,4,Bot,,,,,,,10.122679061067103,-118.23589303815513,-4.590265673579286,-10.657708859319284,21.331196048342647,-28.08486915095642,3.25,1.55,,,,80.4,2122,5.6,745499,665804,621550,663611,666624,663538,664023,641355,643565,54.9,,,,,,,,30,5,Changeup,1,2,1,2,2,1,1,2,Standard,Standard,234,0.0,0.0,67.3,7.8,,0.0,,-1,-1,0.421,0.421,34,31,35,32,2,1,21.0,1.0,5.0,2.0,3.08,0.94,0.94,44.1,16.227131992686676,-7.980430519140812,35.22781830920532,44.82248194562218,39.33276608098698
CH,2024-05-12,81.3,-2.97,5.91,"Hendricks, Kyle",656582,543294,,called_strike,,,,,9,Connor Joe walks.,R,R,R,PIT,CHC,S,,,2,1,2024,-0.94,0.42,0.79,1.99,,,,0,4,Bot,,,,,,,10.083539796523045,-118.02554672224888,-2.949148374463016,-10.648170717487218,21.480536667507764,-27.858991619884563,3.26,1.53,,,,80.4,2089,5.7,745499,665804,621550,663611,666624,663538,664023,641355,643565,54.82,,,,,,,,30,4,Changeup,1,2,1,2,2,1,1,2,Standard,Standard,233,0.0,-0.069,,,,0.069,,-1,-1,0.421,0.421,34,31,35,32,2,1,21.0,1.0,5.0,2.0,3.03,0.94,0.94,40.4,,,,,
CH,2024-05-12,81.8,-2.98,5.93,"Hendricks, Kyle",656582,543294,,ball,,,,,14,Connor Joe walks.,R,R,R,PIT,CHC,B,,,1,1,2024,-1.11,0.33,0.6,1.41,,,,0,4,Bot,,,,,,,10.049953549144124,-118.73998597552963,-4.226835158367503,-12.409147285621168,21.791024931509465,-28.43108739574013,3.19,1.7,,,,80.7,2127,5.6,745499,665804,621550,663611,666624,663538,664023,641355,643565,54.93,,,,,,,,30,3,Changeup,1,2,1,2,2,1,1,2,Standard,Standard,238,0.0,0.053,,,,-0.053,,-1,-1,0.421,0.421,34,31,35,32,2,1,21.0,1.0,5.0,2.0,3.08,1.11,1.11,43.8,,,,,
CH,2024-05-12,81.7,-2.93,5.91,"Hendricks, Kyle",656582,543294,,ball,,,,,13,Connor Joe walks.,R,R,R,PIT,CHC,B,,,0,1,2024,-1.19,0.3,-0.77,1.01,,,,0,4,Bot,,,,,,,7.041133517696526,-118.75079912521916,-4.965074843599182,-12.570976883220515,23.105350343287025,-28.55510973869702,3.26,1.59,,,,80.7,2097,5.7,745499,665804,621550,663611,666624,663538,664023,641355,643565,54.82,,,,,,,,30,2,Changeup,1,2,1,2,2,1,1,2,Standard,Standard,233,0.0,0.025,,,,-0.025,,-1,-1,0.421,0.421,34,31,35,32,2,1,21.0,1.0,5.0,2.0,3.13,1.19,1.19,42.0,,,,,
CH,2024-05-12,81.6,-2.89,5.96,"Hendricks, Kyle",656582,543294,,called_strike,,,,,6,Connor Joe walks.,R,R,R,PIT,CHC,S,,,0,0,2024,-1.0,0.47,0.58,2.09,,,,0,4,Bot,,,,,,,9.598791615625895,-118.50183490267092,-2.9904894829169524,-11.244522504070176,21.83901276157844,-27.33506946913301,3.27,1.54,,,,80.7,2136,5.7,745499,665804,621550,663611,666624,663538,664023,641355,643565,54.77,,,,,,,,30,1,Changeup,1,2,1,2,2,1,1,2,Standard,Standard,229,0.0,-0.037,,,,0.037,,-1,-1,0.421,0.421,34,31,35,32,2,1,21.0,1.0,5.0,2.0,2.95,1.0,1.0,43.8,,,,,
SI,2024-05-12,87.0,-2.94,5.92,"Hendricks, Kyle",665833,543294,home_run,hit_into_play,,,,,6,Oneil Cruz homers (7) on a fly ball to right field.,R,L,R,PIT,CHC,X,,fly_ball,2,1,2024,-0.92,0.48,0.56,2.82,,,,0,4,Bot,205.41,80.36,,,,,10.130186914977363,-126.48381690205566,-2.2953643131188604,-11.788657069823952,22.449298098147384,-26.690466450144623,3.85,1.79,353.0,112.7,47.0,86.2,1962,5.5,745499,665804,621550,663611,666624,663538,664023,641355,643565,54.95,0.334,0.702,2.0,1.0,0.0,3.0,6.0,29,4,Sinker,0,2,0,2,2,1,1,2,Infield shade,Standard,215,0.121,1.073,85.7,7.6,1.35,-1.073,112.7,-2,-2,0.3,0.3,34,25,35,26,2,1,21.0,1.0,5.0,1.0,2.5,0.92,-0.92,41.9,19.57231862394254,-15.372769471536316,34.38170353710627,31.294767866548177,39.8929913324704
CH,2024-05-12,81.5,-2.99,5.96,"Hendricks, Kyle",665833,543294,,swinging_strike,,,,,13,Oneil Cruz homers (7) on a fly ball to right field.,R,L,R,PIT,CHC,S,,,2,0,2024,-1.2,0.33,-1.27,2.82,,,,0,4,Bot,,,,,,,6.081147878132134,-118.61610943833824,-1.1817157431699812,-12.468413504592574,19.78775255316421,-29.003942577349985,3.85,1.79,,,,80.8,2133,5.5,745499,665804,621550,663611,666624,663538,664023,641355,643565,54.97,,,,,,,,29,3,Changeup,0,2,0,2,2,0,0,2,Infield shade,Standard,232,0.0,-0.065,76.4,9.1,,0.065,,-2,-2,0.3,0.3,34,25,35,26,2,1,21.0,1.0,5.0,1.0,3.06,1.2,-1.2,43.0,19.64762116976728,-33.56708141684915,24.084279918585448,53.184126778469626,55.40290738820016
SI,2024-05-12,86.7,-2.84,5.94,"Hendricks, Kyle",665833,543294,,ball,,,,,14,Oneil Cruz homers (7) on a fly ball to right field.,R,L,R,PIT,CHC,B,,,1,0,2024,-1.08,0.59,0.83,2.73,,,,0,4,Bot,,,,,,,10.87291058272028,-125.9321108664678,-2.745179721276457,-13.45726763751724,21.637091000776977,-25.503394239461485,4.01,1.9,,,,86.5,1912,5.9,745499,665804,621550,663611,666624,663538,664023,641355,643565,54.57,,,,,,,,29,2,Sinker,0,2,0,2,2,0,0,2,Infield shade,Standard,216,0.0,0.069,,,,-0.069,,-2,-2,0.3,0.3,34,25,35,26,2,1,21.0,1.0,5.0,1.0,2.42,1.08,-1.08,44.4,,,,,
SI,2024-05-12,86.5,-2.91,5.95,"Hendricks, Kyle",665833,543294,,ball,,,,,3,Oneil Cruz homers (7) on a fly ball to right field.,R,L,R,PIT,CHC,B,,,0,0,2024,-1.04,0.68,0.44,4.19,,,,0,4,Bot,,,,,,,9.97823282057565,-125.78044694517772,0.5348991244075217,-12.84196659596002,21.588590990397783,-25.179733599086045,4.1,1.82,,,,86.1,1929,5.7,745499,665804,621550,663611,666624,663538,664023,641355,643565,54.77,,,,,,,,29,1,Sinker,0,2,0,2,2,0,0,2,Infield shade,Standard,216,0.0,0.038,,,,-0.038,,-2,-2,0.3,0.3,34,25,35,26,2,1,21.0,1.0,5.0,1.0,2.33,1.04,-1.04,41.5,,,,,
SI,2024-05-12,88.3,-2.61,5.88,"Hendricks, Kyle",668804,543294,strikeout,called_strike,,,,,6,Bryan Reynolds called out on strikes.,R,L,R,PIT,CHC,S,2.0,,3,2,2024,-1.39,0.58,0.51,2.26,,,457705.0,2,3,Bot,,,,,,,10.306149290395728,-128.14787042749057,-3.888490347614103,-17.367340733109973,25.233389936334177,-25.18045035828877,3.04,1.51,,,,87.2,1958,5.6,745499,665804,621550,663611,666624,663538,664023,641355,643565,54.85,,0.0,0.0,1.0,0.0,0.0,,23,6,Sinker,0,2,0,2,2,0,0,2,Standard,Standard,214,-0.026,-0.319,,,,0.319,,-2,-2,0.288,0.288,34,29,35,29,2,1,21.0,1.0,5.0,1.0,2.35,1.39,-1.39,44.2,,,,,
SI,2024-05-12,87.9,-2.73,5.91,"Hendricks, Kyle",668804,543294,,foul,,,,,11,Bryan Reynolds called out on strikes.,R,L,R,PIT,CHC,S,,,3,1,2024,-1.35,0.53,-1.09,2.32,,,457705.0,2,3,Bot,,,,,,,6.6454548467151415,-127.73937848388076,-3.596309597007192,-16.128432297190678,27.34764937717592,-25.836287634280133,3.07,1.47,241.0,90.1,19.0,86.4,1991,5.5,745499,665804,621550,663611,666624,663538,664023,641355,643565,55.02,,,,,,,,23,5,Sinker,0,2,0,2,2,0,0,2,Infield shade,Standard,217,0.0,-0.065,70.4,6.2,,0.065,90.1,-2,-2,0.288,0.288,34,29,35,29,2,1,21.0,1.0,5.0,1.0,2.44,1.35,-1.35,42.7,-5.254508522585853,25.78097446919077,33.733292410331764,46.85091787142924,13.899834934895438
FF,2024-05-12,88.5,-2.77,5.87,"Hendricks, Kyle",668804,543294,,called_strike,,,,,11,Bryan Reynolds called out on strikes.,R,L,R,PIT,CHC,S,,,3,0,2024,-0.71,1.25,-1.01,2.58,,,457705.0,2,3,Bot,,,,,,,5.663402080219238,-128.820049507186,-4.529779225907434,-9.020865348066112,26.02463945998192,-17.460122642313454,3.07,1.35,,,,87.3,2151,5.4,745499,665804,621550,663611,666624,663538,664023,641355,643565,55.08,,,,,,,,23,4,4-Seam Fastball,0,2,0,2,2,0,0,2,Infield shade,Standard,220,0.0,-0.046,,,,0.046,,-2,-2,0.288,0.288,34,29,35,29,2,1,21.0,1.0,5.0,1.0,1.65,0.71,-0.71,41.6,,,,,
CH,2024-05-12,81.7,-2.92,5.9,"Hendricks, Kyle",668804,543294,,ball,,,,,13,Bryan Reynolds called out on strikes.,R,L,R,PIT,CHC,B,,,2,0,2024,-1.27,0.68,-1.13,1.96,,,457705.0,2,3,Bot,,,,,,,6.3425193432438975,-118.84510092858748,-3.5944562053109133,-13.249829654939049,21.273704628768872,-25.27855000136311,3.11,1.47,,,,80.6,2246,5.4,745499,665804,621550,663611,666624,663538,664023,641355,643565,55.1,,,,,,,,23,3,Changeup,0,2,0,2,2,0,0,2,Infield shade,Standard,232,0.0,0.076,,,,-0.076,,-2,-2,0.288,0.288,34,29,35,29,2,1,21.0,1.0,5.0,1.0,2.72,1.27,-1.27,39.5,,,,,
CH,2024-05-12,81.4,-2.84,5.9,"Hendricks, Kyle",668804,543294,,ball,,,,,11,Bryan Reynolds called out on strikes.,R,L,R,PIT,CHC,B,,,1,0,2024,-1.24,0.59,-1.15,2.96,,,457705.0,2,3,Bot,,,,,,,6.090005215574556,-118.49850046980532,-1.1635530989444445,-12.87064283695729,21.79170141343932,-26.57448210631217,3.11,1.54,,,,80.4,2161,5.5,745499,665804,621550,663611,666624,663538,664023,641355,643565,55.03,,,,,,,,23,2,Changeup,0,2,0,2,2,0,0,2,Infield shade,Standard,235,0.0,0.05,,,,-0.05,,-2,-2,0.288,0.288,34,29,35,29,2,1,21.0,1.0,5.0,1.0,2.83,1.24,-1.24,41.6,,,,,
SI,2024-05-12,88.1,-2.79,5.9,"Hendricks, Kyle",668804,543294,,ball,,,,,13,Bryan Reynolds called out on strikes.,R,L,R,PIT,CHC,B,,,0,0,2024,-1.45,0.76,-1.22,1.57,,,457705.0,2,3,Bot,,,,,,,6.721876142358151,-128.03628635974678,-5.895424425545051,-17.314350490355682,27.011004857090544,-22.752806150425357,3.13,1.52,,,,86.7,1920,5.5,745499,665804,621550,663611,666624,663538,664023,641355,643565,54.96,,,,,,,,23,1,Sinker,0,2,0,2,2,0,0,2,Infield shade,Standard,214,0.0,0.034,,,,-0.034,,-2,-2,0.288,0.288,34,29,35,29,2,1,21.0,1.0,5.0,1.0,2.19,1.45,-1.45,41.5,,,,,
CH,2024-05-12,81.9,-2.76,6.02,"Hendricks, Kyle",457705,543294,single,hit_into_play,,,,,14,Andrew McCutchen singles on a soft ground ball to shortstop Nico Hoerner.,R,R,R,PIT,CHC,X,6.0,ground_ball,0,2,2024,-1.16,0.25,1.11,1.98,,,,2,3,Bot,115.57,159.32,,,,,10.755859274111469,-118.77831860525518,-2.975329317996388,-13.040592400494168,22.73777579581638,-29.378321213781557,3.39,1.64,3.0,61.2,-31.0,80.5,2279,5.5,745499,665804,621550,663611,666624,663538,664023,641355,643565,55.01,0.091,0.092,0.9,1.0,1.0,0.0,2.0,22,3,Changeup,0,2,0,2,2,0,0,2,Standard,Standard,233,0.015,0.431,75.4,8.5,0.104,-0.431,88.0,-2,-2,0.273,0.273,34,37,35,38,2,1,21.0,1.0,5.0,1.0,3.17,1.16,1.16,45.1,10.288044790471758,-12.652531356498852,30.76569705718159,48.87504054518024,33.669591922158965
CH,2024-05-12,81.6,-3.02,5.95,"Hendricks, Kyle",457705,543294,,foul,,,,,2,Andrew McCutchen singles on a soft ground ball to shortstop Nico Hoerner.,R,R,R,PIT,CHC,S,,,0,1,2024,-0.28,1.07,0.04,3.37,,,,2,3,Bot,,,,,,,7.288896353618062,-118.63498324930318,-1.2465214084674807,-4.029459719856929,23.103593445627,-22.030549615184395,3.39,1.64,138.0,75.1,74.0,80.3,2195,5.5,745499,665804,621550,663611,666624,663538,664023,641355,643565,55.02,,,,,,,,22,2,Changeup,0,2,0,2,2,0,0,2,Standard,Standard,236,0.0,-0.058,67.8,7.6,,0.058,88.0,-2,-2,0.273,0.273,34,37,35,38,2,1,21.0,1.0,5.0,1.0,2.36,0.28,0.28,43.4,16.46113430408079,-10.228534098753077,28.758253914163767,36.69745839126952,31.443383348703534
CU,2024-05-12,74.0,-3.0,5.97,"Hendricks, Kyle",457705,543294,,called_strike,,,,,4,Andrew McCutchen singles on a soft ground ball to shortstop Nico Hoerner.,R,R,R,PIT,CHC,S,,,0,0,2024,1.18,-1.18,-0.36,2.61,,,,2,3,Bot,,,,,,,3.2698706475504338,-107.50955225413848,2.608496778326292,8.29528474155347,23.08296523138469,-41.97293952553615,3.44,1.7,,,,72.2,2964,5.6,745499,665804,621550,663611,666624,663538,664023,641355,643565,54.93,,,,,,,,22,1,Curveball,0,2,0,2,2,0,0,2,Standard,Standard,47,0.0,-0.041,,,,0.041,,-2,-2,0.273,0.273,34,37,35,38,2,1,21.0,1.0,5.0,1.0,5.44,-1.18,-1.18,43.3,,,,,
CH,2024-05-12,83.1,-2.93,5.93,"Hendricks, Kyle",675961,543294,field_out,hit_into_play,,,,,8,Alika Williams flies out to left fielder Ian Happ.,R,R,R,PIT,CHC,X,7.0,fly_ball,1,2,2024,-1.32,0.84,-0.16,1.66,,,,1,3,Bot,63.44,72.06,,,,,8.801801205745852,-120.74908484377396,-4.942222565317531,-14.558163145519618,21.86564781098057,-23.142822293681785,3.43,1.6,349.0,90.3,26.0,82.2,2185,5.6,745499,665804,621550,663611,666624,663538,664023,641355,643565,54.91,0.1,0.139,0.0,1.0,0.0,0.0,3.0,21,5,Changeup,0,2,0,2,2,0,0,2,Standard,Standard,235,-0.018,-0.182,70.2,7.6,0.222,0.182,90.3,-2,-2,0.291,0.291,34,25,35,25,1,0,21.0,4.0,5.0,3.0,2.45,1.32,1.32,43.5,12.155141957999012,-9.892278114569317,41.02341640515,32.80827917360175,38.27443270725551
SI,2024-05-12,89.4,-2.92,5.85,"Hendricks, Kyle",675961,543294,,foul,,,,,7,Alika Williams flies out to left fielder Ian Happ.,R,R,R,PIT,CHC,S,,,1,2,2024,-1.18,0.36,-0.62,1.77,,,,1,3,Bot,,,,,,,8.041987206901485,-129.9020860408037,-4.751550050593016,-14.984422130342429,26.695044659219413,-27.252954680770237,3.43,1.6,7.0,74.2,-14.0,88.3,1975,5.7,745499,665804,621550,663611,666624,663538,664023,641355,643565,54.84,,,,,,,,21,4,Sinker,0,2,0,2,2,0,0,2,Standard,Standard,217,0.0,0.0,74.7,7.4,,0.0,88.0,-2,-2,0.291,0.291,34,25,35,25,1,0,21.0,4.0,5.0,3.0,2.49,1.18,1.18,42.8,8.318903111432075,-16.738501159118496,44.048953513214194,26.94594028664757,33.05323063343686
CH,2024-05-12,81.8,-2.96,5.94,"Hendricks, Kyle",675961,543294,,ball,,,,,14,Alika Williams flies out to left fielder Ian Happ.,R,R,R,PIT,CHC,B,,,0,2,2024,-0.46,0.99,1.19,0.83,,,,1,3,Bot,,,,,,,10.07090889815542,-118.63622319950662,-6.764864080796482,-6.144567067814723,21.185400518251598,-21.70566834730512,3.48,1.62,,,,80.7,2141,5.6,745499,665804,621550,663611,666624,663538,664023,641355,643565,54.91,,,,,,,,21,3,Changeup,0,2,0,2,2,0,0,2,Standard,Standard,237,0.0,0.02,,,,-0.02,,-2,-2,0.291,0.291,34,25,35,25,1,0,21.0,4.0,5.0,3.0,2.42,0.46,0.46,41.9,,,,,
CH,2024-05-12,81.7,-2.89,6.04,"Hendricks, Kyle",675961,543294,,called_strike,,,,,6,Alika Williams flies out to left fielder Ian Happ.,R,R,R,PIT,CHC,S,,,0,1,2024,-1.03,0.31,0.58,2.64,,,,1,3,Bot,,,,,,,9.61679744751138,-118.58973191535874,-1.67204331584846,-11.488585474722893,22.035857246605342,-29.107263003946503,3.38,1.4,,,,80.4,2176,5.5,745499,665804,621550,663611,666624,663538,664023,641355,643565,55.03,,,,,,,,21,2,Changeup,0,2,0,2,2,0,0,2,Standard,Standard,231,0.0,-0.057,,,,0.057,,-2,-2,0.291,0.291,34,25,35,25,1,0,21.0,4.0,5.0,3.0,3.11,1.03,1.03,45.2,,,,,
CU,2024-05-12,74.7,-2.91,6.01,"Hendricks, Kyle",675961,543294,,called_strike,,,,,5,Alika Williams flies out to left fielder Ian Happ.,R,R,R,PIT,CHC,S,,,0,0,2024,1.21,-0.61,0.09,2.4,,,,1,3,Bot,,,,,,,3.986024371225068,-108.5937937563466,0.9227366196986022,8.708279262010755,21.62738134048789,-37.41734854530978,3.42,1.5,,,,73.3,2984,5.6,745499,665804,621550,663611,666624,663538,664023,641355,643565,54.92,,,,,,,,21,1,Curveball,0,2,0,2,2,0,0,2,Standard,Standard,46,0.0,-0.037,,,,0.037,,-2,-2,0.291,0.291,34,25,35,25,1,0,21.0,4.0,5.0,3.0,4.75,-1.21,-1.21,44.8,,,,,
SI,2024-05-12,88.7,-2.96,5.88,"Hendricks, Kyle",663698,543294,strikeout,called_strike,,,,,6,Joey Bart called out on strikes.,R,R,R,PIT,CHC,S,2.0,,2,2,2024,-1.0,0.36,0.59,2.3,,,,0,3,Bot,,,,,,,10.633009562479124,-128.83189212276767,-3.471774932047749,-13.217843972360033,23.537411369966605,-27.64458461024337,3.59,1.57,,,,88.0,1914,5.7,745499,665804,621550,663611,666624,663538,664023,641355,643565,54.82,,0.0,0.0,1.0,0.0,0.0,,20,5,Sinker,0,2,0,2,2,0,0,2,Standard,Standard,218,-0.026,-0.227,,,,0.227,,-2,-2,0.317,0.317,34,27,35,28,1,0,21.0,4.0,5.0,3.0,2.52,1.0,1.0,42.3,,,,,
CH,2024-05-12,81.1,-2.98,5.95,"Hendricks, Kyle",663698,543294,,foul,,,,,9,Joey Bart called out on strikes.,R,R,R,PIT,CHC,S,,,2,1,2024,-0.29,1.08,0.41,1.87,,,,0,3,Bot,,,,,,,8.017191853146583,-117.934072487385,-4.534452439849592,-4.147501665755007,20.95340062625152,-21.36966800342393,3.54,1.62,4.0,62.5,-25.0,80.1,2151,5.5,745499,665804,621550,663611,666624,663538,664023,641355,643565,55.01,,,,,,,,20,4,Changeup,0,2,0,2,2,0,0,2,Standard,Standard,234,0.0,-0.069,78.8,7.9,,0.069,88.0,-2,-2,0.317,0.317,34,27,35,28,1,0,21.0,4.0,5.0,3.0,2.37,0.29,0.29,42.3,14.739229158952108,-7.717139864247121,31.703913510063625,39.121657173648245,39.92141006673073
SI,2024-05-12,88.2,-3.01,5.9,"Hendricks, Kyle",663698,543294,,ball,,,,,11,Joey Bart called out on strikes.,R,R,R,PIT,CHC,B,,,1,1,2024,-0.9,0.37,-1.37,2.86,,,,0,3,Bot,,,,,,,5.768906542802447,-128.35359953089187,-2.0808757888154297,-11.197800037110223,26.50789626873006,-27.823249096569512,3.55,1.69,,,,86.9,2001,5.5,745499,665804,621550,663611,666624,663538,664023,641355,643565,55.03,,,,,,,,20,3,Sinker,0,2,0,2,2,0,0,2,Standard,Standard,215,0.0,0.053,,,,-0.053,,-2,-2,0.317,0.317,34,27,35,28,1,0,21.0,4.0,5.0,3.0,2.56,0.9,0.9,39.5,,,,,
CH,2024-05-12,81.5,-2.89,6.01,"Hendricks, Kyle",663698,543294,,ball,,,,,14,Joey Bart called out on strikes.,R,R,R,PIT,CHC,B,,,0,1,2024,-1.12,0.34,1.42,1.4,,,,0,3,Bot,,,,,,,11.65978464907568,-118.2790241823439,-4.442173419755096,-12.511180104916248,19.018576902734026,-28.369163233748804,3.53,1.51,,,,80.9,2257,5.7,745499,665804,621550,663611,666624,663538,664023,641355,643565,54.84,,,,,,,,20,2,Changeup,0,2,0,2,2,0,0,2,Standard,Standard,233,0.0,0.025,,,,-0.025,,-2,-2,0.317,0.317,34,27,35,28,1,0,21.0,4.0,5.0,3.0,3.07,1.12,1.12,43.9,,,,,
SI,2024-05-12,87.5,-2.88,5.95,"Hendricks, Kyle",663698,543294,,called_strike,,,,,6,Joey Bart called out on strikes.,R,R,R,PIT,CHC,S,,,0,0,2024,-0.7,0.4,0.73,2.85,,,,0,3,Bot,,,,,,,9.98562033832332,-127.2126496538561,-2.221506642600798,-9.360307205748033,21.87932268144101,-27.56733524898022,3.6,1.66,,,,86.8,1973,5.6,745499,665804,621550,663611,666624,663538,664023,641355,643565,54.95,,,,,,,,20,1,Sinker,0,2,0,2,2,0,0,2,Standard,Standard,216,0.0,-0.037,,,,0.037,,-2,-2,0.317,0.317,34,27,35,28,1,0,21.0,4.0,5.0,3.0,2.54,0.7,0.7,42.8,,,,,
SI,2024-05-12,87.7,-2.65,5.93,"Hendricks, Kyle",642133,543294,field_out,hit_into_play,,,,,2,Rowdy Tellez flies out to left fielder Ian Happ.,R,L,R,PIT,CHC,X,7.0,fly_ball,2,1,2024,-1.18,0.6,0.25,3.54,,,669707.0,2,2,Bot,76.91,112.68,,,,,9.287054085876438,-127.49449520225131,-0.89617787338925,-14.707545014867064,25.114145469899643,-25.683002381086517,3.72,1.7,296.0,83.5,35.0,86.5,2127,5.5,745499,665804,621550,663611,666624,663538,664023,641355,643565,55.04,0.017,0.02,0.0,1.0,0.0,0.0,3.0,16,4,Sinker,0,2,0,2,2,0,0,2,Infield shade,Standard,211,-0.025,-0.307,68.4,6.3,0.031,0.307,88.0,-2,-2,0.304,0.304,34,29,35,29,1,0,21.0,2.0,5.0,1.0,2.36,1.18,-1.18,43.5,2.9874517223011208,20.06013013111381,18.084583579062755,30.236657463815497,22.939234923276324
CH,2024-05-12,80.8,-2.88,5.97,"Hendricks, Kyle",642133,543294,,ball,,,,,13,Rowdy Tellez flies out to left fielder Ian Happ.,R,L,R,PIT,CHC,B,,,1,1,2024,-1.12,0.55,-0.9,1.58,,,669707.0,2,2,Bot,,,,,,,6.441348142841623,-117.57515156902492,-4.166149352235665,-11.616033831885956,21.10760325997892,-26.49297225081212,3.85,1.71,,,,79.8,2240,5.5,745499,665804,621550,663611,666624,663538,664023,641355,643565,55.02,,,,,,,,16,3,Changeup,0,2,0,2,2,0,0,2,Infield shade,Standard,229,0.0,0.05,,,,-0.05,,-2,-2,0.304,0.304,34,29,35,29,1,0,21.0,2.0,5.0,1.0,2.93,1.12,-1.12,41.6,,,,,
CH,2024-05-12,81.6,-3.04,5.95,"Hendricks, Kyle",642133,543294,,swinging_strike,,,,,7,Rowdy Tellez flies out to left fielder Ian Happ.,R,L,R,PIT,CHC,S,,,1,0,2024,-1.16,0.39,-0.78,2.25,,,669707.0,2,2,Bot,,,,,,,7.171610821533666,-118.66781205287216,-2.546361229114948,-12.292249631859027,20.392070491067773,-28.15766438731488,3.72,1.7,,,,80.7,2237,5.5,745499,665804,621550,663611,666624,663538,664023,641355,643565,55.05,,,,,,,,16,2,Changeup,0,2,0,2,2,0,0,2,Infield shade,Standard,229,0.0,-0.048,81.9,8.3,,0.048,,-2,-2,0.304,0.304,34,29,35,29,1,0,21.0,2.0,5.0,1.0,3.0,1.16,-1.16,42.1,11.247781835576014,-13.766851322540976,25.438568542171023,43.8950094283377,44.21677831115061
SI,2024-05-12,88.4,-2.92,5.9,"Hendricks, Kyle",642133,543294,,ball,,,,,3,Rowdy Tellez flies out to left fielder Ian Happ.,R,L,R,PIT,CHC,B,,,0,0,2024,-1.2,0.48,0.62,3.25,,,669707.0,2,2,Bot,,,,,,,10.928465051407027,-128.36434648343297,-1.4244728492264431,-15.38002384545787,22.871588371150363,-26.717914664973424,3.84,1.74,,,,87.5,1927,5.5,745499,665804,621550,663611,666624,663538,664023,641355,643565,54.98,,,,,,,,16,1,Sinker,0,2,0,2,2,0,0,2,Infield shade,Standard,218,0.0,0.034,,,,-0.034,,-2,-2,0.304,0.304,34,29,35,29,1,0,21.0,2.0,5.0,1.0,2.41,1.2,-1.2,42.6,,,,,
CH,2024-05-12,81.8,-2.82,5.92,"Hendricks, Kyle",669707,543294,walk,ball,,,,,14,Jared Triolo walks.,R,R,R,PIT,CHC,B,,,3,2,2024,-1.16,0.34,2.12,1.0,,,,2,2,Bot,,,,,,,13.155540488667386,-118.49780403500084,-5.147934529118912,-13.242692098848115,19.73605776910353,-28.199620098200956,3.67,1.69,,,,81.0,2203,5.7,745499,665804,621550,663611,666624,663538,664023,641355,643565,54.82,,0.689131,0.7,1.0,0.0,0.0,,15,10,Changeup,0,2,0,2,2,0,0,2,Standard,Standard,231,0.014,0.267,,,,-0.267,,-2,-2,0.29,0.29,34,26,35,26,1,0,21.0,1.0,5.0,1.0,3.07,1.16,1.16,44.3,,,,,
CH,2024-05-12,82.1,-2.84,5.98,"Hendricks, Kyle",669707,543294,,ball,,,,,14,Jared Triolo walks.,R,R,R,PIT,CHC,B,,,2,2,2024,-0.36,0.87,1.01,1.31,,,,2,2,Bot,,,,,,,9.2601700365261,-119.24019199248416,-5.702493149933027,-4.9381776843268,19.0848082681842,-22.996119225695317,3.7,1.68,,,,81.4,2244,5.5,745499,665804,621550,663611,666624,663538,664023,641355,643565,54.97,,,,,,,,15,9,Changeup,0,2,0,2,2,0,0,2,Standard,Standard,230,0.0,0.106,,,,-0.106,,-2,-2,0.29,0.29,34,26,35,26,1,0,21.0,1.0,5.0,1.0,2.48,0.36,0.36,43.8,,,,,
CH,2024-05-12,82.6,-2.96,5.98,"Hendricks, Kyle",669707,543294,,foul,,,,,13,Jared Triolo walks.,R,R,R,PIT,CHC,S,,,2,2,2024,-1.29,0.67,-1.12,2.1,,,,2,2,Bot,,,,,,,6.600148156249738,-120.22485010632042,-3.705663997774828,-13.70252887471358,19.0477813773629,-25.132825528122037,3.63,1.68,73.0,98.6,3.0,82.1,2123,5.6,745499,665804,621550,663611,666624,663538,664023,641355,643565,54.95,,,,,,,,15,8,Changeup,0,2,0,2,2,0,0,2,Standard,Standard,231,0.0,0.0,73.4,7.9,,0.0,98.6,-2,-2,0.29,0.29,34,26,35,26,1,0,21.0,1.0,5.0,1.0,2.62,1.29,1.29,43.6,10.50464469021256,-16.12910828453836,44.56597315891901,24.62306127377847,35.27848044318122
SI,2024-05-12,89.0,-2.9,5.92,"Hendricks, Kyle",669707,543294,,foul,,,,,7,Jared Triolo walks.,R,R,R,PIT,CHC,S,,,2,2,2024,-1.46,0.47,-0.78,1.97,,,,2,2,Bot,,,,,,,8.121537405433548,-129.2957267770612,-4.602271589083935,-18.005551668781386,25.942361284508788,-26.07476536058033,3.63,1.68,,,,87.9,2016,5.6,745499,665804,621550,663611,666624,663538,664023,641355,643565,54.93,,,,,,,,15,7,Sinker,0,2,0,2,2,0,0,2,Standard,Standard,219,0.0,0.0,75.4,8.1,,0.0,,-2,-2,0.29,0.29,34,26,35,26,1,0,21.0,1.0,5.0,1.0,2.4,1.46,1.46,42.3,11.583536316498074,-10.068330086395797,42.57553275080532,27.763911785980216,32.20314536045745
CH,2024-05-12,82.2,-2.92,6.04,"Hendricks, Kyle",669707,543294,,foul,,,,,6,Jared Triolo walks.,R,R,R,PIT,CHC,S,,,2,2,2024,-1.33,0.64,0.56,2.39,,,,2,2,Bot,,,,,,,10.284299547282192,-119.3241323644934,-2.972833946018402,-14.61202253304035,20.80943361933332,-25.699928392764694,3.63,1.68,,,,81.3,2179,5.6,745499,665804,621550,663611,666624,663538,664023,641355,643565,54.91,,,,,,,,15,6,Changeup,0,2,0,2,2,0,0,2,Standard,Standard,231,0.0,0.0,70.3,8.1,,0.0,,-2,-2,0.29,0.29,34,26,35,26,1,0,21.0,1.0,5.0,1.0,2.73,1.33,1.33,45.8,12.390173719510726,0.8495040593020021,32.060153535740184,43.97679811820326,32.542262735755926
CH,2024-05-12,81.9,-2.95,5.97,"Hendricks, Kyle",669707,543294,,foul,,,,,6,Jared Triolo walks.,R,R,R,PIT,CHC,S,,,2,2,2024,-0.24,0.96,0.54,2.78,,,,2,2,Bot,,,,,,,8.194952781569468,-119.00721992197266,-2.462560535208988,-3.819870675961639,22.613153355936152,-22.73366254621918,3.63,1.68,0.0,65.4,-87.0,80.8,2184,5.6,745499,665804,621550,663611,666624,663538,664023,641355,643565,54.93,,,,,,,,15,5,Changeup,0,2,0,2,2,0,0,2,Standard,Standard,235,0.0,0.0,68.2,8.2,,0.0,88.0,-2,-2,0.29,0.29,34,26,35,26,1,0,21.0,1.0,5.0,1.0,2.44,0.24,0.24,44.6,23.812993222433946,-12.11804816296698,30.13067388058959,42.942309522016345,37.54245505278261
SI,2024-05-12,89.2,-2.97,5.93,"Hendricks, Kyle",669707,543294,,foul,,,,,11,Jared Triolo walks.,R,R,R,PIT,CHC,S,,,2,1,2024,-1.06,0.57,-0.93,2.81,,,,2,2,Bot,,,,,,,7.147975487972878,-129.7346967499307,-2.856975269233538,-13.471340418085402,24.915724595896343,-25.314339441675106,3.63,1.68,4.0,77.8,-35.0,88.4,2034,5.6,745499,665804,621550,663611,666624,663538,664023,641355,643565,54.9,,,,,,,,15,4,Sinker,0,2,0,2,2,0,0,2,Standard,Standard,216,0.0,-0.084,72.2,7.4,,0.084,88.0,-2,-2,0.29,0.29,34,26,35,26,1,0,21.0,1.0,5.0,1.0,2.28,1.06,1.06,42.0,6.573280165973219,-2.69934567225005,37.18579674075698,26.1175546241374,26.939024177466333
CH,2024-05-12,82.0,-2.88,5.95,"Hendricks, Kyle",669707,543294,,ball,,,,,14,Jared Triolo walks.,R,R,R,PIT,CHC,B,,,1,1,2024,-1.19,0.62,1.27,1.06,,,,2,2,Bot,,,,,,,11.466665358065464,-118.88995449690437,-5.597858596531971,-13.376100660130517,21.675321101438403,-25.391171269363703,3.63,1.71,,,,80.9,2168,5.6,745499,665804,621550,663611,666624,663538,664023,641355,643565,54.89,,,,,,,,15,3,Changeup,0,2,0,2,2,0,0,2,Standard,Standard,229,0.0,0.058,,,,-0.058,,-2,-2,0.29,0.29,34,26,35,26,1,0,21.0,1.0,5.0,1.0,2.78,1.19,1.19,44.3,,,,,
SI,2024-05-12,88.6,-3.08,5.86,"Hendricks, Kyle",669707,543294,,ball,,,,,13,Jared Triolo walks.,R,R,R,PIT,CHC,B,,,0,1,2024,-1.06,0.47,-1.51,1.73,,,,2,2,Bot,,,,,,,5.979107720160173,-128.9873178148042,-4.997339541614995,-13.076077139847008,25.201079801330167,-26.122168075226604,3.68,1.7,,,,87.9,1945,5.7,745499,665804,621550,663611,666624,663538,664023,641355,643565,54.83,,,,,,,,15,2,Sinker,0,2,0,2,2,0,0,2,Standard,Standard,221,0.0,0.029,,,,-0.029,,-2,-2,0.29,0.29,34,26,35,26,1,0,21.0,1.0,5.0,1.0,2.42,1.06,1.06,44.9,,,,,
SI,2024-05-12,89.1,-2.9,5.93,"Hendricks, Kyle",669707,543294,,called_strike,,,,,6,Jared Triolo walks.,R,R,R,PIT,CHC,S,,,0,0,2024,-1.03,0.65,0.65,2.4,,,,2,2,Bot,,,,,,,10.726976462316806,-129.35913369354557,-4.015923237471916,-13.690552307107794,24.574640166900785,-24.14714049257781,3.71,1.77,,,,88.2,2065,5.7,745499,665804,621550,663611,666624,663538,664023,641355,643565,54.83,,,,,,,,15,1,Sinker,0,2,0,2,2,0,0,2,Standard,Standard,214,0.0,-0.041,,,,0.041,,-2,-2,0.29,0.29,34,26,35,26,1,0,21.0,1.0,5.0,1.0,2.21,1.03,1.03,42.9,,,,,
CH,2024-05-12,81.9,-2.95,5.98,"Hendricks, Kyle",669261,543294,strikeout,swinging_strike,,,,,13,Jack Suwinski strikes out swinging.,R,L,R,PIT,CHC,S,2.0,,2,2,2024,-1.27,0.67,-0.55,1.24,,,,1,2,Bot,,,,,,,7.760229590166757,-118.9540363201954,-5.369945885534058,-13.538257161904829,21.685953083186146,-24.991697608418225,3.56,1.67,,,,81.1,2276,5.7,745499,665804,621550,663611,666624,663538,664023,641355,643565,54.78,,0.0,0.0,1.0,0.0,0.0,,14,7,Changeup,0,2,0,2,2,0,0,2,Infield shade,Standard,227,-0.017,-0.225,73.5,8.7,,0.225,,-2,-2,0.307,0.307,34,25,35,26,1,0,21.0,2.0,5.0,1.0,2.73,1.27,-1.27,44.1,26.72077977901236,-31.902576035596056,31.43341164467936,39.94141780267597,48.45068108733325
CH,2024-05-12,82.8,-2.97,6.03,"Hendricks, Kyle",669261,543294,,foul,,,,,7,Jack Suwinski strikes out swinging.,R,L,R,PIT,CHC,S,,,2,2,2024,-1.35,0.6,-0.52,1.59,,,,1,2,Bot,,,,,,,8.083409689260584,-120.23618752803348,-4.682708719147721,-14.72141852490121,24.22521085101152,-25.63903164883564,3.56,1.67,53.0,54.7,6.0,81.2,2236,5.4,745499,665804,621550,663611,666624,663538,664023,641355,643565,55.07,,,,,,,,14,6,Changeup,0,2,0,2,2,0,0,2,Infield shade,Standard,232,0.0,0.0,71.5,8.5,,0.0,88.0,-2,-2,0.307,0.307,34,25,35,26,1,0,21.0,2.0,5.0,1.0,2.75,1.35,-1.35,44.0,18.223399089594523,-26.676230629151306,35.31311000775796,38.95116911782614,41.82367174055032
FF,2024-05-12,90.2,-3.06,5.84,"Hendricks, Kyle",669261,543294,,foul,,,,,7,Jack Suwinski strikes out swinging.,R,L,R,PIT,CHC,S,,,2,2,2024,-0.7,1.08,-0.41,2.22,,,,1,2,Bot,,,,,,,7.9647200135841585,-131.02635037289932,-5.260298338784116,-9.735116217317628,28.020476582521677,-18.82691442944259,3.56,1.67,189.0,69.5,43.0,89.0,2055,5.7,745499,665804,621550,663611,666624,663538,664023,641355,643565,54.84,,,,,,,,14,5,4-Seam Fastball,0,2,0,2,2,0,0,2,Infield shade,Standard,219,0.0,0.0,73.3,7.0,,0.0,88.0,-2,-2,0.307,0.307,34,25,35,26,1,0,21.0,2.0,5.0,1.0,1.74,0.7,-0.7,41.7,-1.1144301616800194,3.669031223939625,37.56814361261733,37.484905095740885,22.188771107782166
CH,2024-05-12,81.6,-3.07,5.96,"Hendricks, Kyle",669261,543294,,foul,,,,,8,Jack Suwinski strikes out swinging.,R,L,R,PIT,CHC,S,,,2,1,2024,-1.48,0.75,-0.2,1.8,,,,1,2,Bot,,,,,,,9.164325076340576,-118.49235040302229,-4.138686727866187,-15.715154207950194,22.188266535190746,-24.50598283340591,3.56,1.67,145.0,58.3,53.0,80.5,2205,5.6,745499,665804,621550,663611,666624,663538,664023,641355,643565,54.9,,,,,,,,14,4,Changeup,0,2,0,2,2,0,0,2,Infield shade,Standard,232,0.0,-0.078,79.0,8.2,,0.078,88.0,-2,-2,0.307,0.307,34,25,35,26,1,0,21.0,2.0,5.0,1.0,2.68,1.48,-1.48,42.5,22.851740720772533,-22.759986894526644,38.84430874336061,35.71528899477336,40.97168342929525
CH,2024-05-12,81.7,-2.99,5.95,"Hendricks, Kyle",669261,543294,,foul,,,,,8,Jack Suwinski strikes out swinging.,R,L,R,PIT,CHC,S,,,2,0,2024,-1.27,0.61,0.05,2.24,,,,1,2,Bot,,,,,,,9.135438008197674,-118.66664023192354,-2.9561234342688545,-13.666011286641345,20.5530512514366,-26.00762385004911,3.56,1.67,88.0,88.8,73.0,80.8,2272,5.5,745499,665804,621550,663611,666624,663538,664023,641355,643565,54.96,,,,,,,,14,3,Changeup,0,2,0,2,2,0,0,2,Infield shade,Standard,231,0.0,-0.065,71.8,8.3,,0.065,88.8,-2,-2,0.307,0.307,34,25,35,26,1,0,21.0,2.0,5.0,1.0,2.79,1.27,-1.27,42.1,27.66603921266246,-26.73615135372956,33.326968051352104,32.83362860008208,45.54116756610063
SI,2024-05-12,87.6,-2.99,5.9,"Hendricks, Kyle",669261,543294,,ball,,,,,12,Jack Suwinski strikes out swinging.,R,L,R,PIT,CHC,B,,,1,0,2024,-1.23,0.75,0.84,2.78,,,,1,2,Bot,,,,,,,11.60385400333942,-127.18192760612664,-2.967870794909485,-15.624795349755647,23.461656333023768,-23.552114916731355,3.63,1.7,,,,86.8,1941,5.7,745499,665804,621550,663611,666624,663538,664023,641355,643565,54.84,,,,,,,,14,2,Sinker,0,2,0,2,2,0,0,2,Infield shade,Standard,213,0.0,0.072,,,,-0.072,,-2,-2,0.307,0.307,34,25,35,26,1,0,21.0,2.0,5.0,1.0,2.21,1.23,-1.23,41.8,,,,,
SI,2024-05-12,87.0,-2.96,5.91,"Hendricks, Kyle",669261,543294,,ball,,,,,12,Jack Suwinski strikes out swinging.,R,L,R,PIT,CHC,B,,,0,0,2024,-1.16,0.74,0.4,3.75,,,,1,2,Bot,,,,,,,10.281707889236758,-126.3601428203314,-0.5232405088566665,-14.461121097463185,23.79136654732533,-24.35207199220703,3.41,1.51,,,,86.0,1986,5.6,745499,665804,621550,663611,666624,663538,664023,641355,643565,54.91,,,,,,,,14,1,Sinker,0,2,0,2,2,0,0,2,Infield shade,Standard,211,0.0,0.039,,,,-0.039,,-2,-2,0.307,0.307,34,25,35,26,1,0,21.0,2.0,5.0,1.0,2.27,1.16,-1.16,42.9,,,,,
CH,2024-05-12,80.9,-2.93,6.04,"Hendricks, Kyle",656582,543294,strikeout,foul_tip,,,,,6,Connor Joe strikes out on a foul tip.,R,R,R,PIT,CHC,S,2.0,,1,2,2024,-1.23,0.66,0.64,2.68,,,,0,2,Bot,,,,,,,10.124639752911037,-117.40902772614486,-2.1225817311250115,-13.194247563036969,19.91530283667637,-25.854659759975103,3.25,1.55,,,,79.9,2219,5.5,745499,665804,621550,663611,666624,663538,664023,641355,643565,54.99,,0.0,0.0,1.0,0.0,0.0,,13,4,Changeup,0,2,0,2,2,0,0,2,Standard,Standard,232,-0.024,-0.186,70.5,6.9,,0.186,,-2,-2,0.331,0.331,34,31,35,32,1,0,21.0,1.0,5.0,2.0,2.81,1.23,1.23,44.0,2.8567014801176644,8.208133929239501,29.26639425400209,43.76749006256517,29.676088699012027
CH,2024-05-12,81.5,-3.0,6.03,"Hendricks, Kyle",656582,543294,,ball,,,,,13,Connor Joe strikes out on a foul tip.,R,R,R,PIT,CHC,B,,,0,2,2024,-1.35,0.43,-1.28,0.88,,,,0,2,Bot,,,,,,,6.339373146983879,-118.59508580061848,-5.816846200921406,-13.898286774488168,20.080472914256365,-27.25507879315361,3.28,1.55,,,,80.7,2092,5.5,745499,665804,621550,663611,666624,663538,664023,641355,643565,55.01,,,,,,,,13,3,Changeup,0,2,0,2,2,0,0,2,Standard,Standard,228,0.0,0.023,,,,-0.023,,-2,-2,0.331,0.331,34,31,35,32,1,0,21.0,1.0,5.0,2.0,2.97,1.35,1.35,43.2,,,,,
CH,2024-05-12,80.9,-2.86,6.06,"Hendricks, Kyle",656582,543294,,called_strike,,,,,3,Connor Joe strikes out on a foul tip.,R,R,R,PIT,CHC,S,,,0,1,2024,-1.17,0.34,0.49,2.78,,,,0,2,Bot,,,,,,,9.5714667560884,-117.49954671001952,-1.3502725374935136,-12.59316933049797,20.13850230284492,-28.94158773140952,3.3,1.57,,,,80.2,2106,5.7,745499,665804,621550,663611,666624,663538,664023,641355,643565,54.81,,,,,,,,13,2,Changeup,0,2,0,2,2,0,0,2,Standard,Standard,225,0.0,-0.054,,,,0.054,,-2,-2,0.331,0.331,34,31,35,32,1,0,21.0,1.0,5.0,2.0,3.13,1.17,1.17,44.2,,,,,
CU,2024-05-12,73.2,-3.01,5.99,"Hendricks, Kyle",656582,543294,,called_strike,,,,,6,Connor Joe strikes out on a foul tip.,R,R,R,PIT,CHC,S,,,0,0,2024,1.24,-1.01,0.8,2.26,,,,0,2,Bot,,,,,,,5.461480390290321,-106.36795128671253,1.67087827772983,8.168186326749174,21.832518692455302,-40.370285337575645,3.24,1.43,,,,71.5,2983,5.5,745499,665804,621550,663611,666624,663538,664023,641355,643565,55.02,,,,,,,,13,1,Curveball,0,2,0,2,2,0,0,2,Standard,Standard,37,0.0,-0.037,,,,0.037,,-2,-2,0.331,0.331,34,31,35,32,1,0,21.0,1.0,5.0,2.0,5.35,-1.24,-1.24,43.7,,,,,
SI,2024-05-12,88.5,-2.95,5.94,"Hendricks, Kyle",665833,543294,field_out,hit_into_play,,,,,6,"Oneil Cruz grounds out, third baseman Christopher Morel to first baseman Patrick Wisdom.",R,L,R,PIT,CHC,X,5.0,ground_ball,2,2,2024,-1.07,0.42,0.42,2.88,,,,2,1,Bot,113.88,161.17,,,,,10.290916201574433,-128.64374000137988,-2.3318787038166127,-13.843854016743204,22.837242093956856,-27.16553357941826,3.85,1.79,18.0,85.3,-8.0,87.8,1966,5.6,745499,665804,621550,663611,666624,663538,664023,641355,643565,54.9,0.149,0.152,0.0,1.0,0.0,0.0,2.0,9,5,Sinker,0,2,0,2,2,0,0,2,Infield shade,Standard,218,-0.01,-0.219,65.9,5.5,0.197,0.219,88.0,-2,-2,0.304,0.304,34,25,35,26,1,0,21.0,1.0,5.0,1.0,2.46,1.07,-1.07,42.0,-17.9302315124759,17.7555856451819,43.089921224278434,31.76742452301002,13.4419692828541
CH,2024-05-12,82.1,-2.92,5.97,"Hendricks, Kyle",665833,543294,,swinging_strike,,,,,13,"Oneil Cruz grounds out, third baseman Christopher Morel to first baseman Patrick Wisdom.",R,L,R,PIT,CHC,S,,,2,1,2024,-1.31,0.33,-0.59,1.15,,,,2,1,Bot,,,,,,,7.696898314238663,-119.28959029100947,-4.952251144475841,-13.97316121634336,21.92047059825841,-28.27718529897819,3.85,1.79,,,,81.2,2158,5.7,745499,665804,621550,663611,666624,663538,664023,641355,643565,54.82,,,,,,,,9,4,Changeup,0,2,0,2,2,0,0,2,Infield shade,Standard,231,0.0,-0.084,79.9,9.0,,0.084,,-2,-2,0.304,0.304,34,25,35,26,1,0,21.0,1.0,5.0,1.0,3.05,1.31,-1.31,42.2,24.424621073536667,-30.32354941433913,38.433396150511065,43.96935587399408,54.51413244305517
SI,2024-05-12,87.5,-2.97,5.99,"Hendricks, Kyle",665833,543294,,ball,,,,,11,"Oneil Cruz grounds out, third baseman Christopher Morel to first baseman Patrick Wisdom.",R,L,R,PIT,CHC,B,,,1,1,2024,-1.0,0.43,-0.55,3.87,,,,2,1,Bot,,,,,,,7.763475145719117,-127.35422065252396,0.078413629854338,-12.371176539434446,24.27775122712469,-27.72685850575284,3.68,1.79,,,,86.5,1968,5.5,745499,665804,621550,663611,666624,663538,664023,641355,643565,55.01,,,,,,,,9,3,Sinker,0,2,0,2,2,0,0,2,Infield shade,Standard,213,0.0,0.058,,,,-0.058,,-2,-2,0.304,0.304,34,25,35,26,1,0,21.0,1.0,5.0,1.0,2.53,1.0,-1.0,42.0,,,,,
SI,2024-05-12,87.4,-2.82,5.91,"Hendricks, Kyle",665833,543294,,ball,,,,,14,"Oneil Cruz grounds out, third baseman Christopher Morel to first baseman Patrick Wisdom.",R,L,R,PIT,CHC,B,,,0,1,2024,-1.1,0.37,1.22,2.55,,,,2,1,Bot,,,,,,,11.81411001765574,-126.78222706965694,-2.695692286295963,-14.162823594600972,23.80533316542569,-27.767987342814017,3.84,1.67,,,,86.3,1990,5.6,745499,665804,621550,663611,666624,663538,664023,641355,643565,54.9,,,,,,,,9,2,Sinker,0,2,0,2,2,0,0,2,Infield shade,Standard,215,0.0,0.029,,,,-0.029,,-2,-2,0.304,0.304,34,25,35,26,1,0,21.0,1.0,5.0,1.0,2.61,1.1,-1.1,42.5,,,,,
FF,2024-05-12,88.5,-3.01,5.93,"Hendricks, Kyle",665833,543294,,called_strike,,,,,4,"Oneil Cruz grounds out, third baseman Christopher Morel to first baseman Patrick Wisdom.",R,L,R,PIT,CHC,S,,,0,0,2024,-0.62,1.33,-0.69,2.93,,,,2,1,Bot,,,,,,,6.854875969312884,-128.6216626692483,-3.911811835756035,-8.387410719725962,27.716406239229958,-16.84578455385907,3.89,1.73,,,,87.1,2066,5.5,745499,665804,621550,663611,666624,663538,664023,641355,643565,54.96,,,,,,,,9,1,4-Seam Fastball,0,2,0,2,2,0,0,2,Infield shade,Standard,215,0.0,-0.041,,,,0.041,,-2,-2,0.304,0.304,34,25,35,26,1,0,21.0,1.0,5.0,1.0,1.6,0.62,-0.62,42.1,,,,,
CU,2024-05-12,74.0,-3.02,5.99,"Hendricks, Kyle",668804,543294,field_out,hit_into_play,,,,,7,"Bryan Reynolds grounds out, second baseman Nick Madrigal to first baseman Patrick Wisdom.",R,L,R,PIT,CHC,X,4.0,ground_ball,0,0,2024,1.21,-0.91,-0.55,1.75,,,,1,1,Bot,152.66,152.68,,,,,2.8770974027090386,-107.6179715728868,0.2962451417968668,8.65316507456554,22.080376171907066,-39.45055604234213,3.07,1.47,121.0,100.6,6.0,72.2,2929,5.3,745499,665804,621550,663611,666624,663538,664023,641355,643565,55.17,0.657,0.629,0.0,1.0,0.0,0.0,4.0,8,1,Curveball,0,2,0,2,2,0,0,2,Standard,Standard,45,-0.016,-0.256,77.0,7.2,0.757,0.256,100.6,-2,-2,0.32,0.32,34,29,35,29,1,0,21.0,1.0,5.0,1.0,5.14,-1.21,1.21,42.8,8.948273112454887,2.835577211570023,38.22349043971815,43.05245915395248,30.728966939694825
SI,2024-05-12,87.5,-2.87,5.99,"Hendricks, Kyle",457705,543294,field_out,hit_into_play,,,,,5,Andrew McCutchen lines out sharply to center fielder Cody Bellinger.,R,R,R,PIT,CHC,X,8.0,line_drive,2,1,2024,-1.22,0.45,0.16,2.26,,,,0,1,Bot,131.47,72.53,,,,,9.708925669791546,-127.14701112849912,-3.8081717212433857,-15.159557875445577,23.287878366434818,-26.65167487395046,3.39,1.64,315.0,104.0,13.0,86.8,2005,5.7,745499,665804,621550,663611,666624,663538,664023,641355,643565,54.81,0.894,0.917,0.0,1.0,0.0,0.0,4.0,7,4,Sinker,0,2,0,2,2,0,0,2,Standard,Standard,214,-0.022,-0.296,77.2,7.7,1.224,0.296,104.0,-2,-2,0.342,0.342,34,37,35,38,1,0,21.0,1.0,5.0,1.0,2.5,1.22,1.22,43.7,10.009407452113509,3.7316385675746977,31.064007798953345,38.32500467476959,23.097960890013518
SI,2024-05-12,87.1,-2.97,5.98,"Hendricks, Kyle",457705,543294,,called_strike,,,,,6,Andrew McCutchen lines out sharply to center fielder Cody Bellinger.,R,R,R,PIT,CHC,S,,,2,0,2024,-1.09,0.39,0.79,2.36,,,,0,1,Bot,,,,,,,11.101620715438962,-126.53422162450283,-3.3626793632329184,-13.73023637474517,21.87933725068771,-27.511262692388737,3.48,1.69,,,,86.6,2038,5.7,745499,665804,621550,663611,666624,663538,664023,641355,643565,54.77,,,,,,,,7,3,Sinker,0,2,0,2,2,0,0,2,Standard,Standard,216,0.0,-0.065,,,,0.065,,-2,-2,0.342,0.342,34,37,35,38,1,0,21.0,1.0,5.0,1.0,2.59,1.09,1.09,42.4,,,,,
FF,2024-05-12,87.4,-2.94,5.93,"Hendricks, Kyle",457705,543294,,ball,,,,,14,Andrew McCutchen lines out sharply to center fielder Cody Bellinger.,R,R,R,PIT,CHC,B,,,1,0,2024,-0.38,1.28,1.11,2.37,,,,0,1,Bot,,,,,,,10.39588403745235,-126.8236948361229,-5.023402574390045,-6.153825274884317,24.61397335997181,-17.427078166265762,3.45,1.74,,,,86.4,2072,5.7,745499,665804,621550,663611,666624,663538,664023,641355,643565,54.82,,,,,,,,7,2,4-Seam Fastball,0,2,0,2,2,0,0,2,Standard,Standard,218,0.0,0.069,,,,-0.069,,-2,-2,0.342,0.342,34,37,35,38,1,0,21.0,1.0,5.0,1.0,1.7,0.38,0.38,41.4,,,,,
FF,2024-05-12,87.2,-3.04,5.94,"Hendricks, Kyle",457705,543294,,ball,,,,,1,Andrew McCutchen lines out sharply to center fielder Cody Bellinger.,R,R,R,PIT,CHC,B,,,0,0,2024,-0.52,1.26,-0.76,3.08,,,,0,1,Bot,,,,,,,6.451559467248501,-126.9377143912233,-3.300999500689497,-6.900077815665401,24.10877872901544,-18.03568566733597,3.39,1.72,,,,86.3,2122,5.5,745499,665804,621550,663611,666624,663538,664023,641355,643565,54.96,,,,,,,,7,1,4-Seam Fastball,0,2,0,2,2,0,0,2,Standard,Standard,214,0.0,0.038,,,,-0.038,,-2,-2,0.342,0.342,34,37,35,38,1,0,21.0,1.0,5.0,1.0,1.72,0.52,0.52,38.7,,,,,
SI,2024-04-21,87.1,-2.87,5.96,"Hendricks, Kyle",663743,543294,force_out,hit_into_play,,,,,11,"Nick Fortes grounds into a force out, third baseman Christopher Morel to second baseman Nico Hoerner.   Emmanuel Rivera out at 2nd.",R,R,R,CHC,MIA,X,5.0,ground_ball,0,1,2024,-1.29,0.79,-1.17,2.74,,,656896.0,2,4,Top,102.74,159.87,,,,,6.619821411899175,-126.76453186501426,-3.1754611255792424,-15.215543030691183,24.61355505412195,-23.1506017676132,3.41,1.61,24.0,67.7,-4.0,86.0,2061,5.5,746894,665804,683737,663538,666624,621020,672744,641355,643565,55.04,0.089,0.072,0.0,1.0,0.0,0.0,2.0,33,2,Sinker,1,4,4,1,4,1,4,1,Standard,Standard,211,0.013,-0.224,67.9,6.4,0.107,0.224,88.0,-3,3,0.19,0.81,34,27,35,28,2,1,5.0,1.0,21.0,1.0,2.2,1.29,1.29,42.1,-2.6942423456729485,-4.093503334947725,21.728048443503788,22.80360352150124,27.51471953154532
SI,2024-04-21,87.0,-2.73,6.04,"Hendricks, Kyle",663743,543294,,called_strike,,,,,6,"Nick Fortes grounds into a force out, third baseman Christopher Morel to second baseman Nico Hoerner.   Emmanuel Rivera out at 2nd.",R,R,R,CHC,MIA,S,,,0,0,2024,-1.21,0.66,0.52,2.81,,,656896.0,2,4,Top,,,,,,,10.09750480654698,-126.313244203458,-2.88313398669243,-14.967730828343983,24.945099709787467,-24.67901708088723,3.42,1.63,,,,85.7,1980,5.5,746894,665804,683737,663538,666624,621020,672744,641355,643565,55.0,,,,,,,,33,1,Sinker,1,4,4,1,4,1,4,1,Standard,Standard,211,0.0,-0.047,,,,0.047,,-3,3,0.19,0.81,34,27,35,28,2,1,5.0,1.0,21.0,1.0,2.36,1.21,1.21,42.6,,,,,
CU,2024-04-21,73.7,-2.66,6.07,"Hendricks, Kyle",656896,543294,force_out,hit_into_play,,,,,9,"Emmanuel Rivera grounds into a force out, second baseman Nico Hoerner to shortstop Dansby Swanson.   Jesús Sánchez scores.    Nick Gordon out at 2nd.    Emmanuel Rivera to 1st.",R,R,R,CHC,MIA,X,4.0,ground_ball,0,0,2024,1.3,-1.06,0.54,1.95,660821.0,,624503.0,1,4,Top,133.65,147.21,,,,,4.172001352247943,-107.1156881991383,0.8600121674063106,9.019571471404346,21.469844605962336,-40.66502876204517,3.44,1.62,5.0,64.3,-24.0,72.1,2921,5.5,746894,665804,683737,663538,666624,621020,672744,641355,643565,55.0,0.054,0.048,0.0,1.0,0.0,0.0,2.0,32,1,Curveball,1,3,3,1,4,1,4,1,Standard,Standard,46,-0.021,-0.338,68.8,7.5,0.069,0.338,88.0,-2,2,0.211,0.789,34,28,35,28,2,1,5.0,1.0,21.0,1.0,5.32,-1.3,-1.3,44.0,16.17091507377507,-13.981533844723492,31.993563088783308,38.72276578015779,47.60230081103069
CH,2024-04-21,79.8,-2.77,6.08,"Hendricks, Kyle",624503,543294,force_out,hit_into_play,,,,,13,"Nick Gordon grounds into a force out, first baseman Michael Busch to shortstop Dansby Swanson.   Jesús Sánchez to 3rd.    Tim Anderson out at 2nd.    Nick Gordon to 1st.",R,L,R,CHC,MIA,X,3.0,ground_ball,0,1,2024,-1.3,0.47,-1.0,1.89,,660821.0,641313.0,0,4,Top,152.64,151.59,,,,,6.237677546262629,-116.06938803958168,-3.401804569614851,-12.908167393089188,19.510142742447407,-27.50816147374134,3.55,1.71,8.0,80.5,-14.0,78.9,2092,5.4,746894,665804,683737,663538,666624,621020,672744,641355,643565,55.07,0.074,0.069,0.0,1.0,0.0,0.0,2.0,31,2,Changeup,1,3,3,1,3,1,3,1,Standard,Standard,228,0.014,-0.272,71.6,8.0,0.081,0.272,88.0,-2,2,0.197,0.803,34,28,35,29,2,1,5.0,1.0,21.0,1.0,3.08,1.3,-1.3,43.5,11.766566983240502,-1.953514874813528,31.94168960753237,46.86626610855247,28.86225833713056
CU,2024-04-21,72.6,-2.84,6.04,"Hendricks, Kyle",624503,543294,,swinging_strike,,,,,14,"Nick Gordon grounds into a force out, first baseman Michael Busch to shortstop Dansby Swanson.   Jesús Sánchez to 3rd.    Tim Anderson out at 2nd.    Nick Gordon to 1st.",R,L,R,CHC,MIA,S,,,0,0,2024,1.35,-0.96,0.63,1.12,,660821.0,641313.0,0,4,Top,,,,,,,4.560442904924166,-105.58912711510114,-0.7116794161318539,9.089730355030564,20.460164463142355,-39.36469475193967,3.55,1.71,,,,71.3,2944,5.6,746894,665804,683737,663538,666624,621020,672744,641355,643565,54.91,,,,,,,,31,1,Curveball,1,3,3,1,3,1,3,1,Standard,Standard,49,0.0,-0.044,33.7,6.7,,0.044,,-2,2,0.197,0.803,34,28,35,29,2,1,5.0,1.0,21.0,1.0,5.33,-1.35,1.35,43.0,7.876940829457247,20.06689097948634,45.38443365891288,26.770038440499786,19.467150623386893
SI,2024-04-21,86.7,-2.8,5.96,"Hendricks, Kyle",641313,543294,single,hit_into_play,,,,,4,"Marlins challenged (force play), call on the field was overturned: Tim Anderson singles on a line drive to right fielder Mike Tauchman.   Josh Bell scores.    Jesús Sánchez to 2nd.",R,R,R,CHC,MIA,X,9.0,line_drive,0,0,2024,-1.06,0.63,-0.83,2.29,605137.0,,660821.0,0,4,Top,175.09,111.24,,,,,6.785511628101862,-126.12772486205635,-3.866724490707728,-12.682190160941111,24.24338052877041,-24.816239033690326,3.46,1.55,221.0,79.7,21.0,85.8,1932,5.6,746894,665804,683737,663538,666624,621020,672744,641355,643565,54.9,0.829,0.773,0.9,1.0,1.0,0.0,4.0,30,1,Sinker,1,2,2,1,3,1,3,1,Standard,Standard,218,-0.051,0.423,67.9,6.4,0.932,-0.423,88.0,-1,1,0.248,0.752,34,31,35,31,2,1,5.0,1.0,21.0,1.0,2.39,1.06,1.06,41.0,-1.47084842659363,13.42267507229108,46.75231090330784,27.539361755488454,22.427418753711127
CH,2024-04-21,80.3,-2.82,6.12,"Hendricks, Kyle",660821,543294,single,hit_into_play,,,,,5,Jesús Sánchez singles on a sharp line drive to right fielder Mike Tauchman.   Jazz Chisholm Jr.  scores.    Josh Bell to 3rd.,R,L,R,CHC,MIA,X,9.0,line_drive,0,0,2024,-1.09,0.44,0.08,2.39,665862.0,,605137.0,0,4,Top,160.8,72.64,,,,,8.357304205236309,-116.80499392021294,-2.431420617336699,-11.473351925406073,19.727279336784218,-27.899794594398667,3.5,1.68,288.0,108.0,15.0,79.4,2125,5.5,746894,665804,683737,663538,666624,621020,672744,641355,643565,55.03,0.657,0.713,0.9,1.0,1.0,0.0,5.0,29,1,Changeup,1,1,1,1,2,1,2,1,Standard,Standard,234,-0.102,0.423,76.2,6.9,1.055,-0.423,108.0,0,0,0.35,0.65,34,26,35,27,2,1,5.0,1.0,21.0,1.0,3.07,1.09,-1.09,42.4,6.938761506682145,4.24124550357451,31.131492662595186,36.84545157743296,35.44000869938576
FF,2024-04-21,87.5,-2.9,5.9,"Hendricks, Kyle",605137,543294,single,hit_into_play,,,,,1,Josh Bell singles on a ground ball to center fielder Cody Bellinger.   Jazz Chisholm Jr.  to 3rd.,R,L,R,CHC,MIA,X,8.0,ground_ball,0,0,2024,-0.53,1.2,-0.81,3.22,,,665862.0,0,4,Top,151.76,96.34,,,,,6.025388497383526,-127.3555034799286,-2.760031996845399,-6.992841507492341,26.25953907753515,-18.750832620197908,3.74,1.79,69.0,97.2,2.0,86.2,2035,5.4,746894,665804,683737,663538,666624,621020,672744,641355,643565,55.05,0.494,0.471,0.9,1.0,1.0,0.0,4.0,28,1,4-Seam Fastball,1,1,1,1,1,1,1,1,Standard,Standard,215,-0.106,0.449,74.6,7.5,0.571,-0.449,97.2,0,0,0.456,0.544,34,31,35,32,2,1,5.0,1.0,21.0,1.0,1.78,0.53,-0.53,36.9,9.388462781005956,9.392096269227329,26.73463436599429,42.10162138636463,26.41267784436052
CH,2024-04-21,80.9,-2.83,6.08,"Hendricks, Kyle",665862,543294,single,hit_into_play,,,,,13,Jazz Chisholm Jr.  singles on a line drive to center fielder Cody Bellinger.,R,L,R,CHC,MIA,X,8.0,line_drive,0,1,2024,-1.3,0.76,-1.17,1.46,,,,0,4,Top,106.89,92.39,,,,,6.091704168049086,-117.62899708365396,-5.103662333059272,-13.213777753758722,19.78814281788432,-24.39568159728512,3.61,1.66,223.0,73.8,19.0,80.2,2185,5.6,746894,665804,683737,663538,666624,621020,672744,641355,643565,54.92,0.951,0.888,0.9,1.0,1.0,0.0,4.0,27,2,Changeup,1,1,1,1,1,1,1,1,Strategic,Standard,229,-0.044,0.485,66.0,7.9,1.051,-0.485,88.0,0,0,0.5,0.5,34,26,35,26,2,1,5.0,1.0,21.0,1.0,2.7,1.3,-1.3,41.9,7.880830982391931,3.813119834813316,36.13580560945476,47.50717977555861,22.86687250558445
CH,2024-04-21,81.2,-2.86,6.07,"Hendricks, Kyle",665862,543294,,called_strike,,,,,1,Jazz Chisholm Jr.  singles on a line drive to center fielder Cody Bellinger.,R,L,R,CHC,MIA,S,,,0,0,2024,-1.27,0.64,-0.64,3.32,,,,0,4,Top,,,,,,,7.283257084567004,-118.0718653140511,-0.834369431198993,-13.241760972282153,20.08166374164401,-26.173474890167743,3.61,1.67,,,,80.4,2144,5.5,746894,665804,683737,663538,666624,621020,672744,641355,643565,54.99,,,,,,,,27,1,Changeup,1,1,1,1,1,1,1,1,Strategic,Standard,227,0.0,-0.037,,,,0.037,,0,0,0.5,0.5,34,26,35,26,2,1,5.0,1.0,21.0,1.0,2.79,1.27,-1.27,42.8,,,,,
CH,2024-04-21,81.1,-2.68,6.13,"Hendricks, Kyle",650559,543294,strikeout,swinging_strike,,,,,14,Bryan De La Cruz strikes out swinging.,R,R,R,CHC,MIA,S,2.0,,1,2,2024,-1.29,0.4,1.09,1.42,,,650333.0,2,3,Top,,,,,,,10.679876228108142,-117.54350174141526,-4.5632307386296524,-13.952871812891155,21.77891784086038,-27.788941448613304,3.55,1.73,,,,79.6,2208,5.5,746894,665804,683737,663538,666624,621020,672744,641355,643565,55.05,,0.0,0.0,1.0,0.0,0.0,,23,4,Changeup,1,1,1,1,1,1,1,1,Standard,Standard,229,0.026,-0.196,63.4,9.1,,0.196,,0,0,0.528,0.472,34,27,35,28,2,1,5.0,1.0,21.0,1.0,3.09,1.29,1.29,44.5,29.930374369052853,-15.419945812116328,40.66214505657605,48.49426680256729,41.81611866402143
SI,2024-04-21,87.6,-2.62,6.03,"Hendricks, Kyle",650559,543294,,called_strike,,,,,6,Bryan De La Cruz strikes out swinging.,R,R,R,CHC,MIA,S,,,1,1,2024,-1.15,0.57,0.72,2.3,,,650333.0,2,3,Top,,,,,,,10.282764582352844,-127.16537121954418,-3.988063033121777,-14.572223285188388,25.061298724940848,-25.35960723247938,3.53,1.71,,,,86.5,2074,5.6,746894,665804,683737,663538,666624,621020,672744,641355,643565,54.89,,,,,,,,23,3,Sinker,1,1,1,1,1,1,1,1,Standard,Standard,214,0.0,-0.06,,,,0.06,,0,0,0.528,0.472,34,27,35,28,2,1,5.0,1.0,21.0,1.0,2.41,1.15,1.15,43.6,,,,,
CH,2024-04-21,79.9,-2.85,6.09,"Hendricks, Kyle",650559,543294,,swinging_strike,,,,,14,Bryan De La Cruz strikes out swinging.,R,R,R,CHC,MIA,S,,,1,0,2024,-0.41,0.8,0.97,2.02,,,650333.0,2,3,Top,,,,,,,9.016607740905767,-116.11704424082885,-3.774297159199884,-5.22010328275648,19.38816444890392,-24.35999488193084,3.55,1.73,,,,79.0,2125,5.5,746894,665804,683737,663538,666624,621020,672744,641355,643565,54.99,,,,,,,,23,2,Changeup,1,1,1,1,1,1,1,1,Standard,Standard,236,0.0,-0.048,67.4,8.8,,0.048,,0,0,0.528,0.472,34,27,35,28,2,1,5.0,1.0,21.0,1.0,2.74,0.41,0.41,43.1,24.255362655182157,-21.948831372694222,35.7692724633846,47.93962842175018,46.174198550159765
CU,2024-04-21,73.8,-2.69,6.06,"Hendricks, Kyle",650559,543294,,ball,,,,,14,Bryan De La Cruz strikes out swinging.,R,R,R,CHC,MIA,B,,,0,0,2024,1.16,-1.19,1.56,1.58,,,650333.0,2,3,Top,,,,,,,6.534727688066225,-107.20251060485522,0.3405654009878862,7.548874833215786,21.02698669004247,-41.5843923881808,3.56,1.72,,,,72.3,2972,5.6,746894,665804,683737,663538,666624,621020,672744,641355,643565,54.93,,,,,,,,23,1,Curveball,1,1,1,1,1,1,1,1,Standard,Standard,44,0.0,0.034,,,,-0.034,,0,0,0.528,0.472,34,27,35,28,2,1,5.0,1.0,21.0,1.0,5.44,-1.16,-1.16,43.7,,,,,
CH,2024-04-21,81.0,-2.84,6.04,"Hendricks, Kyle",650333,543294,single,hit_into_play,,,,,13,Luis Arraez singles on a line drive to left fielder Alexander Canario.,R,L,R,CHC,MIA,X,7.0,line_drive,1,0,2024,-1.23,0.51,-0.34,1.34,,,,2,3,Top,82.98,105.37,,,,,7.799043563720832,-117.73576171860935,-4.839833919128171,-12.833760747887531,20.19056915674172,-26.69950537886616,3.18,1.51,209.0,79.8,19.0,80.2,2176,5.6,746894,665804,683737,663538,666624,621020,672744,641355,643565,54.89,0.966,0.906,0.9,1.0,1.0,0.0,4.0,22,2,Changeup,1,1,1,1,1,1,1,1,Standard,Standard,231,-0.015,0.293,63.2,6.5,1.086,-0.293,88.0,0,0,0.543,0.457,34,27,35,27,2,1,5.0,1.0,21.0,1.0,2.94,1.23,-1.23,41.8,9.621212042910146,10.345235264253995,50.93808506857156,38.99233805895394,35.83710344356956
FF,2024-04-21,87.7,-2.9,5.92,"Hendricks, Kyle",650333,543294,,ball,,,,,11,Luis Arraez singles on a line drive to left fielder Alexander Canario.,R,L,R,CHC,MIA,B,,,0,0,2024,-0.65,1.25,-1.12,2.43,,,,2,3,Top,,,,,,,5.559831291986234,-127.65080346320836,-4.904967017958568,-8.183531523087048,23.58434696210952,-17.704839354167557,3.23,1.6,,,,87.0,2118,5.6,746894,665804,683737,663538,666624,621020,672744,641355,643565,54.88,,,,,,,,22,1,4-Seam Fastball,1,1,1,1,1,1,1,1,Standard,Standard,217,0.0,0.04,,,,-0.04,,0,0,0.543,0.457,34,27,35,27,2,1,5.0,1.0,21.0,1.0,1.69,0.65,-0.65,40.3,,,,,
CH,2024-04-21,80.5,-2.77,6.09,"Hendricks, Kyle",663743,543294,strikeout,called_strike,,,,,9,Nick Fortes called out on strikes.,R,R,R,CHC,MIA,S,2.0,,0,2,2024,-0.39,0.88,0.54,1.59,,,,1,3,Top,,,,,,,7.950573490786962,-117.10803592599277,-5.0190580899951325,-4.858838910419466,18.518243902752264,-23.32597871444973,3.35,1.62,,,,80.0,2140,5.6,746894,665804,683737,663538,666624,621020,672744,641355,643565,54.91,,0.0,0.0,1.0,0.0,0.0,,21,3,Changeup,1,1,1,1,1,1,1,1,Standard,Standard,238,0.018,-0.162,,,,0.162,,0,0,0.525,0.475,34,27,35,28,1,0,5.0,1.0,21.0,1.0,2.59,0.39,0.39,44.7,,,,,
SI,2024-04-21,87.9,-2.9,6.02,"Hendricks, Kyle",663743,543294,,foul,,,,,11,Nick Fortes called out on strikes.,R,R,R,CHC,MIA,S,,,0,1,2024,-1.27,0.54,-1.48,2.76,,,,1,3,Top,,,,,,,5.9766161786375065,-127.96360233397137,-2.9380067630813422,-15.139945700187004,23.628351046186733,-25.854522531141257,3.41,1.61,6.0,46.7,-24.0,87.2,1981,5.6,746894,665804,683737,663538,666624,621020,672744,641355,643565,54.92,,,,,,,,21,2,Sinker,1,1,1,1,1,1,1,1,Standard,Standard,214,0.0,-0.057,69.2,6.8,,0.057,88.0,0,0,0.525,0.475,34,27,35,28,1,0,5.0,1.0,21.0,1.0,2.38,1.27,1.27,42.6,-0.8138774966085681,-10.347568180126018,25.80086058823589,19.29148816560016,26.943691360265063
SI,2024-04-21,87.6,-2.73,6.03,"Hendricks, Kyle",663743,543294,,swinging_strike,,,,,1,Nick Fortes called out on strikes.,R,R,R,CHC,MIA,S,,,0,0,2024,-1.09,0.58,-0.3,3.38,,,,1,3,Top,,,,,,,7.984589006625335,-127.4234547478061,-1.5287791244705422,-13.438670521557626,22.865714892251525,-25.654432763340957,3.41,1.61,,,,86.8,1990,5.5,746894,665804,683737,663538,666624,621020,672744,641355,643565,54.99,,,,,,,,21,1,Sinker,1,1,1,1,1,1,1,1,Standard,Standard,215,0.0,-0.037,,,,0.037,,0,0,0.525,0.475,34,27,35,28,1,0,5.0,1.0,21.0,1.0,2.36,1.09,1.09,43.2,,,,,
CU,2024-04-21,74.3,-2.72,6.08,"Hendricks, Kyle",656896,543294,strikeout,called_strike,,,,,11,Emmanuel Rivera called out on strikes.,R,R,R,CHC,MIA,S,2.0,,2,2,2024,1.24,-0.85,-0.47,3.46,,,,0,3,Top,,,,,,,2.4140380611448817,-108.05023524848632,3.313948882814425,9.208133390772876,19.838330454723238,-39.6391792224903,3.26,1.55,,,,73.0,2941,5.5,746894,665804,683737,663538,666624,621020,672744,641355,643565,55.04,,0.0,0.0,1.0,0.0,0.0,,20,5,Curveball,1,1,1,1,1,1,1,1,Standard,Standard,51,0.025,-0.227,,,,0.227,,0,0,0.5,0.5,34,28,35,28,1,0,5.0,1.0,21.0,1.0,5.0,-1.24,-1.24,43.0,,,,,
CH,2024-04-21,80.8,-2.82,6.11,"Hendricks, Kyle",656896,543294,,called_strike,,,,,9,Emmanuel Rivera called out on strikes.,R,R,R,CHC,MIA,S,,,2,1,2024,-0.76,0.97,0.64,1.67,,,,0,3,Top,,,,,,,9.022959588385818,-117.49033900248192,-5.157684006724385,-8.52288144440085,17.287214544188807,-22.409427303884037,3.47,1.63,,,,80.4,2183,5.6,746894,665804,683737,663538,666624,621020,672744,641355,643565,54.92,,,,,,,,20,4,Changeup,1,1,1,1,1,1,1,1,Standard,Standard,233,0.0,-0.069,,,,0.069,,0,0,0.5,0.5,34,28,35,28,1,0,5.0,1.0,21.0,1.0,2.47,0.76,0.76,43.1,,,,,
SI,2024-04-21,87.7,-2.79,6.02,"Hendricks, Kyle",656896,543294,,called_strike,,,,,9,Emmanuel Rivera called out on strikes.,R,R,R,CHC,MIA,S,,,2,0,2024,-1.05,0.73,0.3,1.83,,,,0,3,Top,,,,,,,9.537645107735242,-127.41581452709742,-5.550717811220028,-13.24011261948964,21.19011807849956,-23.29493031246533,3.45,1.64,,,,87.4,1994,5.7,746894,665804,683737,663538,666624,621020,672744,641355,643565,54.75,,,,,,,,20,3,Sinker,1,1,1,1,1,1,1,1,Standard,Standard,215,0.0,-0.065,,,,0.065,,0,0,0.5,0.5,34,28,35,28,1,0,5.0,1.0,21.0,1.0,2.2,1.05,1.05,42.6,,,,,
SI,2024-04-21,86.6,-2.75,6.04,"Hendricks, Kyle",656896,543294,,ball,,,,,14,Emmanuel Rivera called out on strikes.,R,R,R,CHC,MIA,B,,,1,0,2024,-1.16,0.82,1.12,2.1,,,,0,3,Top,,,,,,,11.414994057816571,-125.70366802833009,-4.889949670673548,-14.364540866566704,21.473778996704507,-22.60856384146766,3.45,1.68,,,,85.8,2030,5.6,746894,665804,683737,663538,666624,621020,672744,641355,643565,54.91,,,,,,,,20,2,Sinker,1,1,1,1,1,1,1,1,Standard,Standard,208,0.0,0.069,,,,-0.069,,0,0,0.5,0.5,34,28,35,28,1,0,5.0,1.0,21.0,1.0,2.19,1.16,1.16,41.8,,,,,
FF,2024-04-21,86.9,-2.82,5.95,"Hendricks, Kyle",656896,543294,,ball,,,,,11,Emmanuel Rivera called out on strikes.,R,R,R,CHC,MIA,B,,,0,0,2024,-0.78,1.28,-1.88,2.7,,,,0,3,Top,,,,,,,3.7888170552792073,-126.53975242724565,-4.229354503970898,-9.143487103995492,23.722888820403774,-17.762358070259303,3.4,1.52,,,,86.1,2113,5.6,746894,665804,683737,663538,666624,621020,672744,641355,643565,54.95,,,,,,,,20,1,4-Seam Fastball,1,1,1,1,1,1,1,1,Standard,Standard,214,0.0,0.038,,,,-0.038,,0,0,0.5,0.5,34,28,35,28,1,0,5.0,1.0,21.0,1.0,1.72,0.78,0.78,40.4,,,,,
CH,2024-04-21,81.6,-2.87,6.04,"Hendricks, Kyle",624503,543294,field_out,hit_into_play,,,,,13,"Nick Gordon grounds out, first baseman Michael Busch to pitcher Kyle Hendricks.",R,L,R,CHC,MIA,X,3.0,ground_ball,1,1,2024,-1.12,0.41,-0.29,1.36,,,,2,2,Top,163.26,167.74,,,,,7.865089051588831,-118.69283924947082,-4.734986062545862,-12.016198745032383,20.35942824746221,-27.60476434045037,3.55,1.71,5.0,71.4,-17.0,80.9,2232,5.6,746894,665804,683737,663538,666624,621020,672744,641355,643565,54.87,0.049,0.058,0.0,1.0,0.0,0.0,2.0,12,3,Changeup,0,1,1,0,1,0,1,0,Standard,Standard,229,0.01,-0.244,76.6,8.3,0.05,0.244,88.0,-1,1,0.427,0.573,34,28,35,29,1,0,5.0,1.0,21.0,1.0,2.99,1.12,-1.12,43.6,18.14179704594133,-11.760203829600757,39.14958787780888,39.38565742999386,37.83012115212435
FF,2024-04-21,87.8,-2.9,5.94,"Hendricks, Kyle",624503,543294,,ball,,,,,11,"Nick Gordon grounds out, first baseman Michael Busch to pitcher Kyle Hendricks.",R,L,R,CHC,MIA,B,,,0,1,2024,-0.18,1.24,-0.11,4.19,,,,2,2,Top,,,,,,,7.002640415453592,-127.77751873094272,-0.6706751072463119,-3.4437272115753923,26.760631545799484,-18.686932438681787,3.54,1.7,,,,86.5,2091,5.5,746894,665804,683737,663538,666624,621020,672744,641355,643565,55.02,,,,,,,,12,2,4-Seam Fastball,0,1,1,0,1,0,1,0,Standard,Standard,212,0.0,0.029,,,,-0.029,,-1,1,0.427,0.573,34,28,35,29,1,0,5.0,1.0,21.0,1.0,1.72,0.18,-0.18,39.8,,,,,
CH,2024-04-21,80.9,-2.89,6.13,"Hendricks, Kyle",624503,543294,,foul,,,,,11,"Nick Gordon grounds out, first baseman Michael Busch to pitcher Kyle Hendricks.",R,L,R,CHC,MIA,S,,,0,0,2024,-1.08,0.49,-1.15,2.88,,,,2,2,Top,,,,,,,5.829387496938168,-117.7972964383208,-1.5729226489464505,-11.155791407956857,20.997522675327478,-27.501989221185337,3.55,1.71,193.0,65.2,34.0,79.9,2220,5.4,746894,665804,683737,663538,666624,621020,672744,641355,643565,55.05,,,,,,,,12,1,Changeup,0,1,1,0,1,0,1,0,Standard,Standard,223,0.0,-0.041,69.7,7.3,,0.041,88.0,-1,1,0.427,0.573,34,28,35,29,1,0,5.0,1.0,21.0,1.0,2.97,1.08,-1.08,42.1,8.937450616364876,9.230317050153444,26.98909700360898,50.203168006492426,22.865241192964906
CU,2024-04-21,75.9,-2.7,6.03,"Hendricks, Kyle",641313,543294,strikeout,swinging_strike,,,,,14,Tim Anderson strikes out swinging.,R,R,R,CHC,MIA,S,2.0,,2,2,2024,1.38,-0.85,1.18,1.26,,,,1,2,Top,,,,,,,5.570857819087446,-110.35537770440106,-1.2395311467304908,9.93082258654549,23.178156075383036,-39.01328344078672,3.46,1.55,,,,74.3,3026,5.5,746894,665804,683737,663538,666624,621020,672744,641355,643565,54.95,,0.0,0.0,1.0,0.0,0.0,,11,10,Curveball,0,1,1,0,1,0,1,0,Standard,Standard,42,0.015,-0.225,35.3,7.0,,0.225,,-1,1,0.412,0.588,34,31,35,31,1,0,5.0,1.0,21.0,1.0,4.87,-1.38,-1.38,43.2,9.440025562283646,18.225295930276797,46.361866397615536,48.87482740088266,24.489087013427515
CH,2024-04-21,82.3,-2.75,6.1,"Hendricks, Kyle",641313,543294,,foul,,,,,9,Tim Anderson strikes out swinging.,R,R,R,CHC,MIA,S,,,2,2,2024,-1.33,0.48,0.49,1.9,,,,1,2,Top,,,,,,,9.764292558213892,-119.49484693541852,-3.8901563398344257,-14.60686800129742,22.759749780251592,-26.984450612884554,3.46,1.55,2.0,74.2,-51.0,81.1,2290,5.6,746894,665804,683737,663538,666624,621020,672744,641355,643565,54.95,,,,,,,,11,9,Changeup,0,1,1,0,1,0,1,0,Standard,Standard,230,0.0,0.0,68.1,7.5,,0.0,88.0,-1,1,0.412,0.588,34,31,35,31,1,0,5.0,1.0,21.0,1.0,2.9,1.33,1.33,44.1,17.07801548470307,12.686321484766356,37.08676955507376,42.03498142079341,29.861655334193152
CH,2024-04-21,81.7,-2.75,6.1,"Hendricks, Kyle",641313,543294,,foul,,,,,7,Tim Anderson strikes out swinging.,R,R,R,CHC,MIA,S,,,2,2,2024,-1.26,0.46,-0.66,1.51,,,,1,2,Top,,,,,,,7.02729690765918,-118.66323735763076,-4.558338731460326,-13.228122737098069,23.264450236766983,-27.144292993979583,3.46,1.55,4.0,80.7,-24.0,80.5,2263,5.7,746894,665804,683737,663538,666624,621020,672744,641355,643565,54.85,,,,,,,,11,8,Changeup,0,1,1,0,1,0,1,0,Standard,Standard,230,0.0,0.0,68.3,7.8,,0.0,88.0,-1,1,0.412,0.588,34,31,35,31,1,0,5.0,1.0,21.0,1.0,2.98,1.26,1.26,44.4,28.206214780593395,-12.341154625742613,44.51493909943952,27.92217221808873,42.12929346039092
SI,2024-04-21,87.9,-2.77,5.99,"Hendricks, Kyle",641313,543294,,foul,,,,,7,Tim Anderson strikes out swinging.,R,R,R,CHC,MIA,S,,,2,2,2024,-1.46,0.63,-0.72,1.66,,,,1,2,Top,,,,,,,7.894643528642321,-127.72976960168874,-5.616371223754826,-17.646915641545935,25.8789197800854,-24.32033524249889,3.46,1.55,,,,86.8,1991,5.7,746894,665804,683737,663538,666624,621020,672744,641355,643565,54.84,,,,,,,,11,7,Sinker,0,1,1,0,1,0,1,0,Standard,Standard,216,0.0,0.0,70.6,6.6,,0.0,,-1,1,0.412,0.588,34,31,35,31,1,0,5.0,1.0,21.0,1.0,2.33,1.46,1.46,43.1,-0.5371915307854107,10.689550452904273,51.32884620567734,26.95775403788108,22.395250351832857
SI,2024-04-21,87.9,-2.74,5.99,"Hendricks, Kyle",641313,543294,,ball,,,,,13,Tim Anderson strikes out swinging.,R,R,R,CHC,MIA,B,,,1,2,2024,-1.47,0.63,-0.26,1.1,,,,1,2,Top,,,,,,,8.91270460978476,-127.49335551924234,-6.891320481391508,-17.881855458805198,26.9638370408967,-24.02144883005758,3.48,1.55,,,,86.5,1999,5.7,746894,665804,683737,663538,666624,621020,672744,641355,643565,54.83,,,,,,,,11,6,Sinker,0,1,1,0,1,0,1,0,Standard,Standard,213,0.0,0.043,,,,-0.043,,-1,1,0.412,0.588,34,31,35,31,1,0,5.0,1.0,21.0,1.0,2.35,1.47,1.47,41.0,,,,,
CH,2024-04-21,80.2,-2.77,6.05,"Hendricks, Kyle",641313,543294,,foul,,,,,3,Tim Anderson strikes out swinging.,R,R,R,CHC,MIA,S,,,1,2,2024,-0.37,0.82,0.49,2.93,,,,1,2,Top,,,,,,,7.782873275214546,-116.66234080530144,-1.8162822642193648,-4.753401591775834,19.602940052391144,-24.49348399063278,3.46,1.55,,,,79.5,2214,5.6,746894,665804,683737,663538,666624,621020,672744,641355,643565,54.94,,,,,,,,11,5,Changeup,0,1,1,0,1,0,1,0,Standard,Standard,231,0.0,0.0,69.0,6.2,,0.0,,-1,1,0.412,0.588,34,31,35,31,1,0,5.0,1.0,21.0,1.0,2.69,0.37,0.37,39.3,-0.945571669806708,24.763051184490685,36.11841947361632,41.08299610988978,18.8252986316318
SI,2024-04-21,87.4,-2.82,6.01,"Hendricks, Kyle",641313,543294,,foul,,,,,7,Tim Anderson strikes out swinging.,R,R,R,CHC,MIA,S,,,1,2,2024,-0.99,0.51,-0.31,2.06,,,,1,2,Top,,,,,,,7.979517223173901,-127.20031170055934,-4.477095058445179,-12.272056764137224,22.608416390492007,-25.918370142896155,3.46,1.55,218.0,72.0,34.0,86.9,2039,5.7,746894,665804,683737,663538,666624,621020,672744,641355,643565,54.81,,,,,,,,11,4,Sinker,0,1,1,0,1,0,1,0,Standard,Standard,211,0.0,0.0,69.5,6.8,,0.0,88.0,-1,1,0.412,0.588,34,31,35,31,1,0,5.0,1.0,21.0,1.0,2.44,0.99,0.99,42.0,0.5552797077094261,6.335466890773942,48.69111270098926,31.265552630920247,21.68051816756843
CU,2024-04-21,73.9,-2.74,6.03,"Hendricks, Kyle",641313,543294,,ball,,,,,14,Tim Anderson strikes out swinging.,R,R,R,CHC,MIA,B,,,0,2,2024,1.34,-0.62,1.61,0.81,,,,1,2,Top,,,,,,,6.449224418314837,-107.41297562069074,-2.14901084268036,8.98741481893981,21.156657025533143,-36.77708281858307,3.48,1.57,,,,72.6,2886,5.7,746894,665804,683737,663538,666624,621020,672744,641355,643565,54.82,,,,,,,,11,3,Curveball,0,1,1,0,1,0,1,0,Standard,Standard,44,0.0,0.02,,,,-0.02,,-1,1,0.412,0.588,34,31,35,31,1,0,5.0,1.0,21.0,1.0,4.86,-1.34,-1.34,44.2,,,,,
CH,2024-04-21,80.7,-2.8,6.06,"Hendricks, Kyle",641313,543294,,foul,,,,,9,Tim Anderson strikes out swinging.,R,R,R,CHC,MIA,S,,,0,1,2024,-0.43,1.2,0.67,2.0,,,,1,2,Top,,,,,,,8.420946092360396,-117.30371894358474,-4.698058339906545,-5.330399913405349,18.51442810492389,-20.322194041017354,3.46,1.55,253.0,84.3,45.0,80.1,2160,5.6,746894,665804,683737,663538,666624,621020,672744,641355,643565,54.95,,,,,,,,11,2,Changeup,0,1,1,0,1,0,1,0,Standard,Standard,236,0.0,-0.057,67.1,7.4,,0.057,88.0,-1,1,0.412,0.588,34,31,35,31,1,0,5.0,1.0,21.0,1.0,2.26,0.43,0.43,42.0,5.574484794354134,6.892211546878509,44.22101648807573,42.66187273462697,27.217688654739867
SI,2024-04-21,87.2,-2.84,6.01,"Hendricks, Kyle",641313,543294,,called_strike,,,,,5,Tim Anderson strikes out swinging.,R,R,R,CHC,MIA,S,,,0,0,2024,-1.07,0.61,-0.21,2.73,,,,1,2,Top,,,,,,,8.387434803865428,-126.83086269742547,-2.9999924630384167,-13.125571012535428,22.603077988933027,-25.19597347702329,3.46,1.5,,,,86.5,1991,5.6,746894,665804,683737,663538,666624,621020,672744,641355,643565,54.93,,,,,,,,11,1,Sinker,0,1,1,0,1,0,1,0,Standard,Standard,212,0.0,-0.037,,,,0.037,,-1,1,0.412,0.588,34,31,35,31,1,0,5.0,1.0,21.0,1.0,2.36,1.07,1.07,42.0,,,,,
FF,2024-04-21,88.0,-2.9,5.9,"Hendricks, Kyle",660821,543294,home_run,hit_into_play,,,,,8,Jesús Sánchez homers (1) on a fly ball to center field.,R,L,R,CHC,MIA,X,,fly_ball,0,0,2024,-0.6,1.22,0.14,1.87,,,,1,2,Top,146.85,13.36,,,,,8.479111901685867,-127.87464543823116,-6.146951039298659,-8.26922171797233,25.111156797459877,-17.69633665773307,3.5,1.68,460.0,113.6,25.0,87.0,2053,5.7,746894,665804,683737,663538,666624,621020,672744,641355,643565,54.84,0.997,2.0,2.0,1.0,0.0,3.0,6.0,10,1,4-Seam Fastball,0,0,0,0,1,0,1,0,Strategic,Standard,220,-0.111,1.583,80.8,7.7,3.88,-1.583,113.6,0,0,0.523,0.477,34,26,35,27,1,0,5.0,1.0,21.0,1.0,1.72,0.6,-0.6,39.7,10.584506324082067,-1.7000466875421094,37.94636543675128,37.44290035264915,36.937533901946736
SI,2024-04-21,86.8,-2.89,6.01,"Hendricks, Kyle",605137,543294,field_out,hit_into_play,,,,,7,Josh Bell flies out to left fielder Alexander Canario.,R,L,R,CHC,MIA,X,7.0,fly_ball,0,1,2024,-1.12,0.76,-0.74,2.12,,,,0,2,Top,59.97,103.65,,,,,7.348714545254327,-126.31116245256744,-4.674343360394054,-13.436803032454923,23.184639350416457,-23.29200283712451,3.74,1.79,288.0,90.1,37.0,86.1,1965,5.6,746894,665804,683737,663538,666624,621020,672744,641355,643565,54.86,0.006,0.005,0.0,1.0,0.0,0.0,3.0,9,2,Sinker,0,0,0,0,0,0,0,0,Infield shade,Standard,219,0.023,-0.217,76.8,8.3,0.006,0.217,90.1,0,0,0.5,0.5,34,31,35,32,1,0,5.0,1.0,21.0,1.0,2.24,1.12,-1.12,41.6,4.600405486919238,3.909658266227033,36.77600131671256,39.03755050155305,26.15881045692728
FF,2024-04-21,87.1,-2.96,5.91,"Hendricks, Kyle",605137,543294,,foul,,,,,8,Josh Bell flies out to left fielder Alexander Canario.,R,L,R,CHC,MIA,S,,,0,0,2024,-0.7,1.32,-0.07,2.26,,,,0,2,Top,,,,,,,8.265192749325909,-126.50487615988403,-5.201639070642928,-9.267523719043592,27.125886182508207,-17.069539612867267,3.74,1.79,2.0,31.8,-49.0,85.7,2079,5.6,746894,665804,683737,663538,666624,621020,672744,641355,643565,54.87,,,,,,,,9,1,4-Seam Fastball,0,0,0,0,0,0,0,0,Infield shade,Standard,218,0.0,-0.037,72.5,8.9,,0.037,88.0,0,0,0.5,0.5,34,31,35,32,1,0,5.0,1.0,21.0,1.0,1.7,0.7,-0.7,39.9,21.481327073989146,-29.110001597959688,38.34179773753832,32.76565896764373,42.73946488873205
CH,2024-04-21,82.4,-2.81,6.08,"Hendricks, Kyle",665862,543294,field_out,hit_into_play,,,,,7,"Jazz Chisholm Jr.  grounds out, second baseman Nico Hoerner to first baseman Michael Busch.",R,L,R,CHC,MIA,X,4.0,ground_ball,3,2,2024,-1.37,0.47,-0.44,2.12,,,,2,1,Top,160.83,153.22,,,,,7.890737753920721,-119.74327611596688,-3.3818783573733717,-14.638372700657149,21.446003611543997,-27.15230062521816,3.61,1.66,10.0,92.8,-12.0,81.3,2203,5.4,746894,665804,683737,663538,666624,621020,672744,641355,643565,55.06,0.151,0.158,0.0,1.0,0.0,0.0,2.0,3,6,Changeup,0,0,0,0,0,0,0,0,Infield shade,Standard,232,0.01,-0.325,69.8,7.2,0.167,0.325,92.8,0,0,0.537,0.463,34,26,35,26,1,0,5.0,1.0,21.0,1.0,2.87,1.37,-1.37,43.5,0.5576345237233559,-0.0072460643017462,30.9792400617406,40.50704939358431,28.28361673825696
CH,2024-04-21,82.6,-2.88,6.03,"Hendricks, Kyle",665862,543294,,ball,,,,,13,"Jazz Chisholm Jr.  grounds out, second baseman Nico Hoerner to first baseman Michael Busch.",R,L,R,CHC,MIA,B,,,2,2,2024,-1.45,0.45,-1.13,0.2,,,,2,1,Top,,,,,,,6.693238461058987,-119.91183218747253,-7.478545987771087,-15.323578207238649,24.539941003888742,-26.53522351591049,3.53,1.64,,,,81.2,2321,5.6,746894,665804,683737,663538,666624,621020,672744,641355,643565,54.91,,,,,,,,3,5,Changeup,0,0,0,0,0,0,0,0,Infield shade,Standard,230,0.0,0.106,,,,-0.106,,0,0,0.537,0.463,34,26,35,26,1,0,5.0,1.0,21.0,1.0,2.93,1.45,-1.45,42.5,,,,,
FF,2024-04-21,89.4,-2.94,5.88,"Hendricks, Kyle",665862,543294,,called_strike,,,,,9,"Jazz Chisholm Jr.  grounds out, second baseman Nico Hoerner to first baseman Michael Busch.",R,L,R,CHC,MIA,S,,,2,1,2024,-0.69,1.18,0.46,1.72,,,,2,1,Top,,,,,,,9.692846517047224,-129.66911797200387,-6.627625557895771,-9.826754766010158,27.285861534731648,-17.617963700468966,3.52,1.76,,,,88.1,2135,5.7,746894,665804,683737,663538,666624,621020,672744,641355,643565,54.84,,,,,,,,3,4,4-Seam Fastball,0,0,0,0,0,0,0,0,Strategic,Standard,216,0.0,-0.084,,,,0.084,,0,0,0.537,0.463,34,26,35,26,1,0,5.0,1.0,21.0,1.0,1.69,0.69,-0.69,38.9,,,,,
FF,2024-04-21,87.9,-2.96,5.9,"Hendricks, Kyle",665862,543294,,foul,,,,,4,"Jazz Chisholm Jr.  grounds out, second baseman Nico Hoerner to first baseman Michael Busch.",R,L,R,CHC,MIA,S,,,2,0,2024,-0.66,1.19,-0.35,2.64,,,,2,1,Top,,,,,,,7.589185971486168,-127.88166711205596,-4.252705262689831,-8.804357570928499,24.97401205579868,-18.37667484145063,3.61,1.66,180.0,82.9,70.0,86.9,2119,5.6,746894,665804,683737,663538,666624,621020,672744,641355,643565,54.92,,,,,,,,3,3,4-Seam Fastball,0,0,0,0,0,0,0,0,Standard,Standard,218,0.0,-0.061,73.1,7.5,,0.061,88.0,0,0,0.537,0.463,34,26,35,26,1,0,5.0,1.0,21.0,1.0,1.75,0.66,-0.66,39.9,14.504184059052406,5.5363551352121005,35.05281014301867,39.37660383619837,27.15354859355888
FF,2024-04-21,87.9,-2.93,5.9,"Hendricks, Kyle",665862,543294,,ball,,,,,11,"Jazz Chisholm Jr.  grounds out, second baseman Nico Hoerner to first baseman Michael Busch.",R,L,R,CHC,MIA,B,,,1,0,2024,-0.52,1.17,-0.84,2.78,,,,2,1,Top,,,,,,,6.0684278132664256,-127.97954190644462,-3.87949429423296,-6.8872320220510455,24.55041916957883,-18.711176706305785,3.58,1.75,,,,87.2,2101,5.6,746894,665804,683737,663538,666624,621020,672744,641355,643565,54.86,,,,,,,,3,2,4-Seam Fastball,0,0,0,0,0,0,0,0,Strategic,Standard,218,0.0,0.068,,,,-0.068,,0,0,0.537,0.463,34,26,35,26,1,0,5.0,1.0,21.0,1.0,1.76,0.52,-0.52,39.6,,,,,
FF,2024-04-21,88.2,-2.81,5.99,"Hendricks, Kyle",665862,543294,,ball,,,,,11,"Jazz Chisholm Jr.  grounds out, second baseman Nico Hoerner to first baseman Michael Busch.",R,L,R,CHC,MIA,B,,,0,0,2024,-0.68,1.26,-1.87,3.14,,,,2,1,Top,,,,,,,3.6538848243098943,-128.3920277213248,-3.4654325112156537,-8.313710907137185,25.049105540733585,-17.639642832392703,3.61,1.63,,,,87.3,2154,5.5,746894,665804,683737,663538,666624,621020,672744,641355,643565,54.96,,,,,,,,3,1,4-Seam Fastball,0,0,0,0,0,0,0,0,Strategic,Standard,212,0.0,0.04,,,,-0.04,,0,0,0.537,0.463,34,26,35,26,1,0,5.0,1.0,21.0,1.0,1.65,0.68,-0.68,40.2,,,,,
CH,2024-04-21,80.4,-2.74,6.07,"Hendricks, Kyle",650559,543294,strikeout,swinging_strike,,,,,14,Bryan De La Cruz strikes out swinging.,R,R,R,CHC,MIA,S,2.0,,1,2,2024,-0.26,0.73,1.37,2.42,,,,1,1,Top,,,,,,,9.455865991312557,-116.88304627264812,-2.8819142132257545,-3.8306101965186663,17.629424682517403,-25.118583560806265,3.55,1.73,,,,79.9,2212,5.6,746894,665804,683737,663538,666624,621020,672744,641355,643565,54.94,,0.0,0.0,1.0,0.0,0.0,,2,4,Changeup,0,0,0,0,0,0,0,0,Standard,Standard,236,0.015,-0.182,63.9,8.3,,0.182,,0,0,0.522,0.478,34,27,35,28,1,0,5.0,1.0,21.0,1.0,2.75,0.26,0.26,42.9,26.52237427171192,-16.76223436346132,34.056407799174934,51.35660799660474,42.90161384065468
SI,2024-04-21,88.5,-2.78,6.05,"Hendricks, Kyle",650559,543294,,foul,,,,,6,Bryan De La Cruz strikes out swinging.,R,R,R,CHC,MIA,S,,,1,1,2024,-1.01,0.44,0.38,2.72,,,,1,1,Top,,,,,,,9.659463609797475,-128.61023890094182,-3.0153108192615425,-13.015707199137754,23.259528626486283,-26.79945615381641,3.55,1.73,229.0,75.6,41.0,87.9,1916,5.7,746894,665804,683737,663538,666624,621020,672744,641355,643565,54.83,,,,,,,,2,3,Sinker,0,0,0,0,0,0,0,0,Standard,Standard,211,0.0,-0.061,67.0,7.3,,0.061,88.0,0,0,0.522,0.478,34,27,35,28,1,0,5.0,1.0,21.0,1.0,2.44,1.01,1.01,43.6,-1.0330856682820242,14.725929226154904,33.936851257122576,41.74674220154131,19.023566932915884
CH,2024-04-21,81.0,-2.78,6.1,"Hendricks, Kyle",650559,543294,,ball,,,,,14,Bryan De La Cruz strikes out swinging.,R,R,R,CHC,MIA,B,,,0,1,2024,-0.47,0.88,0.91,2.08,,,,1,1,Top,,,,,,,9.010010795420127,-117.65299320651926,-3.990782983335229,-6.013864922249499,21.011946707033708,-23.381169591632112,3.57,1.84,,,,80.0,2244,5.6,746894,665804,683737,663538,666624,621020,672744,641355,643565,54.9,,,,,,,,2,2,Changeup,0,0,0,0,0,0,0,0,Standard,Standard,228,0.0,0.024,,,,-0.024,,0,0,0.522,0.478,34,27,35,28,1,0,5.0,1.0,21.0,1.0,2.59,0.47,0.47,44.2,,,,,
FF,2024-04-21,88.0,-2.81,5.98,"Hendricks, Kyle",650559,543294,,called_strike,,,,,6,Bryan De La Cruz strikes out swinging.,R,R,R,CHC,MIA,S,,,0,0,2024,-0.6,1.34,0.66,2.45,,,,1,1,Top,,,,,,,9.522086755212689,-127.7618870693448,-5.125361511317988,-8.572635987830552,26.551420043784244,-16.639582850307693,3.57,1.85,,,,86.7,2094,5.6,746894,665804,683737,663538,666624,621020,672744,641355,643565,54.91,,,,,,,,2,1,4-Seam Fastball,0,0,0,0,0,0,0,0,Standard,Standard,214,0.0,-0.037,,,,0.037,,0,0,0.522,0.478,34,27,35,28,1,0,5.0,1.0,21.0,1.0,1.62,0.6,0.6,41.2,,,,,
CH,2024-04-21,82.2,-2.83,6.07,"Hendricks, Kyle",650333,543294,field_out,hit_into_play,,,,,13,Luis Arraez flies out to left fielder Alexander Canario.,R,L,R,CHC,MIA,X,7.0,fly_ball,1,2,2024,-1.09,0.54,-0.84,1.9,,,,0,1,Top,61.57,98.13,,,,,6.554015659294851,-119.54368889114888,-3.981005858570019,-11.726959269985851,21.340042439164566,-26.438974193578517,3.18,1.51,296.0,92.2,27.0,81.5,2238,5.7,746894,665804,683737,663538,666624,621020,672744,641355,643565,54.84,0.123,0.164,0.0,1.0,0.0,0.0,3.0,1,6,Changeup,0,0,0,0,0,0,0,0,Strategic,Standard,229,0.022,-0.186,63.6,6.4,0.272,0.186,92.2,0,0,0.5,0.5,34,27,35,27,1,0,5.0,1.0,21.0,1.0,2.82,1.09,-1.09,42.3,1.2261855710541183,10.319561193767996,38.88120455284692,45.44106528406287,34.758105214285
CU,2024-04-21,74.1,-2.82,6.07,"Hendricks, Kyle",650333,543294,,ball,,,,,13,Luis Arraez flies out to left fielder Alexander Canario.,R,L,R,CHC,MIA,B,,,0,2,2024,1.15,-1.21,-1.18,1.76,,,,0,1,Top,,,,,,,1.330699696192288,-107.7918733306995,0.6844200506086038,8.511009517122336,22.9399918928114,-41.861486303094544,3.25,1.45,,,,72.2,3039,5.3,746894,665804,683737,663538,666624,621020,672744,641355,643565,55.16,,,,,,,,1,5,Curveball,0,0,0,0,0,0,0,0,Strategic,Strategic,39,0.0,0.023,,,,-0.023,,0,0,0.5,0.5,34,27,35,27,1,0,5.0,1.0,21.0,1.0,5.44,-1.15,1.15,43.0,,,,,
FF,2024-04-21,87.5,-2.86,6.03,"Hendricks, Kyle",650333,543294,,foul,,,,,3,Luis Arraez flies out to left fielder Alexander Canario.,R,L,R,CHC,MIA,S,,,0,2,2024,-0.74,1.31,0.75,3.21,,,,0,1,Top,,,,,,,10.098347971865904,-127.02380105397808,-3.273153651080885,-10.170818650981218,27.45580131783813,-17.497477870903406,3.18,1.51,144.0,58.9,33.0,86.1,2094,5.6,746894,665804,683737,663538,666624,621020,672744,641355,643565,54.88,,,,,,,,1,4,4-Seam Fastball,0,0,0,0,0,0,0,0,Strategic,Strategic,213,0.0,0.0,44.0,4.3,,0.0,88.0,0,0,0.5,0.5,34,27,35,27,1,0,5.0,1.0,21.0,1.0,1.69,0.74,-0.74,41.5,-7.69901741588481,14.128026948050058,45.215797827023096,24.41795525943952,21.935196448905565
CH,2024-04-21,81.8,-2.84,6.08,"Hendricks, Kyle",650333,543294,,foul,,,,,7,Luis Arraez flies out to left fielder Alexander Canario.,R,L,R,CHC,MIA,S,,,0,2,2024,-1.68,0.59,-0.82,1.69,,,,0,1,Top,,,,,,,7.644431376054644,-118.66864191284304,-4.269716275472122,-17.34807199409151,26.422618807674823,-25.890707987963143,3.18,1.51,144.0,69.6,18.0,79.8,2220,5.4,746894,665804,683737,663538,666624,621020,672744,641355,643565,55.07,,,,,,,,1,3,Changeup,0,0,0,0,0,0,0,0,Strategic,Standard,232,0.0,0.0,57.6,6.6,,0.0,88.0,0,0,0.5,0.5,34,27,35,27,1,0,5.0,1.0,21.0,1.0,2.88,1.68,-1.68,41.9,9.42873686013347,13.968606358526744,43.12772335853134,44.77252636220384,31.88239811520984
CH,2024-04-21,81.5,-2.9,6.05,"Hendricks, Kyle",650333,543294,,foul,,,,,13,Luis Arraez flies out to left fielder Alexander Canario.,R,L,R,CHC,MIA,S,,,0,1,2024,-1.42,0.6,-0.96,1.82,,,,0,1,Top,,,,,,,6.951457951617959,-118.50217607438448,-4.001851771838932,-14.69823155694873,23.13100123199999,-25.898844403745137,3.18,1.51,176.0,65.3,46.0,80.1,2206,5.4,746894,665804,683737,663538,666624,621020,672744,641355,643565,55.09,,,,,,,,1,2,Changeup,0,0,0,0,0,0,0,0,Strategic,Standard,230,0.0,-0.054,64.0,6.6,,0.054,88.0,0,0,0.5,0.5,34,27,35,27,1,0,5.0,1.0,21.0,1.0,2.84,1.42,-1.42,41.7,18.1898183866276,15.452933843746598,43.382820239719074,45.41243107864417,34.27870418480767
FF,2024-04-21,88.1,-2.94,5.97,"Hendricks, Kyle",650333,543294,,called_strike,,,,,7,Luis Arraez flies out to left fielder Alexander Canario.,R,L,R,CHC,MIA,S,,,0,0,2024,-0.72,1.21,-0.35,1.6,,,,0,1,Top,,,,,,,7.6692718036537215,-128.04126121518797,-6.958221830144241,-9.484435827828229,25.12334638680076,-17.573641065521166,3.11,1.49,,,,87.0,2114,5.6,746894,665804,683737,663538,666624,621020,672744,641355,643565,54.93,,,,,,,,1,1,4-Seam Fastball,0,0,0,0,0,0,0,0,Strategic,Standard,218,0.0,-0.037,,,,0.037,,0,0,0.5,0.5,34,27,35,27,1,0,5.0,1.0,21.0,1.0,1.72,0.72,-0.72,41.0,,,,,
CH,2024-04-16,80.9,-2.65,6.01,"Hendricks, Kyle",572233,543294,walk,blocked_ball,,,,,14,Christian Walker walks. Ketel Marte to 3rd. Lourdes Gurriel Jr. to 2nd.,R,R,R,AZ,CHC,B,,,3,2,2024,-0.22,0.72,0.9,0.57,,606466.0,666971.0,1,5,Bot,,,,,,,8.177890835183648,-117.4202440423255,-6.771573863029412,-3.4905423845218366,21.38515887509805,-24.39596301028523,3.48,1.58,,,,79.7,2216,5.5,747214,665804,683737,663538,666624,621020,664023,641355,672744,54.95,,0.689131,0.7,1.0,0.0,0.0,,46,7,Changeup,4,5,4,5,5,4,4,5,Standard,Standard,238,0.091,0.266,,,,-0.266,,-1,-1,0.465,0.465,34,33,35,33,3,2,6.0,1.0,5.0,1.0,2.77,0.22,0.22,41.7,,,,,
CU,2024-04-16,75.8,-2.72,5.97,"Hendricks, Kyle",572233,543294,,foul,,,,,6,Christian Walker walks. Ketel Marte to 3rd. Lourdes Gurriel Jr. to 2nd.,R,R,R,AZ,CHC,S,,,3,2,2024,1.3,-0.77,0.51,2.67,,606466.0,666971.0,1,5,Bot,,,,,,,4.339903042715033,-110.261369986216,1.6257675920415655,9.64747152383013,22.426265907483497,-38.99662059101741,3.46,1.55,156.0,65.6,60.0,74.3,3046,5.5,747214,665804,683737,663538,666624,621020,664023,641355,672744,55.02,,,,,,,,46,6,Curveball,4,5,4,5,5,4,4,5,Standard,Standard,49,0.0,0.0,62.4,7.2,,0.0,88.0,-1,-1,0.465,0.465,34,33,35,33,3,2,6.0,1.0,5.0,1.0,4.79,-1.3,-1.3,41.5,-3.847063870876178,8.291333719387865,23.611075531019797,44.162863990924365,24.15779484589773
FF,2024-04-16,89.2,-2.68,5.8,"Hendricks, Kyle",572233,543294,,ball,,,,,12,Christian Walker walks. Ketel Marte to 3rd. Lourdes Gurriel Jr. to 2nd.,R,R,R,AZ,CHC,B,,,2,2,2024,-0.7,1.18,0.69,3.81,,606466.0,666971.0,1,5,Bot,,,,,,,9.628079620631484,-129.52901882525515,-1.2894344536956397,-9.942904753010588,28.76131667070665,-18.92483501428495,3.45,1.58,,,,87.8,2194,5.7,747214,665804,683737,663538,666624,621020,664023,641355,672744,54.81,,,,,,,,46,5,4-Seam Fastball,4,5,4,5,5,4,4,5,Standard,Standard,216,0.0,0.086,,,,-0.086,,-1,-1,0.465,0.465,34,33,35,33,3,2,6.0,1.0,5.0,1.0,1.72,0.7,0.7,38.1,,,,,
CU,2024-04-16,76.0,-2.7,5.89,"Hendricks, Kyle",572233,543294,,ball,,,,,14,Christian Walker walks. Ketel Marte to 3rd. Lourdes Gurriel Jr. to 2nd.,R,R,R,AZ,CHC,B,,,1,2,2024,1.35,-0.9,2.22,0.85,,606466.0,666971.0,1,5,Bot,,,,,,,7.752809073691239,-110.29656622422398,-1.6829184999733284,9.207408444617878,23.544129276191093,-39.33311610753096,3.43,1.5,,,,74.3,3078,5.6,747214,665804,683737,663538,666624,621020,664023,641355,672744,54.89,,,,,,,,46,4,Curveball,4,5,4,5,5,4,4,5,Standard,Standard,39,0.0,0.035,,,,-0.035,,-1,-1,0.465,0.465,34,33,35,33,3,2,6.0,1.0,5.0,1.0,4.94,-1.35,-1.35,40.2,,,,,
SI,2024-04-16,88.2,-2.76,5.94,"Hendricks, Kyle",572233,543294,,foul,,,,,4,Christian Walker walks. Ketel Marte to 3rd. Lourdes Gurriel Jr. to 2nd.,R,R,R,AZ,CHC,S,,,1,1,2024,-1.2,0.57,-0.82,2.34,,606466.0,666971.0,1,5,Bot,,,,,,,7.110360670271274,-128.3012024769948,-3.8529183433829615,-14.651814830733784,24.731486736076068,-25.238395299170985,3.46,1.55,2.0,66.7,-45.0,87.4,2076,5.7,747214,665804,683737,663538,666624,621020,664023,641355,672744,54.85,,,,,,,,46,3,Sinker,4,5,4,5,5,4,4,5,Standard,Standard,215,0.0,-0.04,,,,0.04,88.0,-1,-1,0.465,0.465,34,33,35,33,3,2,6.0,1.0,5.0,1.0,2.34,1.2,1.2,41.3,,,,,
CH,2024-04-16,80.0,-2.68,6.0,"Hendricks, Kyle",572233,543294,,foul,,,,,5,Christian Walker walks. Ketel Marte to 3rd. Lourdes Gurriel Jr. to 2nd.,R,R,R,AZ,CHC,S,,,1,0,2024,-0.2,1.01,-0.1,2.69,,606466.0,666971.0,1,5,Bot,,,,,,,5.95038217475805,-116.40580852500312,-2.539873426152325,-2.802710049468706,19.888172014282027,-22.64100766670728,3.46,1.55,114.0,69.1,71.0,79.1,2061,5.5,747214,665804,683737,663538,666624,621020,664023,641355,672744,55.02,,,,,,,,46,2,Changeup,4,5,4,5,5,4,4,5,Standard,Standard,234,0.0,-0.054,81.6,7.4,,0.054,88.0,-1,-1,0.465,0.465,34,33,35,33,3,2,6.0,1.0,5.0,1.0,2.52,0.2,0.2,41.3,7.62485764075898,-0.1959893762219788,28.182080025722417,35.84595646661623,31.640585028183494
SI,2024-04-16,88.4,-2.72,5.87,"Hendricks, Kyle",572233,543294,,ball,,,,,11,Christian Walker walks. Ketel Marte to 3rd. Lourdes Gurriel Jr. to 2nd.,R,R,R,AZ,CHC,B,,,0,0,2024,-1.06,0.65,-1.41,2.59,,606466.0,666971.0,1,5,Bot,,,,,,,5.336726263990191,-128.66604645769303,-3.275481731267873,-12.88645380399153,24.487674950886756,-24.49639244918584,3.47,1.53,,,,87.7,2057,5.7,747214,665804,683737,663538,666624,621020,664023,641355,672744,54.83,,,,,,,,46,1,Sinker,4,5,4,5,5,4,4,5,Standard,Standard,215,0.0,0.03,,,,-0.03,,-1,-1,0.465,0.465,34,33,35,33,3,2,6.0,1.0,5.0,1.0,2.25,1.06,1.06,39.7,,,,,
CH,2024-04-16,81.8,-2.84,6.06,"Hendricks, Kyle",666971,543294,walk,ball,,,,,11,Lourdes Gurriel Jr. walks. Ketel Marte to 2nd.,R,R,R,AZ,CHC,B,,,3,2,2024,-1.17,0.37,-1.22,3.03,,,606466.0,1,5,Bot,,,,,,,5.833958826205466,-119.05757996999928,-1.003729119963556,-12.279235292932672,21.555313518951596,-28.666385978821587,3.63,1.83,,,,80.9,2238,5.5,747214,665804,683737,663538,666624,621020,664023,641355,672744,54.96,,0.689131,0.7,1.0,0.0,0.0,,45,6,Changeup,4,5,4,5,5,4,4,5,Standard,Standard,232,0.053,0.259,,,,-0.259,,-1,-1,0.412,0.412,34,30,35,31,3,2,6.0,1.0,5.0,1.0,3.02,1.17,1.17,41.0,,,,,
CU,2024-04-16,75.2,-2.69,5.9,"Hendricks, Kyle",666971,543294,,blocked_ball,,,,,14,Lourdes Gurriel Jr. walks. Ketel Marte to 2nd.,R,R,R,AZ,CHC,B,,,2,2,2024,1.12,-1.24,1.43,-0.44,,,606466.0,1,5,Bot,,,,,,,6.44980078617196,-109.2076136553914,-3.6301440323508207,7.570794753640171,21.76391795723306,-41.53480205796684,3.63,1.81,,,,73.6,3023,5.5,747214,665804,683737,663538,666624,621020,664023,641355,672744,54.99,,,,,,,,45,5,Curveball,4,5,4,5,5,4,4,5,Standard,Standard,37,0.0,0.077,,,,-0.077,,-1,-1,0.412,0.412,34,30,35,31,3,2,6.0,1.0,5.0,1.0,5.33,-1.12,-1.12,40.5,,,,,
CU,2024-04-16,74.5,-2.7,5.92,"Hendricks, Kyle",666971,543294,,swinging_strike,,,,,14,Lourdes Gurriel Jr. walks. Ketel Marte to 2nd.,R,R,R,AZ,CHC,S,,,2,1,2024,1.06,-1.17,0.38,1.24,,,606466.0,1,5,Bot,,,,,,,4.406792952407278,-108.46350950389204,-0.3008024355746541,7.43275731418161,20.755648323358997,-41.545578265253376,3.64,1.69,,,,73.3,2992,5.6,747214,665804,683737,663538,666624,621020,664023,641355,672744,54.92,,,,,,,,45,4,Curveball,4,5,4,5,5,4,4,5,Standard,Standard,44,0.0,-0.057,73.5,8.9,,0.057,,-1,-1,0.412,0.412,34,30,35,31,3,2,6.0,1.0,5.0,1.0,5.31,-1.06,-1.06,41.2,29.05551651773742,-37.7072042766578,40.20153889228524,37.9026498887074,53.21595710411979
CH,2024-04-16,79.1,-2.8,6.03,"Hendricks, Kyle",666971,543294,,called_strike,,,,,9,Lourdes Gurriel Jr. walks. Ketel Marte to 2nd.,R,R,R,AZ,CHC,S,,,2,0,2024,-0.19,0.75,0.56,1.84,,,606466.0,1,5,Bot,,,,,,,7.590158845326878,-115.0337364069463,-3.749707782158302,-3.0397303005083054,19.81682169978193,-24.98638223408016,3.62,1.79,,,,78.3,2095,5.6,747214,665804,683737,663538,666624,621020,664023,641355,672744,54.9,,,,,,,,45,3,Changeup,4,5,4,5,5,4,4,5,Standard,Standard,232,0.0,-0.057,,,,0.057,,-1,-1,0.412,0.412,34,30,35,31,3,2,6.0,1.0,5.0,1.0,2.87,0.19,0.19,41.5,,,,,
CH,2024-04-16,79.9,-2.68,5.97,"Hendricks, Kyle",666971,543294,,ball,,,,,14,Lourdes Gurriel Jr. walks. Ketel Marte to 2nd.,R,R,R,AZ,CHC,B,,,1,0,2024,-0.23,0.78,1.12,1.2,,,606466.0,1,5,Bot,,,,,,,8.661602508119298,-116.0633242723536,-5.186938803202966,-3.620163452020045,20.53703805421103,-24.334668421366374,3.67,1.76,,,,78.9,2070,5.6,747214,665804,683737,663538,666624,621020,664023,641355,672744,54.95,,,,,,,,45,2,Changeup,4,5,4,5,5,4,4,5,Standard,Standard,236,0.0,0.056,,,,-0.056,,-1,-1,0.412,0.412,34,30,35,31,3,2,6.0,1.0,5.0,1.0,2.79,0.23,0.23,41.9,,,,,
CH,2024-04-16,79.6,-2.72,5.97,"Hendricks, Kyle",666971,543294,,blocked_ball,,,,,14,Lourdes Gurriel Jr. walks. Ketel Marte to 2nd.,R,R,R,AZ,CHC,B,,,0,0,2024,-0.58,0.97,0.71,0.81,,,606466.0,1,5,Bot,,,,,,,8.496261397683206,-115.58112485883044,-6.337204085273873,-6.674501231002378,20.16564968336396,-22.49792286404076,3.68,1.76,,,,78.8,2005,5.7,747214,665804,683737,663538,666624,621020,664023,641355,672744,54.8,,,,,,,,45,1,Changeup,4,5,4,5,5,4,4,5,Standard,Standard,236,0.0,0.036,,,,-0.036,,-1,-1,0.412,0.412,34,30,35,31,3,2,6.0,1.0,5.0,1.0,2.63,0.58,0.58,41.4,,,,,
CH,2024-04-16,80.5,-2.78,5.95,"Hendricks, Kyle",682998,543294,field_out,hit_into_play,,,,,8,Corbin Carroll pops out to third baseman Christopher Morel in foul territory.,R,L,R,AZ,CHC,X,5.0,popup,1,1,2024,-1.29,0.48,0.13,1.49,,,606466.0,0,5,Bot,91.98,189.63,,,,,8.781674430146063,-116.86167555241992,-4.063544934450375,-13.453345557889907,21.644859258057817,-27.224328164869007,3.12,1.46,88.0,63.3,76.0,79.5,2091,5.7,747214,665804,683737,663538,666624,621020,664023,641355,672744,54.83,0.006,0.007,0.0,1.0,0.0,0.0,3.0,44,3,Changeup,4,5,4,5,5,4,4,5,Standard,Standard,234,-0.05,-0.238,62.7,7.5,0.008,0.238,88.0,-1,-1,0.462,0.462,34,23,35,24,3,2,6.0,1.0,5.0,1.0,3.05,1.29,-1.29,41.0,-3.3156887563342,-12.946476267921062,29.54166527647949,34.144497033621064,38.818694641083546
CH,2024-04-16,79.6,-2.85,5.93,"Hendricks, Kyle",682998,543294,,ball,,,,,11,Corbin Carroll pops out to third baseman Christopher Morel in foul territory.,R,L,R,AZ,CHC,B,,,0,1,2024,-1.34,0.52,-1.67,2.33,,,606466.0,0,5,Bot,,,,,,,5.038621584127867,-115.84894058081726,-2.1408014863020237,-13.0225350206977,21.157376416532625,-27.252805658571784,3.18,1.47,,,,78.9,1935,5.7,747214,665804,683737,663538,666624,621020,664023,641355,672744,54.79,,,,,,,,44,2,Changeup,4,5,4,5,5,4,4,5,Standard,Standard,235,0.0,0.034,,,,-0.034,,-1,-1,0.462,0.462,34,23,35,24,3,2,6.0,1.0,5.0,1.0,3.06,1.34,-1.34,40.6,,,,,
SI,2024-04-16,87.5,-2.88,5.76,"Hendricks, Kyle",682998,543294,,foul,,,,,1,Corbin Carroll pops out to third baseman Christopher Morel in foul territory.,R,L,R,AZ,CHC,S,,,0,0,2024,-0.87,0.86,-0.44,2.74,,,606466.0,0,5,Bot,,,,,,,7.592394569305568,-127.34112244440531,-2.952165992448196,-10.914846066126673,24.02235392074453,-22.41893781584381,3.12,1.46,201.0,71.6,25.0,87.0,2152,5.8,747214,665804,683737,663538,666624,621020,664023,641355,672744,54.71,,,,,,,,44,1,Sinker,4,5,4,5,5,4,4,5,Standard,Standard,219,0.0,-0.042,76.8,6.5,,0.042,88.0,-1,-1,0.462,0.462,34,23,35,24,3,2,6.0,1.0,5.0,1.0,2.1,0.87,-0.87,36.3,0.6512680888970221,22.736270769971025,22.1640928604441,40.39971900683129,20.15032571635616
CU,2024-04-16,73.7,-2.86,5.97,"Hendricks, Kyle",606466,543294,single,hit_into_play,,,,,13,Ketel Marte singles on a line drive to left fielder Ian Happ.,R,L,R,AZ,CHC,X,7.0,line_drive,0,1,2024,1.11,-0.82,-0.16,1.53,,,,0,5,Bot,74.5,85.2,,,,,3.504888537857739,-107.2069770296236,-0.2305112861724276,7.824838190857394,20.790277260273243,-38.61001616487251,3.64,1.7,269.0,92.3,16.0,72.5,2983,5.6,747214,665804,683737,663538,666624,621020,664023,641355,672744,54.86,0.837,0.809,0.9,1.0,1.0,0.0,4.0,43,2,Curveball,4,5,4,5,5,4,4,5,Standard,Standard,43,0.055,0.485,62.8,6.7,1.019,-0.485,92.3,-1,-1,0.407,0.407,34,30,35,31,3,2,6.0,1.0,5.0,1.0,5.06,-1.11,1.11,41.1,-9.361329986469238,2.027843188528072,44.1125459516924,33.99804621446973,34.340214285940235
CH,2024-04-16,79.9,-2.86,5.99,"Hendricks, Kyle",606466,543294,,called_strike,,,,,8,Ketel Marte singles on a line drive to left fielder Ian Happ.,R,L,R,AZ,CHC,S,,,0,0,2024,-1.2,0.49,-0.23,2.16,,,,0,5,Bot,,,,,,,7.9354639414448735,-116.18136103760224,-2.6239440754907,-12.346909577525556,21.08082380944272,-27.400880097254667,3.56,1.7,,,,79.0,2156,5.6,747214,665804,683737,663538,666624,621020,664023,641355,672744,54.9,,,,,,,,43,1,Changeup,4,5,4,5,5,4,4,5,Standard,Standard,229,0.0,-0.037,,,,0.037,,-1,-1,0.407,0.407,34,30,35,31,3,2,6.0,1.0,5.0,1.0,3.07,1.2,-1.2,41.3,,,,,
CH,2024-04-16,82.3,-2.87,5.92,"Hendricks, Kyle",571466,543294,strikeout,swinging_strike,,,,,13,Tucker Barnhart strikes out swinging.,R,L,R,AZ,CHC,S,2.0,,2,2,2024,-1.29,0.53,-0.34,1.23,,,,2,4,Bot,,,,,,,8.134687105585778,-119.54265618507615,-5.078576563817325,-13.959464269223798,22.395495335150205,-26.3243237226233,3.11,1.46,,,,81.4,2314,5.7,747214,665804,683737,663538,666624,621020,664023,641355,672744,54.81,,0.0,0.0,1.0,0.0,0.0,,34,5,Changeup,4,1,4,1,1,4,4,1,Infield shade,Strategic,229,-0.005,-0.219,71.2,8.7,,0.219,,3,3,0.851,0.851,34,33,35,33,2,1,6.0,2.0,5.0,1.0,2.84,1.29,-1.29,40.7,27.189195158232707,-32.25319049927688,37.25745441725763,40.5083984757602,48.18222573105204
CH,2024-04-16,81.7,-2.9,5.95,"Hendricks, Kyle",571466,543294,,ball,,,,,13,Tucker Barnhart strikes out swinging.,R,L,R,AZ,CHC,B,,,1,2,2024,-1.29,0.38,-0.66,1.0,,,,2,4,Bot,,,,,,,7.448075033288928,-118.72953320791063,-5.2431035291163575,-13.664843789662552,23.02611579750365,-27.69946166376341,3.1,1.4,,,,80.6,2236,5.7,747214,665804,683737,663538,666624,621020,664023,641355,672744,54.84,,,,,,,,34,4,Changeup,4,1,4,1,1,4,4,1,Infield shade,Strategic,229,0.0,0.039,,,,-0.039,,3,3,0.851,0.851,34,33,35,33,2,1,6.0,2.0,5.0,1.0,3.04,1.29,-1.29,41.8,,,,,
CH,2024-04-16,81.9,-2.8,5.99,"Hendricks, Kyle",571466,543294,,foul_tip,,,,,13,Tucker Barnhart strikes out swinging.,R,L,R,AZ,CHC,S,,,1,1,2024,-1.26,0.73,-0.84,1.53,,,,2,4,Bot,,,,,,,6.760270151535055,-118.9919098832214,-4.863938580029929,-13.227804724187989,22.310519029701933,-24.48127467155663,3.11,1.46,,,,81.0,2242,5.7,747214,665804,683737,663538,666624,621020,664023,641355,672744,54.8,,,,,,,,34,3,Changeup,4,1,4,1,1,4,4,1,Infield shade,Strategic,229,0.0,-0.064,64.2,8.6,,0.064,,3,3,0.851,0.851,34,33,35,33,2,1,6.0,2.0,5.0,1.0,2.67,1.26,-1.26,40.5,24.90068537110379,-16.45557400084212,31.895781901612327,45.48374821334543,39.73095028298302
CH,2024-04-16,81.4,-2.86,6.0,"Hendricks, Kyle",571466,543294,,foul,,,,,2,Tucker Barnhart strikes out swinging.,R,L,R,AZ,CHC,S,,,1,0,2024,-1.37,0.72,-0.13,2.8,,,,2,4,Bot,,,,,,,8.638216512289082,-118.30825928648844,-1.959904105464521,-14.440501405220097,21.564593105495,-25.18029056399054,3.11,1.46,179.0,64.6,27.0,80.6,2235,5.7,747214,665804,683737,663538,666624,621020,664023,641355,672744,54.79,,,,,,,,34,2,Changeup,4,1,4,1,1,4,4,1,Infield shade,Strategic,231,0.0,-0.051,68.2,7.3,,0.051,88.0,3,3,0.851,0.851,34,33,35,33,2,1,6.0,2.0,5.0,1.0,2.71,1.37,-1.37,41.4,10.410561954493843,-5.571894769795495,28.03424878027164,37.22828171987695,31.610309344792626
FF,2024-04-16,88.5,-3.06,5.73,"Hendricks, Kyle",571466,543294,,ball,,,,,11,Tucker Barnhart strikes out swinging.,R,L,R,AZ,CHC,B,,,0,0,2024,-0.61,0.97,-1.82,3.53,,,,2,4,Bot,,,,,,,4.239020705515587,-128.83174565265563,-1.333687947214472,-7.670146941954641,25.60880155279516,-21.24289274764192,3.16,1.44,,,,87.8,2092,5.7,747214,665804,683737,663538,666624,621020,664023,641355,672744,54.77,,,,,,,,34,1,4-Seam Fastball,4,1,4,1,1,4,4,1,Infield shade,Strategic,221,0.0,0.04,,,,-0.04,,3,3,0.851,0.851,34,33,35,33,2,1,6.0,2.0,5.0,1.0,1.92,0.61,-0.61,37.0,,,,,
CH,2024-04-16,82.2,-2.77,5.99,"Hendricks, Kyle",664983,543294,field_out,hit_into_play,,,,,5,Jake McCarthy pops out to shortstop Dansby Swanson.,R,L,R,AZ,CHC,X,6.0,popup,0,1,2024,-1.2,0.87,-0.21,2.35,,,,1,4,Bot,120.39,161.15,,,,,7.998485192441663,-119.40695132457904,-3.3473316205131,-13.012756627006224,22.980757371744065,-23.41524962209733,3.46,1.68,102.0,82.2,72.0,81.0,2188,5.6,747214,665804,683737,663538,666624,621020,664023,641355,672744,54.93,0.003,0.003,0.0,1.0,0.0,0.0,3.0,33,2,Changeup,4,1,4,1,1,4,4,1,Standard,Standard,228,-0.007,-0.219,74.5,7.8,0.003,0.219,88.0,3,3,0.858,0.858,34,26,35,27,2,1,6.0,1.0,5.0,2.0,2.52,1.2,-1.2,42.0,20.235958963694905,-12.216969632637827,35.82935553482497,41.680325305461935,42.42751519087887
FF,2024-04-16,88.2,-3.02,5.74,"Hendricks, Kyle",664983,543294,,called_strike,,,,,13,Jake McCarthy pops out to shortstop Dansby Swanson.,R,L,R,AZ,CHC,S,,,0,0,2024,-0.71,1.12,-0.91,2.27,,,,1,4,Bot,,,,,,,6.536265371770575,-128.23183816743182,-4.627195209165384,-9.195949764255037,26.307626413878094,-19.016254154084614,3.46,1.75,,,,87.4,2112,5.8,747214,665804,683737,663538,666624,621020,664023,641355,672744,54.72,,,,,,,,33,1,4-Seam Fastball,4,1,4,1,1,4,4,1,Standard,Standard,222,0.0,-0.037,,,,0.037,,3,3,0.858,0.858,34,26,35,27,2,1,6.0,1.0,5.0,2.0,1.81,0.71,-0.71,36.9,,,,,
SI,2024-04-16,87.8,-2.84,5.99,"Hendricks, Kyle",677942,543294,field_out,hit_into_play,,,,,5,"Blaze Alexander grounds out, second baseman Nico Hoerner to first baseman Michael Busch.",R,R,R,AZ,CHC,X,4.0,ground_ball,2,2,2024,-1.09,0.91,-0.25,2.19,,,,0,4,Bot,146.28,150.06,,,,,8.427466676286738,-127.61579431528942,-4.884636767980876,-13.603014150440996,26.398523902559084,-21.428515263001334,3.2,1.5,142.0,91.3,9.0,86.9,2005,5.8,747214,665804,683737,663538,666624,621020,664023,641355,672744,54.72,0.534,0.486,0.0,1.0,0.0,0.0,4.0,32,6,Sinker,4,1,4,1,1,4,4,1,Standard,Standard,213,-0.01,-0.227,71.7,6.9,0.593,0.227,91.3,3,3,0.868,0.868,34,25,35,25,2,1,6.0,2.0,5.0,1.0,2.06,1.09,1.09,42.7,1.9065576234373045,9.444286531596008,36.6023102661128,33.74367875462438,22.46880469665996
CH,2024-04-16,80.7,-2.72,5.97,"Hendricks, Kyle",677942,543294,,ball,,,,,14,"Blaze Alexander grounds out, second baseman Nico Hoerner to first baseman Michael Busch.",R,R,R,AZ,CHC,B,,,1,2,2024,-0.13,0.78,1.74,0.9,,,,0,4,Bot,,,,,,,10.056107706666818,-117.06785011219162,-6.025986404066512,-3.050488287465813,21.23327941749277,-24.0548718230455,3.16,1.52,,,,79.9,2263,5.9,747214,665804,683737,663538,666624,621020,664023,641355,672744,54.65,,,,,,,,32,5,Changeup,4,1,4,1,1,4,4,1,Standard,Standard,230,0.0,0.04,,,,-0.04,,3,3,0.868,0.868,34,25,35,25,2,1,6.0,2.0,5.0,1.0,2.73,0.13,0.13,42.4,,,,,
CH,2024-04-16,81.1,-2.83,5.98,"Hendricks, Kyle",677942,543294,,foul,,,,,14,"Blaze Alexander grounds out, second baseman Nico Hoerner to first baseman Michael Busch.",R,R,R,AZ,CHC,S,,,1,2,2024,-0.16,1.1,0.95,1.44,,,,0,4,Bot,,,,,,,8.643294208449753,-117.85345498888368,-5.65366590267544,-2.8996196863113526,19.51076462998211,-21.0080278177516,3.2,1.5,4.0,63.4,-22.0,80.7,2208,5.8,747214,665804,683737,663538,666624,621020,664023,641355,672744,54.71,,,,,,,,32,4,Changeup,4,1,4,1,1,4,4,1,Standard,Standard,233,0.0,0.0,69.5,8.7,,0.0,88.0,3,3,0.868,0.868,34,25,35,25,2,1,6.0,2.0,5.0,1.0,2.34,0.16,0.16,41.2,22.268863374016604,-15.909498082628785,33.71867967031437,47.13968198080899,37.84856673775348
CH,2024-04-16,80.7,-2.8,5.97,"Hendricks, Kyle",677942,543294,,ball,,,,,14,"Blaze Alexander grounds out, second baseman Nico Hoerner to first baseman Michael Busch.",R,R,R,AZ,CHC,B,,,0,2,2024,-0.18,0.84,1.7,0.96,,,,0,4,Bot,,,,,,,10.233661982777477,-117.06406314936146,-6.081305573216213,-3.3954635428258477,19.742579861392997,-23.450850716440943,3.24,1.58,,,,80.1,2144,5.8,747214,665804,683737,663538,666624,621020,664023,641355,672744,54.68,,,,,,,,32,3,Changeup,4,1,4,1,1,4,4,1,Standard,Standard,238,0.0,0.023,,,,-0.023,,3,3,0.868,0.868,34,25,35,25,2,1,6.0,2.0,5.0,1.0,2.65,0.18,0.18,43.1,,,,,
CH,2024-04-16,80.3,-2.84,5.96,"Hendricks, Kyle",677942,543294,,swinging_strike,,,,,14,"Blaze Alexander grounds out, second baseman Nico Hoerner to first baseman Michael Busch.",R,R,R,AZ,CHC,S,,,0,1,2024,-0.28,1.02,1.06,1.34,,,,0,4,Bot,,,,,,,9.047329612998531,-116.65834687303564,-5.491655596698278,-4.087018523820251,19.361146267945028,-21.956567087917,3.2,1.5,,,,79.7,2187,5.7,747214,665804,683737,663538,666624,621020,664023,641355,672744,54.81,,,,,,,,32,2,Changeup,4,1,4,1,1,4,4,1,Standard,Standard,233,0.0,-0.054,69.5,9.2,,0.054,,3,3,0.868,0.868,34,25,35,25,2,1,6.0,2.0,5.0,1.0,2.49,0.28,0.28,41.1,31.42920849656438,-31.110111894970917,35.40482519396503,48.513707495506615,48.805518808176686
SI,2024-04-16,86.5,-2.78,5.93,"Hendricks, Kyle",677942,543294,,called_strike,,,,,6,"Blaze Alexander grounds out, second baseman Nico Hoerner to first baseman Michael Busch.",R,R,R,AZ,CHC,S,,,0,0,2024,-1.01,0.69,0.56,2.39,,,,0,4,Bot,,,,,,,9.876984652900564,-125.61489097355005,-3.653193874373055,-12.527587502278212,22.874495385470414,-24.263049474780026,3.25,1.64,,,,85.9,2041,5.8,747214,665804,683737,663538,666624,621020,664023,641355,672744,54.74,,,,,,,,32,1,Sinker,4,1,4,1,1,4,4,1,Standard,Standard,214,0.0,-0.037,,,,0.037,,3,3,0.868,0.868,34,25,35,25,2,1,6.0,2.0,5.0,1.0,2.34,1.01,1.01,41.4,,,,,
SI,2024-04-16,88.1,-2.72,5.94,"Hendricks, Kyle",553993,543294,field_out,hit_into_play,,,,,4,Eugenio Suárez flies out to right fielder Alexander Canario.,R,R,R,AZ,CHC,X,9.0,fly_ball,2,2,2024,-1.12,0.55,-0.54,2.34,,,,2,3,Bot,156.95,112.99,,,,,7.533551216743835,-128.15712018561462,-3.783057994158544,-13.933055426498358,25.64549169163687,-25.514078240345256,3.44,1.58,230.0,72.0,37.0,87.2,2067,5.7,747214,665804,683737,663538,666624,621020,664023,641355,672744,54.81,0.369,0.339,0.0,1.0,0.0,0.0,3.0,27,7,Sinker,4,1,4,1,1,4,4,1,Standard,Standard,215,-0.005,-0.219,72.1,6.9,0.399,0.219,88.0,3,3,0.829,0.829,34,32,35,33,2,1,6.0,1.0,5.0,1.0,2.38,1.12,1.12,43.5,6.434658803442471,2.233875747376004,43.88468231027748,25.695420096413148,26.081910855242683
CU,2024-04-16,72.8,-2.75,5.95,"Hendricks, Kyle",553993,543294,,foul,,,,,7,Eugenio Suárez flies out to right fielder Alexander Canario.,R,R,R,AZ,CHC,S,,,2,2,2024,1.2,-1.06,-0.34,1.74,,,,2,3,Bot,,,,,,,2.741652761379738,-105.94302107018376,0.8192878683442117,8.420764416504825,20.713851868495997,-40.50930571075422,3.44,1.58,264.0,83.0,29.0,71.5,2960,5.6,747214,665804,683737,663538,666624,621020,664023,641355,672744,54.89,,,,,,,,27,6,Curveball,4,1,4,1,1,4,4,1,Standard,Standard,42,0.0,0.0,69.7,8.2,,0.0,88.0,3,3,0.829,0.829,34,32,35,33,2,1,6.0,1.0,5.0,1.0,5.42,-1.2,-1.2,42.5,25.159011298261685,-32.913862548078846,39.25036866729154,26.7480076937116,53.077205656970655
CH,2024-04-16,80.9,-2.77,5.98,"Hendricks, Kyle",553993,543294,,foul,,,,,5,Eugenio Suárez flies out to right fielder Alexander Canario.,R,R,R,AZ,CHC,S,,,2,2,2024,-0.2,1.12,-0.11,2.72,,,,2,3,Bot,,,,,,,6.229138453544591,-117.70126567600802,-2.783821863208084,-2.9419387330539126,20.81912119523019,-21.40524764234636,3.44,1.58,5.0,65.5,-30.0,80.2,2178,5.7,747214,665804,683737,663538,666624,621020,664023,641355,672744,54.83,,,,,,,,27,5,Changeup,4,1,4,1,1,4,4,1,Standard,Standard,234,0.0,0.0,69.7,7.8,,0.0,88.0,3,3,0.829,0.829,34,32,35,33,2,1,6.0,1.0,5.0,1.0,2.34,0.2,0.2,43.1,32.966676269696265,-17.61630725130863,38.13192017321735,30.843799409787675,42.07022580561033
CH,2024-04-16,81.4,-2.78,6.01,"Hendricks, Kyle",553993,543294,,ball,,,,,13,Eugenio Suárez flies out to right fielder Alexander Canario.,R,R,R,AZ,CHC,B,,,1,2,2024,-1.24,0.74,-0.53,0.14,,,,2,3,Bot,,,,,,,7.312135573345182,-118.20119972538716,-7.900256728177739,-12.97244224149245,22.19813985437468,-23.895616431781065,3.39,1.63,,,,80.4,2259,5.7,747214,665804,683737,663538,666624,621020,664023,641355,672744,54.81,,,,,,,,27,4,Changeup,4,1,4,1,1,4,4,1,Standard,Standard,227,0.0,0.039,,,,-0.039,,3,3,0.829,0.829,34,32,35,33,2,1,6.0,1.0,5.0,1.0,2.71,1.24,1.24,42.9,,,,,
SI,2024-04-16,86.9,-2.79,5.92,"Hendricks, Kyle",553993,543294,,swinging_strike,,,,,7,Eugenio Suárez flies out to right fielder Alexander Canario.,R,R,R,AZ,CHC,S,,,1,1,2024,-1.16,0.64,-0.8,1.78,,,,2,3,Bot,,,,,,,7.0625873240907975,-126.3692640250601,-5.02227709080384,-13.83729289275944,25.01535873023246,-24.500129641666355,3.44,1.58,,,,86.1,2007,5.7,747214,665804,683737,663538,666624,621020,664023,641355,672744,54.77,,,,,,,,27,3,Sinker,4,1,4,1,1,4,4,1,Standard,Standard,216,0.0,-0.064,74.3,7.8,,0.064,,3,3,0.829,0.829,34,32,35,33,2,1,6.0,1.0,5.0,1.0,2.38,1.16,1.16,40.0,17.300273808496424,-13.092231696332508,42.77807492026727,23.16308171617912,31.351054092094707
SI,2024-04-16,87.0,-2.83,5.88,"Hendricks, Kyle",553993,543294,,ball,,,,,11,Eugenio Suárez flies out to right fielder Alexander Canario.,R,R,R,AZ,CHC,B,,,0,1,2024,-1.02,0.71,-1.2,2.78,,,,2,3,Bot,,,,,,,5.929595671411469,-126.7012678660216,-2.7251260436440843,-12.138370481254285,24.431835294485563,-24.19546521422023,3.4,1.58,,,,86.4,2046,5.7,747214,665804,683737,663538,666624,621020,664023,641355,672744,54.77,,,,,,,,27,2,Sinker,4,1,4,1,1,4,4,1,Standard,Standard,213,0.0,0.029,,,,-0.029,,3,3,0.829,0.829,34,32,35,33,2,1,6.0,1.0,5.0,1.0,2.29,1.02,1.02,40.0,,,,,
CU,2024-04-16,73.4,-2.76,5.99,"Hendricks, Kyle",553993,543294,,called_strike,,,,,9,Eugenio Suárez flies out to right fielder Alexander Canario.,R,R,R,AZ,CHC,S,,,0,0,2024,1.25,-0.78,0.61,2.02,,,,2,3,Bot,,,,,,,4.6091569578830285,-106.82903587007571,0.6872903092470892,8.60177218878095,20.40767548608584,-38.47169233839343,3.42,1.63,,,,72.1,2952,5.6,747214,665804,683737,663538,666624,621020,664023,641355,672744,54.94,,,,,,,,27,1,Curveball,4,1,4,1,1,4,4,1,Standard,Standard,47,0.0,-0.041,,,,0.041,,3,3,0.829,0.829,34,32,35,33,2,1,6.0,1.0,5.0,1.0,5.05,-1.25,-1.25,41.9,,,,,
FF,2024-04-16,88.4,-2.87,5.88,"Hendricks, Kyle",592626,543294,home_run,hit_into_play,,,,,2,Joc Pederson homers (1) on a fly ball to right field.,R,L,R,AZ,CHC,X,,fly_ball,1,1,2024,-0.4,1.32,0.11,3.1,,,,2,3,Bot,246.63,81.52,,,,,7.979334544900968,-128.48420159911086,-3.384502900878304,-6.044011775891494,26.56335424529249,-17.079417860388908,3.5,1.69,412.0,109.9,26.0,87.3,2017,5.7,747214,665804,683737,663538,666624,621020,664023,641355,672744,54.85,0.989,2.009,2.0,1.0,0.0,3.0,6.0,26,3,4-Seam Fastball,3,1,3,1,1,4,4,1,Infield shade,Standard,215,0.083,2.606,74.6,7.5,3.909,-2.606,109.9,2,2,0.746,0.746,34,32,35,32,2,1,6.0,1.0,5.0,1.0,1.61,0.4,-0.4,39.5,17.025844483343413,-12.372845312134398,22.84813016445033,30.84455307748052,35.794321646226834
CH,2024-04-16,81.3,-2.85,5.98,"Hendricks, Kyle",592626,543294,,called_strike,,,,,7,Joc Pederson homers (1) on a fly ball to right field.,R,L,R,AZ,CHC,S,,,1,0,2024,-1.2,0.1,-0.82,1.88,,,,2,3,Bot,,,,,,,6.751849629138008,-118.28122829103364,-2.7527512808985115,-12.573125119777194,21.96919323245492,-30.9104034518836,3.29,1.58,,,,80.3,2035,5.5,747214,665804,683737,663538,666624,621020,664023,641355,672744,54.95,,,,,,,,26,2,Changeup,3,1,3,1,1,3,3,1,Standard,Standard,234,0.0,-0.051,,,,0.051,,2,2,0.746,0.746,34,32,35,32,2,1,6.0,1.0,5.0,1.0,3.34,1.2,-1.2,42.3,,,,,
CU,2024-04-16,74.3,-2.85,6.0,"Hendricks, Kyle",592626,543294,,ball,,,,,11,Joc Pederson homers (1) on a fly ball to right field.,R,L,R,AZ,CHC,B,,,0,0,2024,1.18,-0.81,-0.91,2.56,,,,2,3,Bot,,,,,,,1.8841990431438875,-108.12407631354046,1.6350426979887571,8.779512234723695,21.38934882148703,-38.99739166727332,3.29,1.6,,,,73.0,2918,5.6,747214,665804,683737,663538,666624,621020,664023,641355,672744,54.93,,,,,,,,26,1,Curveball,3,1,3,1,1,3,3,1,Standard,Standard,43,0.0,0.04,,,,-0.04,,2,2,0.746,0.746,34,32,35,32,2,1,6.0,1.0,5.0,1.0,4.98,-1.18,1.18,41.9,,,,,
CH,2024-04-16,80.2,-2.84,6.01,"Hendricks, Kyle",572233,543294,field_out,hit_into_play,,,,,1,Christian Walker pops out to shortstop Dansby Swanson.,R,R,R,AZ,CHC,X,6.0,popup,1,1,2024,-0.13,0.91,-0.54,3.36,,,,1,3,Bot,106.72,161.72,,,,,5.255530841047121,-116.74885184023158,-0.927606328804412,-2.0972407397709465,20.65361301152768,-23.856573676752276,3.46,1.55,92.0,79.8,72.0,79.3,2155,5.5,747214,665804,683737,663538,666624,621020,664023,641355,672744,54.98,0.001,0.0,0.0,1.0,0.0,0.0,3.0,25,3,Changeup,3,1,3,1,1,3,3,1,Standard,Standard,225,-0.011,-0.243,78.1,7.4,0.001,0.243,88.0,2,2,0.757,0.757,34,33,35,33,2,1,6.0,1.0,5.0,1.0,2.61,0.13,0.13,39.8,-1.4455315263193953,-16.203568593619384,21.129911956749023,30.959066286880656,33.891214946219684
CU,2024-04-16,75.1,-2.8,5.91,"Hendricks, Kyle",572233,543294,,ball,,,,,14,Christian Walker pops out to shortstop Dansby Swanson.,R,R,R,AZ,CHC,B,,,0,1,2024,1.24,-0.65,1.44,0.49,,,,1,3,Bot,,,,,,,6.502146168184741,-109.2208948081039,-2.791876121408522,8.53188666075924,21.618484768435607,-37.03856299665397,3.48,1.6,,,,73.9,2978,5.7,747214,665804,683737,663538,666624,621020,664023,641355,672744,54.78,,,,,,,,25,2,Curveball,3,1,3,1,1,3,3,1,Standard,Standard,42,0.0,0.024,,,,-0.024,,2,2,0.757,0.757,34,33,35,33,2,1,6.0,1.0,5.0,1.0,4.74,-1.24,-1.24,41.6,,,,,
CH,2024-04-16,79.7,-2.78,6.02,"Hendricks, Kyle",572233,543294,,foul,,,,,6,Christian Walker pops out to shortstop Dansby Swanson.,R,R,R,AZ,CHC,S,,,0,0,2024,-0.26,1.0,0.38,2.79,,,,1,3,Bot,,,,,,,7.342466708616413,-115.901074547462,-2.2514194806489862,-3.6443910548071887,20.74224846111618,-22.87963577713684,3.46,1.55,121.0,73.8,76.0,79.0,2189,5.8,747214,665804,683737,663538,666624,621020,664023,641355,672744,54.74,,,,,,,,25,1,Changeup,3,1,3,1,1,3,3,1,Standard,Standard,228,0.0,-0.037,82.2,7.8,,0.037,88.0,2,2,0.757,0.757,34,33,35,33,2,1,6.0,1.0,5.0,1.0,2.58,0.26,0.26,43.4,16.347162675187068,-4.623808480314835,23.85625533980303,40.9761752828298,38.31217883031073
SI,2024-04-16,88.5,-2.85,5.85,"Hendricks, Kyle",666971,543294,home_run,hit_into_play,,,,,4,Lourdes Gurriel Jr. homers (5) on a fly ball to left field. Ketel Marte scores.,R,R,R,AZ,CHC,X,,fly_ball,2,0,2024,-1.28,0.68,-0.39,2.61,,,606466.0,1,3,Bot,36.64,72.77,,,,,8.56984852843192,-128.6457361564,-3.2443547885276978,-15.934381054376557,25.090099315321613,-24.12172902481013,3.64,1.69,381.0,96.6,34.0,87.7,2048,5.7,747214,665804,683737,663538,666624,621020,664023,641355,672744,54.76,0.206,0.381,2.0,1.0,0.0,3.0,5.0,24,3,Sinker,1,1,1,1,1,3,3,1,Standard,Standard,218,0.2,1.344,74.7,7.6,0.734,-1.344,96.6,0,0,0.557,0.557,34,30,35,31,2,1,6.0,1.0,5.0,1.0,2.22,1.28,1.28,39.3,23.18943875680169,-11.605667702648464,38.78384096944748,29.330115756412606,36.90053783812415
CH,2024-04-16,80.0,-2.77,6.03,"Hendricks, Kyle",666971,543294,,ball,,,,,14,Lourdes Gurriel Jr. homers (5) on a fly ball to left field. Ketel Marte scores.,R,R,R,AZ,CHC,B,,,1,0,2024,-0.48,0.65,0.84,1.47,,,606466.0,1,3,Bot,,,,,,,8.741332261996114,-116.1340346419944,-4.496820394334486,-5.944525798099888,20.84484401830081,-25.652072445753024,3.6,1.78,,,,79.0,2131,5.6,747214,665804,683737,663538,666624,621020,664023,641355,672744,54.89,,,,,,,,24,2,Changeup,1,1,1,1,1,1,1,1,Standard,Standard,233,0.0,0.056,,,,-0.056,,0,0,0.557,0.557,34,30,35,31,2,1,6.0,1.0,5.0,1.0,2.92,0.48,0.48,41.3,,,,,
SI,2024-04-16,87.7,-2.68,5.93,"Hendricks, Kyle",666971,543294,,ball,,,,,12,Lourdes Gurriel Jr. homers (5) on a fly ball to left field. Ketel Marte scores.,R,R,R,AZ,CHC,B,,,0,0,2024,-1.26,0.68,1.2,2.99,,,606466.0,1,3,Bot,,,,,,,11.801983674243662,-127.30724759027044,-2.3714454909403164,-15.972098530997997,24.10067708288046,-24.432852008272672,3.68,1.77,,,,86.8,2079,5.7,747214,665804,683737,663538,666624,621020,664023,641355,672744,54.83,,,,,,,,24,1,Sinker,1,1,1,1,1,1,1,1,Standard,Standard,213,0.0,0.036,,,,-0.036,,0,0,0.557,0.557,34,30,35,31,2,1,6.0,1.0,5.0,1.0,2.28,1.26,1.26,41.4,,,,,
FF,2024-04-16,87.8,-2.94,5.81,"Hendricks, Kyle",682998,543294,field_out,hit_into_play,,,,,5,Corbin Carroll pops out to shortstop Dansby Swanson.,R,L,R,AZ,CHC,X,6.0,popup,0,0,2024,-0.64,1.32,-0.07,2.22,,,606466.0,0,3,Bot,116.52,116.34,,,,,8.157458323089699,-127.57153866625332,-5.268310228505256,-8.612751540223625,24.451100090186863,-16.80350540321859,3.12,1.46,210.0,91.6,60.0,87.0,2078,5.7,747214,665804,683737,663538,666624,621020,664023,641355,672744,54.77,0.014,0.018,0.0,1.0,0.0,0.0,3.0,23,1,4-Seam Fastball,1,1,1,1,1,1,1,1,Standard,Standard,221,-0.037,-0.246,72.1,7.0,0.025,0.246,91.6,0,0,0.594,0.594,34,23,35,24,2,1,6.0,1.0,5.0,1.0,1.63,0.64,-0.64,35.9,0.3107313470630475,-2.607735338164913,24.284128485406747,36.80308027630515,38.894910517019184
SI,2024-04-16,87.5,-2.8,5.91,"Hendricks, Kyle",606466,543294,single,hit_into_play,,,,,8,Ketel Marte singles on a ground ball to center fielder Cody Bellinger.,R,L,R,AZ,CHC,X,8.0,ground_ball,1,0,2024,-1.22,0.4,0.24,2.14,,,,0,3,Bot,161.89,90.75,,,,,9.724432150370024,-127.03987205956092,-3.746089787085056,-15.200264869311608,25.66478671796636,-27.24625835750751,3.64,1.7,74.0,97.2,2.0,86.6,2029,5.8,747214,665804,683737,663538,666624,621020,664023,641355,672744,54.72,0.494,0.471,0.9,1.0,1.0,0.0,4.0,22,2,Sinker,1,1,1,1,1,1,1,1,Standard,Standard,219,0.04,0.41,71.0,6.8,0.571,-0.41,97.2,0,0,0.554,0.554,34,30,35,31,2,1,6.0,1.0,5.0,1.0,2.59,1.22,-1.22,41.2,-1.1367747185010912,6.770648055790959,36.35053787551417,28.955032851742608,33.19136388157388
CH,2024-04-16,81.7,-2.82,5.99,"Hendricks, Kyle",606466,543294,,ball,,,,,11,Ketel Marte singles on a ground ball to center fielder Cody Bellinger.,R,L,R,AZ,CHC,B,,,0,0,2024,-1.34,0.68,-1.02,3.45,,,,0,3,Bot,,,,,,,6.520112918657192,-118.85886396034444,-0.4500368016262455,-13.912867847444035,23.181605142996105,-25.86958062433392,3.64,1.7,,,,80.3,2251,5.4,747214,665804,683737,663538,666624,621020,664023,641355,672744,55.11,,,,,,,,22,1,Changeup,1,1,1,1,1,1,1,1,,,231,0.0,0.038,,,,-0.038,,0,0,0.554,0.554,34,30,35,31,2,1,6.0,1.0,5.0,1.0,2.74,1.34,-1.34,,,,,,
CH,2024-04-16,81.3,-2.88,5.95,"Hendricks, Kyle",571466,543294,field_out,hit_into_play,,,,,13,"Tucker Barnhart grounds out, shortstop Dansby Swanson to first baseman Michael Busch.",R,L,R,AZ,CHC,X,6.0,ground_ball,1,2,2024,-1.22,0.52,-1.31,2.08,,677942.0,,2,2,Bot,114.01,152.59,,,,,5.727355915032267,-118.2320486927032,-3.048670697661663,-12.52021399079083,21.713903698649357,-26.963222368522104,3.11,1.46,7.0,81.7,-14.0,80.1,2110,5.4,747214,665804,683737,663538,666624,621020,664023,641355,672744,55.1,0.083,0.057,0.0,1.0,0.0,0.0,2.0,16,4,Changeup,1,0,1,0,0,1,1,0,Strategic,Strategic,228,-0.03,-0.211,62.8,7.2,0.09,0.211,88.0,1,1,0.647,0.647,34,33,35,33,1,0,6.0,2.0,5.0,1.0,2.93,1.22,-1.22,41.8,8.555840126119053,15.826236205400596,30.88016652816858,50.73390409910125,20.492186364701286
FF,2024-04-16,88.5,-2.99,5.77,"Hendricks, Kyle",571466,543294,,foul,,,,,7,"Tucker Barnhart grounds out, shortstop Dansby Swanson to first baseman Michael Busch.",R,L,R,AZ,CHC,S,,,1,1,2024,-0.41,1.05,-0.3,1.64,,677942.0,,2,2,Bot,,,,,,,7.305141573603872,-128.6999535033194,-6.122065828206791,-6.024517047645157,25.724049864910125,-19.4454193020618,3.11,1.46,193.0,69.8,36.0,87.5,2139,5.6,747214,665804,683737,663538,666624,621020,664023,641355,672744,54.87,,,,,,,,16,3,4-Seam Fastball,1,0,1,0,0,1,1,0,Standard,Strategic,221,0.0,-0.06,77.6,7.2,,0.06,88.0,1,1,0.647,0.647,34,33,35,33,1,0,6.0,2.0,5.0,1.0,1.86,0.41,-0.41,37.7,3.0669080228748693,26.91663297973673,38.21711110384528,38.61707701192706,18.288746671985088
CH,2024-04-16,80.7,-2.85,5.98,"Hendricks, Kyle",571466,543294,,blocked_ball,,,,,13,"Tucker Barnhart grounds out, shortstop Dansby Swanson to first baseman Michael Busch.",R,L,R,AZ,CHC,B,,,0,1,2024,-1.27,0.26,-0.54,0.35,,677942.0,,2,2,Bot,,,,,,,7.445874365462429,-117.25672628281934,-6.314737601089156,-13.146877114377924,21.335222587927223,-28.730409372804345,3.2,1.47,,,,79.7,2202,5.6,747214,665804,683737,663538,666624,621020,664023,641355,672744,54.92,,,,,,,,16,2,Changeup,1,0,1,0,0,1,1,0,Standard,Strategic,229,0.0,0.012,,,,-0.012,,1,1,0.647,0.647,34,33,35,33,1,0,6.0,2.0,5.0,1.0,3.23,1.27,-1.27,41.9,,,,,
SI,2024-04-16,87.0,-2.71,5.92,"Hendricks, Kyle",571466,543294,,called_strike,,,,,3,"Tucker Barnhart grounds out, shortstop Dansby Swanson to first baseman Michael Busch.",R,L,R,AZ,CHC,S,,,0,0,2024,-1.3,0.71,0.3,3.1,,677942.0,,2,2,Bot,,,,,,,9.713242777958891,-126.46001007647072,-2.052545687392389,-15.8208615938466,23.98068164934447,-24.31546824947714,3.26,1.53,,,,86.1,2022,5.6,747214,665804,683737,663538,666624,621020,664023,641355,672744,54.91,,,,,,,,16,1,Sinker,1,0,1,0,0,1,1,0,Strategic,Strategic,215,0.0,-0.04,,,,0.04,,1,1,0.647,0.647,34,33,35,33,1,0,6.0,2.0,5.0,1.0,2.29,1.3,-1.3,39.4,,,,,
CH,2024-04-16,80.2,-2.89,6.06,"Hendricks, Kyle",664983,543294,field_out,hit_into_play,,,,,13,"Jake McCarthy grounds out, second baseman Nico Hoerner to first baseman Michael Busch. Blaze Alexander to 2nd.",R,L,R,AZ,CHC,X,4.0,ground_ball,0,0,2024,-1.53,0.27,-1.25,1.86,,,677942.0,1,2,Bot,136.34,162.48,,,,,6.403945835981907,-116.5641467080603,-3.050136498003326,-15.137651668799696,21.857216606238747,-29.336754393086107,3.46,1.68,2.0,59.0,-40.0,79.0,2155,5.5,747214,665804,683737,663538,666624,621020,664023,641355,672744,55.0,0.163,0.188,0.0,1.0,0.0,0.0,1.0,15,1,Changeup,1,0,1,0,0,1,1,0,Standard,Standard,227,-0.015,-0.314,74.4,7.7,0.166,0.314,88.0,1,1,0.662,0.662,34,26,35,27,1,0,6.0,1.0,5.0,2.0,3.28,1.53,-1.53,41.3,16.40610472054019,-2.071524487668193,33.87021522042769,51.87170981985046,35.81131138844111
CH,2024-04-16,80.7,-2.75,6.01,"Hendricks, Kyle",677942,543294,force_out,hit_into_play,,,,,6,"Blaze Alexander grounds into a force out, third baseman Christopher Morel to second baseman Nico Hoerner. Joc Pederson scores. Eugenio Suárez out at 2nd. Blaze Alexander to 1st.",R,R,R,AZ,CHC,X,5.0,ground_ball,0,2,2024,-0.13,0.95,0.73,2.37,592626.0,,553993.0,0,2,Bot,103.6,162.73,,,,,7.87006497510601,-117.29953122153472,-3.2590609671767234,-2.5535878480428624,20.5497630421181,-22.93006928654717,3.2,1.5,4.0,78.2,-29.0,79.8,2084,5.6,747214,665804,683737,663538,666624,621020,664023,641355,672744,54.92,0.043,0.066,0.0,1.0,0.0,0.0,2.0,14,3,Changeup,0,0,0,0,0,1,1,0,Standard,Standard,236,-0.017,-0.177,69.2,7.7,0.044,0.177,88.0,0,0,0.679,0.679,34,25,35,25,1,0,6.0,2.0,5.0,1.0,2.53,0.13,0.13,43.4,16.682823591414152,-0.8058547631270784,29.698042572288944,45.4600137155731,30.53822540850518
SI,2024-04-16,88.1,-2.75,5.96,"Hendricks, Kyle",677942,543294,,foul,,,,,13,"Blaze Alexander grounds into a force out, third baseman Christopher Morel to second baseman Nico Hoerner. Joc Pederson scores. Eugenio Suárez out at 2nd. Blaze Alexander to 1st.",R,R,R,AZ,CHC,S,,,0,1,2024,-1.18,0.6,-0.83,1.74,592626.0,,553993.0,0,2,Bot,,,,,,,7.019017312032594,-128.1989728189995,-5.411455674699939,-14.376164367526505,23.40625447063101,-24.695648730927985,3.2,1.5,2.0,61.0,-37.0,87.5,1998,5.7,747214,665804,683737,663538,666624,621020,664023,641355,672744,54.85,,,,,,,,14,2,Sinker,0,0,0,0,0,0,0,0,Standard,Standard,215,0.0,-0.066,70.2,7.3,,0.066,88.0,0,0,0.679,0.679,34,25,35,25,1,0,6.0,2.0,5.0,1.0,2.31,1.18,1.18,40.2,12.72757896366556,2.045210744986738,43.2695500741755,27.319021326511773,24.14121096552529
SI,2024-04-16,88.1,-2.76,5.96,"Hendricks, Kyle",677942,543294,,foul,,,,,13,"Blaze Alexander grounds into a force out, third baseman Christopher Morel to second baseman Nico Hoerner. Joc Pederson scores. Eugenio Suárez out at 2nd. Blaze Alexander to 1st.",R,R,R,AZ,CHC,S,,,0,0,2024,-1.25,0.66,-0.88,1.75,592626.0,,553993.0,0,2,Bot,,,,,,,7.056041809484568,-128.177001858085,-5.4811659229879925,-15.199876920523629,24.202187700275505,-24.01870504967116,3.2,1.5,2.0,76.1,-39.0,87.4,1981,5.6,747214,665804,683737,663538,666624,621020,664023,641355,672744,54.86,,,,,,,,14,1,Sinker,0,0,0,0,0,0,0,0,Standard,Standard,211,0.0,-0.04,71.1,7.5,,0.04,88.0,0,0,0.679,0.679,34,25,35,25,1,0,6.0,2.0,5.0,1.0,2.26,1.25,1.25,42.7,14.05868056624794,0.5164809344604292,44.522378734769305,26.36934986782968,25.898167577414725
FF,2024-04-16,88.6,-2.85,5.85,"Hendricks, Kyle",553993,543294,single,hit_into_play,,,,,6,Eugenio Suárez singles on a line drive to center fielder Cody Bellinger. Joc Pederson to 3rd.,R,R,R,AZ,CHC,X,8.0,line_drive,2,2,2024,-0.57,1.21,0.42,2.75,,,592626.0,0,2,Bot,142.4,95.43,,,,,9.05927383372715,-128.62485976051792,-3.939015790631824,-8.286989314431313,27.55296377243072,-18.14520216078761,3.44,1.58,263.0,96.8,18.0,87.3,2200,5.6,747214,665804,683737,663538,666624,621020,664023,641355,672744,54.85,0.4,0.438,0.9,1.0,1.0,0.0,4.0,13,5,4-Seam Fastball,0,0,0,0,0,0,0,0,Standard,Standard,219,0.091,0.462,72.7,7.4,0.631,-0.462,96.8,0,0,0.588,0.588,34,32,35,33,1,0,6.0,1.0,5.0,1.0,1.72,0.57,0.57,40.2,15.607500070087584,8.116537013282766,34.87620629926893,38.882277754020855,26.169707277318853
SI,2024-04-16,88.2,-2.77,5.98,"Hendricks, Kyle",553993,543294,,ball,,,,,11,Eugenio Suárez singles on a line drive to center fielder Cody Bellinger. Joc Pederson to 3rd.,R,R,R,AZ,CHC,B,,,1,2,2024,-1.3,0.56,-1.39,2.9,,,592626.0,0,2,Bot,,,,,,,5.9689975532763855,-128.41433967240002,-2.5786055371165624,-15.58029884684306,25.927215739885607,-25.615087324284325,3.43,1.62,,,,87.3,2014,5.6,747214,665804,683737,663538,666624,621020,664023,641355,672744,54.88,,,,,,,,13,4,Sinker,0,0,0,0,0,0,0,0,Standard,Standard,214,0.0,0.045,,,,-0.045,,0,0,0.588,0.588,34,32,35,33,1,0,6.0,1.0,5.0,1.0,2.36,1.3,1.3,41.0,,,,,
CH,2024-04-16,78.9,-2.79,6.01,"Hendricks, Kyle",553993,543294,,foul,,,,,3,Eugenio Suárez singles on a line drive to center fielder Cody Bellinger. Joc Pederson to 3rd.,R,R,R,AZ,CHC,S,,,1,1,2024,-0.29,1.07,0.29,3.04,,,592626.0,0,2,Bot,,,,,,,7.146214142751782,-114.71631056296202,-1.6420051409929577,-3.838202887833362,20.247845738351245,-22.63172569779863,3.44,1.58,98.0,82.0,7.0,78.1,2070,5.6,747214,665804,683737,663538,666624,621020,664023,641355,672744,54.85,,,,,,,,13,3,Changeup,0,0,0,0,0,0,0,0,Standard,Standard,234,0.0,-0.049,74.8,8.2,,0.049,88.0,0,0,0.588,0.588,34,32,35,33,1,0,6.0,1.0,5.0,1.0,2.59,0.29,0.29,41.5,29.48578700682299,-20.04539952689799,33.12486542344348,37.58988534665511,44.66514070610927
CH,2024-04-16,79.4,-2.83,6.0,"Hendricks, Kyle",553993,543294,,swinging_strike,,,,,5,Eugenio Suárez singles on a line drive to center fielder Cody Bellinger. Joc Pederson to 3rd.,R,R,R,AZ,CHC,S,,,1,0,2024,-0.62,1.25,0.25,2.52,,,592626.0,0,2,Bot,,,,,,,7.758661306879119,-115.45583184296424,-3.194972530263069,-6.870424241486014,19.917928880669905,-20.57393513311825,3.44,1.58,,,,78.4,2117,5.5,747214,665804,683737,663538,666624,621020,664023,641355,672744,55.01,,,,,,,,13,2,Changeup,0,0,0,0,0,0,0,0,Standard,Standard,231,0.0,-0.049,75.8,9.0,,0.049,,0,0,0.588,0.588,34,32,35,33,1,0,6.0,1.0,5.0,1.0,2.35,0.62,0.62,41.0,37.58543436723091,-48.11411149744394,38.2469089453905,37.268571963184485,56.24347443619361
SI,2024-04-16,87.7,-2.83,6.0,"Hendricks, Kyle",553993,543294,,ball,,,,,11,Eugenio Suárez singles on a line drive to center fielder Cody Bellinger. Joc Pederson to 3rd.,R,R,R,AZ,CHC,B,,,0,0,2024,-0.97,0.73,-1.25,3.24,,,592626.0,0,2,Bot,,,,,,,5.738228776500969,-127.67005311331997,-2.0942509894618406,-11.766854899287344,23.832779490313225,-23.89634642093585,3.5,1.6,,,,87.0,2003,5.6,747214,665804,683737,663538,666624,621020,664023,641355,672744,54.86,,,,,,,,13,1,Sinker,0,0,0,0,0,0,0,0,Standard,Standard,212,0.0,0.042,,,,-0.042,,0,0,0.588,0.588,34,32,35,33,1,0,6.0,1.0,5.0,1.0,2.21,0.97,0.97,41.4,,,,,
SI,2024-04-16,86.1,-2.71,5.99,"Hendricks, Kyle",592626,543294,hit_by_pitch,hit_by_pitch,,,,,14,Joc Pederson hit by pitch.,R,L,R,AZ,CHC,B,,,1,0,2024,-0.68,0.68,2.38,2.24,,,,0,2,Bot,,,,,,,13.270440593117817,-124.70263442897196,-4.014490060414803,-9.618182811700615,22.904395715372296,-24.366036375851696,3.5,1.69,,,,85.1,2011,5.7,747214,665804,683737,663538,666624,621020,664023,641355,672744,54.79,,0.720192,0.7,1.0,0.0,0.0,,12,2,Sinker,0,0,0,0,0,0,0,0,Infield shade,Strategic,211,0.038,0.413,,,,-0.413,,0,0,0.55,0.55,34,32,35,32,1,0,6.0,1.0,5.0,1.0,2.4,0.68,-0.68,43.5,,,,,
SI,2024-04-16,86.7,-2.89,5.94,"Hendricks, Kyle",592626,543294,,ball,,,,,12,Joc Pederson hit by pitch.,R,L,R,AZ,CHC,B,,,0,0,2024,-0.79,0.69,0.38,4.01,,,,0,2,Bot,,,,,,,9.307334893354106,-125.938379456094,0.1535118805793801,-10.290817496498246,25.03131686417714,-25.025016511593403,3.42,1.74,,,,85.8,2052,5.7,747214,665804,683737,663538,666624,621020,664023,641355,672744,54.77,,,,,,,,12,1,Sinker,0,0,0,0,0,0,0,0,Infield shade,Strategic,219,0.0,0.038,,,,-0.038,,0,0,0.55,0.55,34,32,35,32,1,0,6.0,1.0,5.0,1.0,2.34,0.79,-0.79,40.7,,,,,
CU,2024-04-16,74.1,-2.74,5.96,"Hendricks, Kyle",572233,543294,strikeout,called_strike,,,,,14,Christian Walker called out on strikes.,R,R,R,AZ,CHC,S,2.0,,1,2,2024,1.32,-1.05,1.0,1.68,,,682998.0,2,1,Bot,,,,,,,5.255334299323205,-107.77072068649916,0.4423174675518291,9.122333940415018,21.854927329993103,-40.61703611918664,3.55,1.66,,,,72.6,3082,5.5,747214,665804,683737,663538,666624,621020,664023,641355,672744,54.97,,0.0,0.0,1.0,0.0,0.0,,7,4,Curveball,0,0,0,0,0,0,0,0,Standard,Standard,38,-0.022,-0.196,,,,0.196,,0,0,0.522,0.522,34,33,35,33,1,0,6.0,1.0,5.0,1.0,5.27,-1.32,-1.32,42.1,,,,,
FF,2024-04-16,88.4,-2.79,5.83,"Hendricks, Kyle",572233,543294,,ball,,,,,12,Christian Walker called out on strikes.,R,R,R,AZ,CHC,B,,,0,2,2024,-0.48,1.14,1.81,2.56,,,682998.0,2,1,Bot,,,,,,,12.05964643081289,-128.2814885900049,-4.260343861013455,-7.693070839947451,25.029241321057796,-18.779467412053545,3.51,1.59,,,,87.6,2157,5.8,747214,665804,683737,663538,666624,621020,664023,641355,672744,54.69,,,,,,,,7,3,4-Seam Fastball,0,0,0,0,0,0,0,0,Standard,Standard,216,0.0,0.027,,,,-0.027,,0,0,0.522,0.522,34,33,35,33,1,0,6.0,1.0,5.0,1.0,1.77,0.48,0.48,39.2,,,,,
CH,2024-04-16,80.2,-2.77,5.97,"Hendricks, Kyle",572233,543294,,foul,,,,,2,Christian Walker called out on strikes.,R,R,R,AZ,CHC,S,,,0,1,2024,-0.38,0.97,0.12,2.88,,,682998.0,2,1,Bot,,,,,,,7.018176912006084,-116.70538019378358,-1.9987914183553144,-4.762467692224854,20.98357627003002,-23.072851309444932,3.46,1.55,163.0,72.2,68.0,79.5,2124,5.7,747214,665804,683737,663538,666624,621020,664023,641355,672744,54.79,,,,,,,,7,2,Changeup,0,0,0,0,0,0,0,0,Standard,Standard,228,0.0,-0.054,74.6,7.8,,0.054,88.0,0,0,0.522,0.522,34,33,35,33,1,0,6.0,1.0,5.0,1.0,2.56,0.38,0.38,41.6,13.35903020190803,-16.57976014578238,24.55636457410676,37.99353547728596,38.528591938363775
FF,2024-04-16,88.0,-2.74,5.88,"Hendricks, Kyle",572233,543294,,called_strike,,,,,1,Christian Walker called out on strikes.,R,R,R,AZ,CHC,S,,,0,0,2024,-0.3,1.18,-0.38,3.21,,,682998.0,2,1,Bot,,,,,,,6.265177782991661,-128.1060348607553,-2.8402113150983523,-4.492580708645932,24.845602367356165,-18.70684938597386,3.37,1.54,,,,87.3,1995,5.7,747214,665804,683737,663538,666624,621020,664023,641355,672744,54.79,,,,,,,,7,1,4-Seam Fastball,0,0,0,0,0,0,0,0,Standard,Standard,215,0.0,-0.047,,,,0.047,,0,0,0.522,0.522,34,33,35,33,1,0,6.0,1.0,5.0,1.0,1.74,0.3,0.3,40.2,,,,,
FF,2024-04-16,87.6,-2.84,5.8,"Hendricks, Kyle",666971,543294,field_out,hit_into_play,,,,,9,Lourdes Gurriel Jr. lines out sharply to center fielder Cody Bellinger.,R,R,R,AZ,CHC,X,8.0,line_drive,0,0,2024,-0.52,1.21,0.32,2.22,,,682998.0,1,1,Bot,115.48,51.54,,,,,8.594168629773977,-127.30077890479023,-4.938696015859287,-7.417193743879548,26.49244007082966,-18.13573046835265,3.64,1.69,366.0,102.4,20.0,86.5,2109,5.7,747214,665804,683737,663538,666624,621020,664023,641355,672744,54.81,0.471,0.615,0.0,1.0,0.0,0.0,5.0,6,1,4-Seam Fastball,0,0,0,0,0,0,0,0,Standard,Standard,220,-0.028,-0.255,69.5,7.6,0.986,0.255,102.4,0,0,0.55,0.55,34,30,35,31,1,0,6.0,1.0,5.0,1.0,1.77,0.52,0.52,38.7,16.04743352660555,4.882764615351679,36.72417551097775,39.24561580517285,28.36965286661933
FF,2024-04-16,88.2,-3.06,5.75,"Hendricks, Kyle",682998,543294,walk,ball,,,,,13,Corbin Carroll walks.,R,L,R,AZ,CHC,B,,,3,1,2024,-0.57,1.13,-1.16,1.99,,,,1,1,Bot,,,,,,,5.730565723223066,-128.22074549167422,-5.345456280720554,-7.487623517116935,26.32879928548751,-18.764434066148524,3.17,1.55,,,,87.3,2069,5.8,747214,665804,683737,663538,666624,621020,664023,641355,672744,54.75,,0.689131,0.7,1.0,0.0,0.0,,5,5,4-Seam Fastball,0,0,0,0,0,0,0,0,Infield shade,Standard,222,0.024,0.256,,,,-0.256,,0,0,0.526,0.526,34,23,35,24,1,0,6.0,1.0,5.0,1.0,1.8,0.57,-0.57,34.6,,,,,
SI,2024-04-16,87.5,-2.94,5.85,"Hendricks, Kyle",682998,543294,,ball,,,,,14,Corbin Carroll walks.,R,L,R,AZ,CHC,B,,,2,1,2024,-0.84,0.31,1.64,1.99,,,,1,1,Bot,,,,,,,12.57658234736238,-126.8545078494344,-3.786849066154193,-11.505299521148102,24.658605189638116,-28.167542884491485,3.09,1.52,,,,86.5,1980,5.7,747214,665804,683737,663538,666624,621020,664023,641355,672744,54.76,,,,,,,,5,4,Sinker,0,0,0,0,0,0,0,0,Standard,Standard,217,0.0,0.122,,,,-0.122,,0,0,0.526,0.526,34,23,35,24,1,0,6.0,1.0,5.0,1.0,2.67,0.84,-0.84,40.6,,,,,
CH,2024-04-16,82.0,-2.98,5.96,"Hendricks, Kyle",682998,543294,,ball,,,,,13,Corbin Carroll walks.,R,L,R,AZ,CHC,B,,,1,1,2024,-1.0,0.37,-0.1,0.54,,,,1,1,Bot,,,,,,,8.299336615508654,-119.119452748847,-6.344189564699287,-11.103657564930913,22.699061376253702,-27.56280901467807,3.11,1.48,,,,80.9,2166,5.6,747214,665804,683737,663538,666624,621020,664023,641355,672744,54.88,,,,,,,,5,3,Changeup,0,0,0,0,0,0,0,0,Standard,Standard,230,0.0,0.059,,,,-0.059,,0,0,0.526,0.526,34,23,35,24,1,0,6.0,1.0,5.0,1.0,3.03,1.0,-1.0,41.6,,,,,
SI,2024-04-16,87.6,-2.92,5.91,"Hendricks, Kyle",682998,543294,,ball,,,,,12,Corbin Carroll walks.,R,L,R,AZ,CHC,B,,,0,1,2024,-1.08,0.5,0.01,3.55,,,,1,1,Bot,,,,,,,9.168874313443894,-127.25824337379666,-0.6185748849808658,-13.605229201531245,24.620365053472334,-26.78723062088319,3.17,1.52,,,,86.6,2000,5.6,747214,665804,683737,663538,666624,621020,664023,641355,672744,54.86,,,,,,,,5,2,Sinker,0,0,0,0,0,0,0,0,Standard,Standard,216,0.0,0.024,,,,-0.024,,0,0,0.526,0.526,34,23,35,24,1,0,6.0,1.0,5.0,1.0,2.46,1.08,-1.08,40.3,,,,,
FF,2024-04-16,87.8,-3.03,5.84,"Hendricks, Kyle",682998,543294,,swinging_strike,,,,,11,Corbin Carroll walks.,R,L,R,AZ,CHC,S,,,0,0,2024,-0.28,1.14,-0.28,3.34,,,,1,1,Bot,,,,,,,7.157336448409052,-127.74646788360914,-2.289899906370351,-4.514572306970682,25.24622313559823,-19.43024207782886,3.12,1.46,,,,86.9,1994,5.7,747214,665804,683737,663538,666624,621020,664023,641355,672744,54.84,,,,,,,,5,1,4-Seam Fastball,0,0,0,0,0,0,0,0,Standard,Standard,218,0.0,-0.037,77.3,6.9,,0.037,,0,0,0.526,0.526,34,23,35,24,1,0,6.0,1.0,5.0,1.0,1.81,0.28,-0.28,38.7,10.790051586878285,6.979166010924107,12.288399525801234,37.70846347672229,28.248848697629512
CH,2024-04-16,82.8,-2.92,5.98,"Hendricks, Kyle",606466,543294,strikeout,swinging_strike,,,,,13,Ketel Marte strikes out swinging.,R,L,R,AZ,CHC,S,2.0,,0,2,2024,-1.1,0.48,-1.36,1.25,,,,0,1,Bot,,,,,,,5.630732013104971,-120.38044426908012,-5.192449853212026,-11.797057843485929,23.403453858563537,-26.654209386117287,3.64,1.7,,,,81.6,2170,5.6,747214,665804,683737,663538,666624,621020,664023,641355,672744,54.94,,0.0,0.0,1.0,0.0,0.0,,4,3,Changeup,0,0,0,0,0,0,0,0,Infield shade,Standard,228,-0.021,-0.163,69.3,8.3,,0.163,,0,0,0.547,0.547,34,30,35,31,1,0,6.0,1.0,5.0,1.0,2.85,1.1,-1.1,39.8,15.092273443235708,-15.001165245483405,36.12370500390392,47.401444901518936,46.85090044276269
CH,2024-04-16,81.7,-2.92,5.99,"Hendricks, Kyle",606466,543294,,swinging_strike,,,,,13,Ketel Marte strikes out swinging.,R,L,R,AZ,CHC,S,,,0,1,2024,-1.33,0.64,-1.35,1.76,,,,0,1,Bot,,,,,,,6.004253497841756,-118.74090880248772,-4.103531417349593,-13.781768849594927,23.27410427125943,-25.51312172452205,3.64,1.7,,,,80.4,2175,5.5,747214,665804,683737,663538,666624,621020,664023,641355,672744,55.01,,,,,,,,4,2,Changeup,0,0,0,0,0,0,0,0,Standard,Standard,226,0.0,-0.054,63.5,8.3,,0.054,,0,0,0.547,0.547,34,30,35,31,1,0,6.0,1.0,5.0,1.0,2.79,1.33,-1.33,40.9,17.563604467855576,-19.407142141678637,34.4550844784267,47.61987374092613,48.582908101861065
FF,2024-04-16,87.8,-2.93,5.83,"Hendricks, Kyle",606466,543294,,called_strike,,,,,7,Ketel Marte strikes out swinging.,R,L,R,AZ,CHC,S,,,0,0,2024,-0.44,1.21,-0.41,2.13,,,,0,1,Bot,,,,,,,6.936705688879482,-127.70708520686463,-5.303394042110236,-6.277414731900317,26.257794863606268,-18.040813714911813,3.32,1.59,,,,86.8,2005,5.7,747214,665804,683737,663538,666624,621020,664023,641355,672744,54.81,,,,,,,,4,1,4-Seam Fastball,0,0,0,0,0,0,0,0,Standard,Standard,217,0.0,-0.037,,,,0.037,,0,0,0.547,0.547,34,30,35,31,1,0,6.0,1.0,5.0,1.0,1.75,0.44,-0.44,38.4,,,,,
FF,2024-04-10,86.8,-2.99,5.83,"Hendricks, Kyle",595777,543294,home_run,hit_into_play,,,,,3,Jurickson Profar homers (2) on a fly ball to right field. Manny Machado scores.,R,L,R,SD,CHC,X,,fly_ball,0,1,2024,-0.54,1.24,0.4,3.03,,,592518.0,0,6,Bot,240.22,102.48,,,,,9.08365931128715,-126.05106952682662,-2.951024139956588,-7.771140206733601,27.92879117549091,-18.58072767164585,3.31,1.61,367.0,101.5,39.0,85.2,2023,5.6,745429,665804,683737,670156,666624,621020,643565,641355,673548,54.92,0.269,0.532,2.0,1.0,0.0,3.0,5.0,46,2,4-Seam Fastball,5,2,5,2,2,7,7,2,Standard,Standard,223,0.048,1.098,76.4,7.1,1.029,-1.098,101.5,3,3,0.929,0.929,34,31,35,31,3,2,5.0,1.0,6.0,2.0,1.82,0.54,-0.54,39.0,19.82320246473362,-16.581426872689732,27.69818881566624,29.6112829151446,35.58609744570599
SI,2024-04-10,86.7,-2.9,5.86,"Hendricks, Kyle",595777,543294,,foul,,,,,6,Jurickson Profar homers (2) on a fly ball to right field. Manny Machado scores.,R,L,R,SD,CHC,S,,,0,0,2024,-0.97,0.54,0.55,2.4,,,592518.0,0,6,Bot,,,,,,,10.055963375601868,-125.92841990602408,-3.119046699611917,-12.344150859068666,25.53556809881549,-25.964822771623,3.31,1.61,9.0,73.0,-14.0,85.5,1959,5.6,745429,665804,683737,670156,666624,621020,643565,641355,673548,54.91,,,,,,,,46,1,Sinker,5,2,5,2,2,5,5,2,Standard,Standard,214,0.0,-0.042,70.3,7.5,,0.042,88.0,3,3,0.929,0.929,34,31,35,31,3,2,5.0,1.0,6.0,2.0,2.5,0.97,-0.97,39.3,14.720835271451223,-13.942594901772708,35.7224128696927,27.3836268313854,33.17161565585811
SI,2024-04-10,88.3,-2.97,5.86,"Hendricks, Kyle",592518,543294,single,hit_into_play,,,,,13,Manny Machado singles on a ground ball to left fielder Mike Tauchman.,R,R,R,SD,CHC,X,7.0,ground_ball,2,2,2024,-1.16,0.42,-0.43,1.5,,,,0,6,Bot,82.77,126.59,,,,,8.493426858343224,-128.24710191653574,-5.369844115918542,-14.524702357647836,24.966457281319716,-26.617412051447875,3.65,1.68,16.0,107.9,-5.0,87.4,2005,5.7,745429,665804,683737,670156,666624,621020,643565,641355,673548,54.79,0.391,0.33,0.9,1.0,1.0,0.0,2.0,45,5,Sinker,5,2,5,2,2,5,5,2,Standard,Standard,212,0.011,0.476,75.8,7.9,0.401,-0.476,107.9,3,3,0.918,0.918,34,31,35,32,3,2,5.0,1.0,6.0,2.0,2.5,1.16,1.16,40.1,6.346876552947204,-6.417851511852462,33.04376699634646,34.73132001283938,35.77345241374997
CH,2024-04-10,80.5,-2.89,5.94,"Hendricks, Kyle",592518,543294,,ball,,,,,14,Manny Machado singles on a ground ball to left fielder Mike Tauchman.,R,R,R,SD,CHC,B,,,1,2,2024,-0.16,0.82,1.87,1.7,,,,0,6,Bot,,,,,,,10.713094388764736,-116.81760721258718,-4.297862383815572,-3.2325748555487386,19.24795838869932,-24.017314376038268,3.49,1.65,,,,79.9,2033,5.7,745429,665804,683737,670156,666624,621020,643565,641355,673548,54.76,,,,,,,,45,4,Changeup,5,2,5,2,2,5,5,2,Standard,Standard,231,0.0,0.04,,,,-0.04,,3,3,0.918,0.918,34,31,35,32,3,2,5.0,1.0,6.0,2.0,2.68,0.16,0.16,41.6,,,,,
SI,2024-04-10,87.3,-2.9,5.92,"Hendricks, Kyle",592518,543294,,ball,,,,,14,Manny Machado singles on a ground ball to left fielder Mike Tauchman.,R,R,R,SD,CHC,B,,,0,2,2024,-1.02,0.3,1.22,2.04,,,,0,6,Bot,,,,,,,11.842337188068884,-126.75396918606236,-3.846211963495299,-13.158106620371743,22.43756106906505,-28.34117046420127,3.56,1.68,,,,86.8,2004,5.8,745429,665804,683737,670156,666624,621020,643565,641355,673548,54.72,,,,,,,,45,3,Sinker,5,2,5,2,2,5,5,2,Standard,Standard,212,0.0,0.023,,,,-0.023,,3,3,0.918,0.918,34,31,35,32,3,2,5.0,1.0,6.0,2.0,2.67,1.02,1.02,43.3,,,,,
SI,2024-04-10,87.8,-3.08,5.84,"Hendricks, Kyle",592518,543294,,foul,,,,,13,Manny Machado singles on a ground ball to left fielder Mike Tauchman.,R,R,R,SD,CHC,S,,,0,1,2024,-1.53,0.62,-1.28,2.42,,,,0,6,Bot,,,,,,,7.420987443916767,-127.69522242946069,-3.4453030563920035,-18.26607647078832,24.52794661548262,-24.840485649087768,3.65,1.68,6.0,86.5,-24.0,87.1,2012,5.7,745429,665804,683737,670156,666624,621020,643565,641355,673548,54.8,,,,,,,,45,2,Sinker,5,2,5,2,2,5,5,2,Standard,Standard,212,0.0,-0.054,79.5,7.8,,0.054,88.0,3,3,0.918,0.918,34,31,35,32,3,2,5.0,1.0,6.0,2.0,2.32,1.53,1.53,41.0,9.61809460074125,-14.139292842629832,28.32624812334812,24.28884965107074,36.4871728509078
CH,2024-04-10,79.7,-2.85,5.99,"Hendricks, Kyle",592518,543294,,foul,,,,,7,Manny Machado singles on a ground ball to left fielder Mike Tauchman.,R,R,R,SD,CHC,S,,,0,0,2024,-0.3,0.95,-0.29,2.13,,,,0,6,Bot,,,,,,,6.122572498156575,-116.03178126364116,-3.608735399215577,-3.7341293856839206,18.704481048638453,-23.056830675551872,3.65,1.68,179.0,77.8,65.0,79.3,2203,5.7,745429,665804,683737,670156,666624,621020,643565,641355,673548,54.81,,,,,,,,45,1,Changeup,5,2,5,2,2,5,5,2,Standard,Standard,227,0.0,-0.037,63.7,8.5,,0.037,88.0,3,3,0.918,0.918,34,31,35,32,3,2,5.0,1.0,6.0,2.0,2.59,0.3,0.3,43.2,21.44936610791929,-37.04555264898618,26.20976340104259,35.745792370149275,52.22701255503594
CH,2024-04-10,81.0,-3.01,5.9,"Hendricks, Kyle",630105,543294,home_run,hit_into_play,,,,,8,Jake Cronenworth homers (2) on a fly ball to right field.,R,L,R,SD,CHC,X,,fly_ball,1,0,2024,-1.33,0.72,0.04,1.76,,,,0,6,Bot,232.95,86.91,,,,,9.20705678136976,-117.72221090119956,-3.998669767848388,-14.064415183562268,19.686685455767595,-24.934653385163777,3.33,1.6,381.0,103.1,33.0,80.4,2159,5.6,745429,665804,683737,670156,666624,621020,643565,641355,673548,54.85,0.611,1.225,2.0,1.0,0.0,3.0,6.0,44,2,Changeup,4,2,4,2,2,5,5,2,Standard,Standard,235,0.066,1.076,73.3,8.4,2.367,-1.076,103.1,2,2,0.852,0.852,34,30,35,30,3,2,5.0,1.0,6.0,2.0,2.73,1.33,-1.33,41.3,15.511268185281384,-24.99537857792766,39.36912770411462,33.70859025240806,41.93535314863126
FF,2024-04-10,87.2,-3.22,5.75,"Hendricks, Kyle",630105,543294,,ball,,,,,11,Jake Cronenworth homers (2) on a fly ball to right field.,R,L,R,SD,CHC,B,,,0,0,2024,-0.7,1.28,-2.01,3.33,,,,0,6,Bot,,,,,,,4.286763925705165,-126.96008919268114,-2.283828836246506,-8.454548447720558,24.318705170116548,-18.06992414643791,3.35,1.6,,,,86.4,2052,5.6,745429,665804,683737,670156,666624,621020,643565,641355,673548,54.89,,,,,,,,44,1,4-Seam Fastball,4,2,4,2,2,4,4,2,Standard,Standard,220,0.0,0.038,,,,-0.038,,2,2,0.852,0.852,34,30,35,30,3,2,5.0,1.0,6.0,2.0,1.7,0.7,-0.7,37.7,,,,,
SI,2024-04-10,88.4,-2.83,5.85,"Hendricks, Kyle",665487,543294,field_out,hit_into_play,,,,,14,"Fernando Tatis Jr. grounds out, second baseman Miles Mastrobuoni to first baseman Michael Busch.",R,R,R,SD,CHC,X,4.0,ground_ball,0,1,2024,-1.15,0.7,0.29,1.73,,,,2,5,Bot,135.36,160.47,,,,,9.897380151121745,-128.2989441675144,-5.343579321650063,-14.733944757820286,26.223792505881573,-23.484422503333693,3.82,1.86,33.0,101.3,-1.0,87.6,2088,5.9,745429,665804,683737,670156,666624,621020,643565,641355,673548,54.61,0.394,0.355,0.0,1.0,0.0,0.0,4.0,40,2,Sinker,4,2,4,2,2,4,4,2,Standard,Standard,213,-0.006,-0.215,73.5,7.5,0.42,0.215,101.3,2,2,0.795,0.795,34,25,35,25,3,2,5.0,1.0,6.0,2.0,2.23,1.15,1.15,41.4,6.176085930759496,15.588242928460687,30.98405986877958,40.51848097489912,21.53264473200423
CH,2024-04-10,80.8,-2.93,5.93,"Hendricks, Kyle",665487,543294,,swinging_strike,,,,,14,"Fernando Tatis Jr. grounds out, second baseman Miles Mastrobuoni to first baseman Michael Busch.",R,R,R,SD,CHC,S,,,0,0,2024,-0.22,0.89,1.56,1.3,,,,2,5,Bot,,,,,,,10.27334130288208,-117.12647132280924,-5.246919880542991,-4.066089893721851,23.245716587861512,-23.103640943744413,3.82,1.86,,,,79.6,2114,5.8,745429,665804,683737,670156,666624,621020,643565,641355,673548,54.71,,,,,,,,40,1,Changeup,4,2,4,2,2,4,4,2,Standard,Standard,229,0.0,-0.041,37.8,7.2,,0.041,,2,2,0.795,0.795,34,25,35,25,3,2,5.0,1.0,6.0,2.0,2.64,0.22,0.22,43.2,11.523437263169663,8.542219373536069,31.908885795690736,53.97593792194009,33.68761548649292
SI,2024-04-10,88.0,-2.96,5.92,"Hendricks, Kyle",593428,543294,field_out,hit_into_play,,,,,7,"Xander Bogaerts grounds out, third baseman Christopher Morel to first baseman Michael Busch.",R,R,R,SD,CHC,X,5.0,ground_ball,2,2,2024,-1.31,0.75,-0.42,1.81,,,,1,5,Bot,99.73,165.36,,,,,8.783278982401109,-127.79592983160778,-5.354916558974627,-16.178984633449794,25.98341350617179,-23.042743911728333,3.53,1.6,8.0,96.1,-13.0,87.0,1914,5.8,745429,665804,683737,670156,666624,621020,643565,641355,673548,54.74,0.186,0.185,0.0,1.0,0.0,0.0,2.0,39,5,Sinker,4,2,4,2,2,4,4,2,Standard,Standard,214,-0.011,-0.225,78.4,7.6,0.193,0.225,96.1,2,2,0.806,0.806,34,31,35,32,3,2,5.0,1.0,6.0,2.0,2.2,1.31,1.31,43.4,15.92932832966068,-1.071758599041084,39.57676638073833,31.586622674254627,37.05169178858293
CH,2024-04-10,80.4,-2.83,5.96,"Hendricks, Kyle",593428,543294,,ball,,,,,14,"Xander Bogaerts grounds out, third baseman Christopher Morel to first baseman Michael Busch.",R,R,R,SD,CHC,B,,,1,2,2024,-0.05,0.89,1.34,2.19,,,,1,5,Bot,,,,,,,9.237361478864962,-116.81652467171436,-3.3745007870821957,-2.0433001569737423,20.43275961220424,-23.51290471594337,3.54,1.65,,,,79.8,2205,5.8,745429,665804,683737,670156,666624,621020,643565,641355,673548,54.72,,,,,,,,39,4,Changeup,4,2,4,2,2,4,4,2,Standard,Standard,233,0.0,0.043,,,,-0.043,,2,2,0.806,0.806,34,31,35,32,3,2,5.0,1.0,6.0,2.0,2.62,0.05,0.05,43.3,,,,,
CH,2024-04-10,79.8,-2.96,5.98,"Hendricks, Kyle",593428,543294,,foul,,,,,6,"Xander Bogaerts grounds out, third baseman Christopher Morel to first baseman Michael Busch.",R,R,R,SD,CHC,S,,,1,1,2024,-0.31,0.65,0.72,2.7,,,,1,5,Bot,,,,,,,8.570315493817992,-115.9904774695607,-1.6961510246397666,-4.394374328762853,21.247201785910207,-26.22369670680915,3.53,1.6,175.0,66.4,34.0,78.9,2093,5.7,745429,665804,683737,670156,666624,621020,643565,641355,673548,54.83,,,,,,,,39,3,Changeup,4,2,4,2,2,4,4,2,Standard,Standard,237,0.0,-0.061,68.6,7.2,,0.061,88.0,2,2,0.806,0.806,34,31,35,32,3,2,5.0,1.0,6.0,2.0,2.94,0.31,0.31,42.2,10.979478884867664,7.358220689891144,27.540815501907524,44.36396678585615,32.592490604700885
SI,2024-04-10,87.8,-2.98,5.86,"Hendricks, Kyle",593428,543294,,ball,,,,,11,"Xander Bogaerts grounds out, third baseman Christopher Morel to first baseman Michael Busch.",R,R,R,SD,CHC,B,,,0,1,2024,-1.24,0.49,-1.01,3.54,,,,1,5,Bot,,,,,,,7.249201921088384,-127.72285536050012,-0.5422402917102578,-15.065497062311405,24.74680096849282,-26.905218521573712,3.65,1.77,,,,87.0,1931,5.6,745429,665804,683737,670156,666624,621020,643565,641355,673548,54.86,,,,,,,,39,2,Sinker,4,2,4,2,2,4,4,2,Standard,Standard,216,0.0,0.024,,,,-0.024,,2,2,0.806,0.806,34,31,35,32,3,2,5.0,1.0,6.0,2.0,2.46,1.24,1.24,42.8,,,,,
CH,2024-04-10,79.7,-3.03,5.96,"Hendricks, Kyle",593428,543294,,foul,,,,,5,"Xander Bogaerts grounds out, third baseman Christopher Morel to first baseman Michael Busch.",R,R,R,SD,CHC,S,,,0,0,2024,-0.6,1.0,0.07,2.81,,,,1,5,Bot,,,,,,,7.816891612390516,-115.78055021524597,-2.0284440295059296,-6.81404819836894,21.6291044561321,-22.971196508344736,3.53,1.6,176.0,75.6,68.0,78.7,2026,5.7,745429,665804,683737,670156,666624,621020,643565,641355,673548,54.85,,,,,,,,39,1,Changeup,4,2,4,2,2,4,4,2,Standard,Standard,235,0.0,-0.037,71.5,7.7,,0.037,88.0,2,2,0.806,0.806,34,31,35,32,3,2,5.0,1.0,6.0,2.0,2.6,0.6,0.6,41.7,23.35098943589325,-19.981665289682773,30.977997382030274,37.07068815714662,47.84857141846842
CH,2024-04-10,81.8,-2.98,5.93,"Hendricks, Kyle",642180,543294,field_out,hit_into_play,,,,,13,Tyler Wade grounds out to first baseman Michael Busch.,R,L,R,SD,CHC,X,3.0,ground_ball,0,2,2024,-1.61,0.31,-0.35,0.8,,,,0,5,Bot,156.67,166.57,,,,,8.922096449289027,-118.71954922488148,-5.528290474015651,-16.969859103783232,22.51391994435193,-28.29641787725634,3.17,1.54,3.0,91.9,-17.0,80.8,2127,5.7,745429,665804,683737,670156,666624,621020,643565,641355,673548,54.79,0.1,0.106,0.0,1.0,0.0,0.0,2.0,38,4,Changeup,4,2,4,2,2,4,4,2,Standard,Standard,238,-0.014,-0.163,63.0,7.7,0.1,0.163,91.9,2,2,0.82,0.82,34,29,35,30,2,1,5.0,1.0,6.0,2.0,3.11,1.61,-1.61,42.4,13.817254952524252,-12.2793295801607,37.79615627509202,38.99887981597273,34.67152629312428
FF,2024-04-10,88.4,-3.14,5.72,"Hendricks, Kyle",642180,543294,,foul,,,,,7,Tyler Wade grounds out to first baseman Michael Busch.,R,L,R,SD,CHC,S,,,0,2,2024,-0.62,1.24,-0.29,1.87,,,,0,5,Bot,,,,,,,8.100989849249736,-128.45000985196248,-5.809816838335758,-8.487123017118016,26.471050787031498,-17.386630640813564,3.17,1.54,222.0,73.5,35.0,87.2,2014,5.6,745429,665804,683737,670156,666624,621020,643565,641355,673548,54.93,,,,,,,,38,3,4-Seam Fastball,4,2,4,2,2,4,4,2,Standard,Standard,224,0.0,0.0,63.1,6.3,,0.0,88.0,2,2,0.82,0.82,34,29,35,30,2,1,5.0,1.0,6.0,2.0,1.68,0.62,-0.62,37.4,-4.902022861580633,13.565501595152622,38.129457596450266,36.79789814543231,17.075920729591452
FF,2024-04-10,86.0,-3.09,5.86,"Hendricks, Kyle",642180,543294,,foul,,,,,3,Tyler Wade grounds out to first baseman Michael Busch.,R,L,R,SD,CHC,S,,,0,1,2024,-0.45,1.36,0.46,3.28,,,,0,5,Bot,,,,,,,9.147689546695538,-124.90520114539378,-2.526502624691028,-6.619010371257081,26.905047661582056,-17.63784969906741,3.17,1.54,,,,84.3,2056,5.4,745429,665804,683737,670156,666624,621020,643565,641355,673548,55.05,,,,,,,,38,2,4-Seam Fastball,4,2,4,2,2,4,4,2,Standard,Standard,214,0.0,-0.054,63.0,5.2,,0.054,,2,2,0.82,0.82,34,29,35,30,2,1,5.0,1.0,6.0,2.0,1.75,0.45,-0.45,39.4,-0.9971985484599752,15.15343289854081,32.9165560912998,29.09650371447694,14.733254701535138
FF,2024-04-10,86.4,-3.08,5.85,"Hendricks, Kyle",642180,543294,,called_strike,,,,,13,Tyler Wade grounds out to first baseman Michael Busch.,R,L,R,SD,CHC,S,,,0,0,2024,-0.6,1.35,-0.84,2.01,,,,0,5,Bot,,,,,,,6.440999867345052,-125.65082178183545,-5.59564216593052,-7.71460700619988,25.7161835256376,-16.92319484935328,3.4,1.58,,,,85.0,2115,5.4,745429,665804,683737,670156,666624,621020,643565,641355,673548,55.06,,,,,,,,38,1,4-Seam Fastball,4,2,4,2,2,4,4,2,Standard,Standard,212,0.0,-0.037,,,,0.037,,2,2,0.82,0.82,34,29,35,30,2,1,5.0,1.0,6.0,2.0,1.71,0.6,-0.6,39.9,,,,,
CU,2024-04-10,74.6,-3.1,5.97,"Hendricks, Kyle",701538,543294,field_out,hit_into_play,,,,,3,Jackson Merrill lines out to second baseman Miles Mastrobuoni.,R,L,R,SD,CHC,X,4.0,line_drive,0,0,2024,1.24,-0.65,0.58,2.93,,,,2,4,Bot,153.19,146.21,,,,,5.306379896495202,-108.4747934071441,2.121164119355063,8.654660484341127,21.195678338417945,-37.91340932057236,3.52,1.61,152.0,73.4,15.0,73.1,2940,5.5,745429,665804,683737,670156,666624,621020,643565,641355,673548,55.01,0.531,0.478,0.0,1.0,0.0,0.0,4.0,32,1,Curveball,4,2,4,2,2,4,4,2,Strategic,Standard,45,-0.007,-0.256,70.4,6.8,0.531,0.256,88.0,2,2,0.768,0.768,34,21,35,21,2,1,5.0,1.0,6.0,2.0,4.79,-1.24,1.24,42.6,3.1454308451427324,0.9938140662218846,35.63187217151469,31.174182282792916,27.45441907453272
SI,2024-04-10,88.5,-2.89,5.82,"Hendricks, Kyle",669134,543294,field_out,hit_into_play,,,,,7,"Luis Campusano grounds out softly, shortstop Dansby Swanson to first baseman Michael Busch. Ha-Seong Kim scores.",R,R,R,SD,CHC,X,6.0,ground_ball,1,1,2024,-1.53,0.45,-0.32,1.6,673490.0,,,1,4,Bot,114.19,165.19,,,,,9.359978009399414,-128.4351412485539,-5.091942404254444,-18.915044260043505,27.057466655718795,-26.300025490659603,3.46,1.64,1.0,77.7,-46.0,87.5,1965,5.8,745429,665804,683737,670156,666624,621020,643565,641355,673548,54.65,0.129,0.11,0.0,1.0,0.0,0.0,2.0,31,3,Sinker,3,2,3,2,2,4,4,2,Strategic,Standard,219,0.026,-0.237,65.7,6.6,0.129,0.237,88.0,1,1,0.742,0.742,34,25,35,26,2,1,5.0,1.0,6.0,2.0,2.48,1.53,1.53,40.3,-11.915832192817884,17.838838366616997,38.33628053919423,31.96337283623505,13.357175069831154
CH,2024-04-10,80.1,-2.76,5.93,"Hendricks, Kyle",669134,543294,,blocked_ball,,,,,14,"Luis Campusano grounds out softly, shortstop Dansby Swanson to first baseman Michael Busch. Ha-Seong Kim scores.",R,R,R,SD,CHC,B,,,0,1,2024,-0.31,1.02,1.62,0.67,673490.0,,,1,4,Bot,,,,,,,10.09064688673626,-116.17592927613993,-6.738474908063644,-4.6352604829288575,21.332439309297143,-21.79728249293099,3.21,1.61,,,,79.0,2146,5.6,745429,665804,683737,670156,666624,621020,643565,641355,673548,54.88,,,,,,,,31,2,Changeup,3,2,3,2,2,3,3,2,Strategic,Standard,245,0.0,0.025,,,,-0.025,,1,1,0.742,0.742,34,25,35,26,2,1,5.0,1.0,6.0,2.0,2.55,0.31,0.31,40.6,,,,,
CH,2024-04-10,80.3,-2.89,5.92,"Hendricks, Kyle",669134,543294,,called_strike,,,,,9,"Luis Campusano grounds out softly, shortstop Dansby Swanson to first baseman Michael Busch. Ha-Seong Kim scores.",R,R,R,SD,CHC,S,,,0,0,2024,-0.77,1.25,0.59,1.82,673490.0,,,1,4,Bot,,,,,,,8.997176105180422,-116.54523639307736,-4.67390957136857,-8.631256724954174,21.065545656864163,-20.050007872716566,3.23,1.56,,,,79.2,2153,5.6,745429,665804,683737,670156,666624,621020,643565,641355,673548,54.89,,,,,,,,31,1,Changeup,3,2,3,2,2,3,3,2,Strategic,Standard,227,0.0,-0.049,,,,0.049,,1,1,0.742,0.742,34,25,35,26,2,1,5.0,1.0,6.0,2.0,2.29,0.77,0.77,42.0,,,,,
SI,2024-04-10,88.2,-2.94,5.85,"Hendricks, Kyle",673490,543294,triple,hit_into_play,,,,,6,Ha-Seong Kim triples (2) on a sharp line drive to center fielder Cody Bellinger.,R,R,R,SD,CHC,X,8.0,line_drive,1,2,2024,-1.2,0.47,0.28,2.74,,,,1,4,Bot,151.39,83.04,,,,,10.16654283761605,-128.05113664279642,-2.435305392332187,-15.19444078044216,24.76748285707317,-26.645789377954696,3.34,1.59,296.0,102.3,14.0,87.3,2028,5.7,745429,665804,683737,670156,666624,621020,643565,641355,673548,54.79,0.751,0.752,1.6,1.0,1.0,2.0,4.0,30,4,Sinker,3,2,3,2,2,3,3,2,Standard,Standard,214,0.072,1.161,67.8,6.5,1.016,-1.161,102.3,1,1,0.67,0.67,34,28,35,29,2,1,5.0,1.0,6.0,2.0,2.45,1.2,1.2,40.7,7.392820683667819,9.69039886343648,22.433985310204825,38.77139476604877,30.661557710114675
CH,2024-04-10,80.9,-2.97,5.92,"Hendricks, Kyle",673490,543294,,ball,,,,,14,Ha-Seong Kim triples (2) on a sharp line drive to center fielder Cody Bellinger.,R,R,R,SD,CHC,B,,,0,2,2024,-0.8,0.41,0.9,0.74,,,,1,4,Bot,,,,,,,10.018824143000158,-117.28691292854566,-5.612827155637158,-9.229566851551551,21.96898054098932,-27.44802828761912,3.35,1.56,,,,80.0,2217,5.9,745429,665804,683737,670156,666624,621020,643565,641355,673548,54.64,,,,,,,,30,3,Changeup,3,2,3,2,2,3,3,2,Standard,Standard,233,0.0,0.02,,,,-0.02,,1,1,0.67,0.67,34,28,35,29,2,1,5.0,1.0,6.0,2.0,3.09,0.8,0.8,39.9,,,,,
SI,2024-04-10,87.7,-2.85,5.86,"Hendricks, Kyle",673490,543294,,called_strike,,,,,9,Ha-Seong Kim triples (2) on a sharp line drive to center fielder Cody Bellinger.,R,R,R,SD,CHC,S,,,0,1,2024,-1.4,0.42,0.67,2.21,,,,1,4,Bot,,,,,,,11.236278188584835,-127.15035242445988,-3.486559050870932,-17.492507010991847,25.8894643084792,-27.107469226795256,3.49,1.65,,,,86.6,1982,5.8,745429,665804,683737,670156,666624,621020,643565,641355,673548,54.71,,,,,,,,30,2,Sinker,3,2,3,2,2,3,3,2,Standard,Standard,214,0.0,-0.057,,,,0.057,,1,1,0.67,0.67,34,28,35,29,2,1,5.0,1.0,6.0,2.0,2.57,1.4,1.4,41.0,,,,,
SI,2024-04-10,88.0,-3.02,5.86,"Hendricks, Kyle",673490,543294,,foul,,,,,4,Ha-Seong Kim triples (2) on a sharp line drive to center fielder Cody Bellinger.,R,R,R,SD,CHC,S,,,0,0,2024,-1.33,0.65,-0.6,2.42,,,,1,4,Bot,,,,,,,8.564587930349521,-127.95650976329053,-3.581230604208601,-16.402300861000565,25.159965083318543,-24.45262522302206,3.34,1.59,197.0,67.2,57.0,87.4,2077,5.9,745429,665804,683737,670156,666624,621020,643565,641355,673548,54.62,,,,,,,,30,1,Sinker,3,2,3,2,2,3,3,2,Standard,Standard,217,0.0,-0.037,72.6,7.1,,0.037,88.0,1,1,0.67,0.67,34,28,35,29,2,1,5.0,1.0,6.0,2.0,2.28,1.33,1.33,41.1,7.378701846036607,-13.618739985748132,26.23772056914741,27.74897066059464,37.02656793202978
CH,2024-04-10,82.4,-2.96,5.87,"Hendricks, Kyle",595777,543294,double,hit_into_play,,,,,13,"Jurickson Profar doubles (5) on a sharp line drive to center fielder Cody Bellinger. Manny Machado scores. Jurickson Profar out at 3rd on the throw, center fielder Cody Bellinger to second baseman Miles Mastrobuoni to third baseman Christopher Morel.",R,L,R,SD,CHC,X,8.0,line_drive,3,2,2024,-1.52,0.33,-1.09,2.19,,,592518.0,0,4,Bot,161.41,73.37,,,,,7.058718552279166,-119.83565830872122,-2.501887295281472,-15.959143611105816,22.25525298421617,-28.664556690520698,3.31,1.61,231.0,102.7,11.0,81.4,2262,5.5,745429,665804,683737,670156,666624,621020,643565,641355,673548,54.97,0.914,0.898,1.25,1.0,1.0,1.0,4.0,29,6,Changeup,2,2,2,2,2,3,3,2,Standard,Standard,227,0.068,0.628,83.5,7.6,1.149,-0.628,102.7,0,0,0.602,0.602,34,31,35,31,2,1,5.0,1.0,6.0,2.0,3.01,1.52,-1.52,38.3,6.185263448624202,-12.283815382054998,24.981301666641137,47.84155664535929,36.3229216256978
CH,2024-04-10,82.1,-2.93,5.92,"Hendricks, Kyle",595777,543294,,blocked_ball,,,,,14,"Jurickson Profar doubles (5) on a sharp line drive to center fielder Cody Bellinger. Manny Machado scores. Jurickson Profar out at 3rd on the throw, center fielder Cody Bellinger to second baseman Miles Mastrobuoni to third baseman Christopher Morel.",R,L,R,SD,CHC,B,,,2,2,2024,-1.32,0.71,0.07,0.58,,,592518.0,0,4,Bot,,,,,,,9.186222936425317,-119.13577996592618,-6.865185947650696,-14.2783410444187,20.64908902036256,-24.2647150756672,3.21,1.61,,,,81.1,2210,5.5,745429,665804,683737,670156,666624,621020,643565,641355,673548,54.96,,,,,,,,29,5,Changeup,2,2,2,2,2,2,2,2,Standard,Standard,228,0.0,0.117,,,,-0.117,,0,0,0.602,0.602,34,31,35,31,2,1,5.0,1.0,6.0,2.0,2.66,1.32,-1.32,40.3,,,,,
SI,2024-04-10,88.4,-2.83,5.9,"Hendricks, Kyle",595777,543294,,ball,,,,,12,"Jurickson Profar doubles (5) on a sharp line drive to center fielder Cody Bellinger. Manny Machado scores. Jurickson Profar out at 3rd on the throw, center fielder Cody Bellinger to second baseman Miles Mastrobuoni to third baseman Christopher Morel.",R,L,R,SD,CHC,B,,,1,2,2024,-1.18,0.57,1.17,3.02,,,592518.0,0,4,Bot,,,,,,,12.053885547320702,-128.21849138677203,-2.082405642044969,-15.527871110590704,26.11898421545714,-25.622776551040666,3.19,1.56,,,,87.4,2071,5.8,745429,665804,683737,670156,666624,621020,643565,641355,673548,54.71,,,,,,,,29,4,Sinker,2,2,2,2,2,2,2,2,Standard,Standard,210,0.0,0.045,,,,-0.045,,0,0,0.602,0.602,34,31,35,31,2,1,5.0,1.0,6.0,2.0,2.36,1.18,-1.18,41.7,,,,,
CH,2024-04-10,79.7,-3.07,5.93,"Hendricks, Kyle",595777,543294,,foul,,,,,11,"Jurickson Profar doubles (5) on a sharp line drive to center fielder Cody Bellinger. Manny Machado scores. Jurickson Profar out at 3rd on the throw, center fielder Cody Bellinger to second baseman Miles Mastrobuoni to third baseman Christopher Morel.",R,L,R,SD,CHC,S,,,1,1,2024,-1.4,0.52,-0.84,3.4,,,592518.0,0,4,Bot,,,,,,,7.408778068097329,-115.88850426223586,0.1581854265704609,-13.983091107826713,19.876970468066254,-27.69360926675849,3.31,1.61,252.0,87.4,49.0,78.9,2191,5.6,745429,665804,683737,670156,666624,621020,643565,641355,673548,54.9,,,,,,,,29,3,Changeup,2,2,2,2,2,2,2,2,Standard,Standard,230,0.0,-0.049,68.9,6.4,,0.049,88.0,0,0,0.602,0.602,34,31,35,31,2,1,5.0,1.0,6.0,2.0,3.05,1.4,-1.4,39.2,12.597967954866888,16.480615355450677,20.40808412570848,45.403459621646746,24.206094380481737
CH,2024-04-10,80.8,-3.05,5.92,"Hendricks, Kyle",595777,543294,,called_strike,,,,,5,"Jurickson Profar doubles (5) on a sharp line drive to center fielder Cody Bellinger. Manny Machado scores. Jurickson Profar out at 3rd on the throw, center fielder Cody Bellinger to second baseman Miles Mastrobuoni to third baseman Christopher Morel.",R,L,R,SD,CHC,S,,,1,0,2024,-1.41,0.36,0.14,2.74,,,592518.0,0,4,Bot,,,,,,,9.644815595468692,-117.41707363355192,-1.1356640674774137,-14.781608285617724,20.58516447159039,-28.866467975734743,3.33,1.63,,,,80.1,2169,5.7,745429,665804,683737,670156,666624,621020,643565,641355,673548,54.78,,,,,,,,29,2,Changeup,2,2,2,2,2,2,2,2,Standard,Standard,233,0.0,-0.049,,,,0.049,,0,0,0.602,0.602,34,31,35,31,2,1,5.0,1.0,6.0,2.0,3.12,1.41,-1.41,40.9,,,,,
CH,2024-04-10,81.2,-3.05,5.95,"Hendricks, Kyle",595777,543294,,ball,,,,,11,"Jurickson Profar doubles (5) on a sharp line drive to center fielder Cody Bellinger. Manny Machado scores. Jurickson Profar out at 3rd on the throw, center fielder Cody Bellinger to second baseman Miles Mastrobuoni to third baseman Christopher Morel.",R,L,R,SD,CHC,B,,,0,0,2024,-1.43,0.68,-0.01,3.71,,,592518.0,0,4,Bot,,,,,,,9.343234894067365,-117.82053343766358,0.3218198399320974,-15.08319460067051,23.059198553888223,-26.108760056261406,3.35,1.65,,,,79.6,2147,5.4,745429,665804,683737,670156,666624,621020,643565,641355,673548,55.06,,,,,,,,29,1,Changeup,2,2,2,2,2,2,2,2,Standard,Standard,227,0.0,0.042,,,,-0.042,,0,0,0.602,0.602,34,31,35,31,2,1,5.0,1.0,6.0,2.0,2.8,1.43,-1.43,40.5,,,,,
SI,2024-04-10,89.3,-2.91,5.88,"Hendricks, Kyle",592518,543294,single,hit_into_play,,,,,8,Manny Machado singles on a line drive to center fielder Cody Bellinger.,R,R,R,SD,CHC,X,8.0,line_drive,1,2,2024,-1.52,0.58,-0.21,2.19,,,,0,4,Bot,160.12,78.36,,,,,9.73927276417326,-129.62191847529658,-4.198516752002877,-19.15347354932378,28.07415205457579,-24.915032213984915,3.65,1.68,270.0,91.0,15.0,88.3,2024,5.9,745429,665804,683737,670156,666624,621020,643565,641355,673548,54.61,0.946,0.898,0.9,1.0,1.0,0.0,4.0,28,6,Sinker,2,2,2,2,2,2,2,2,Standard,Standard,211,0.043,0.516,74.5,7.7,1.112,-0.516,91.0,0,0,0.559,0.559,34,31,35,32,2,1,5.0,1.0,6.0,2.0,2.3,1.52,1.52,42.5,0.3440160297552712,3.1358177262072235,24.65574943586962,37.13633899864425,25.936849408832444
CH,2024-04-10,80.7,-2.97,5.98,"Hendricks, Kyle",592518,543294,,foul,,,,,12,Manny Machado singles on a line drive to center fielder Cody Bellinger.,R,R,R,SD,CHC,S,,,1,2,2024,-0.62,0.95,1.11,3.12,,,,0,4,Bot,,,,,,,10.101918022086464,-117.10021743934055,-1.4901738250567824,-7.519450128990314,21.12994676104916,-23.33288746319844,3.65,1.68,181.0,66.4,42.0,79.8,2158,5.7,745429,665804,683737,670156,666624,621020,643565,641355,673548,54.78,,,,,,,,28,5,Changeup,2,2,2,2,2,2,2,2,Standard,Standard,223,0.0,0.0,60.8,8.3,,0.0,88.0,0,0,0.559,0.559,34,31,35,32,2,1,5.0,1.0,6.0,2.0,2.56,0.62,0.62,42.7,0.608808327401031,-26.018142777336774,20.64295894300274,50.6806141937361,43.17897553677204
SI,2024-04-10,88.4,-3.13,5.87,"Hendricks, Kyle",592518,543294,,ball,,,,,11,Manny Machado singles on a line drive to center fielder Cody Bellinger.,R,R,R,SD,CHC,B,,,0,2,2024,-1.43,0.85,-1.36,3.26,,,,0,4,Bot,,,,,,,7.23567680628637,-128.51198877584176,-2.066699295641921,-17.36365493475622,25.7776271272436,-22.54051491267236,3.7,1.72,,,,87.8,2053,5.9,745429,665804,683737,670156,666624,621020,643565,641355,673548,54.6,,,,,,,,28,4,Sinker,2,2,2,2,2,2,2,2,Standard,Standard,221,0.0,0.023,,,,-0.023,,0,0,0.559,0.559,34,31,35,32,2,1,5.0,1.0,6.0,2.0,2.07,1.43,1.43,41.6,,,,,
CU,2024-04-10,73.1,-3.02,5.95,"Hendricks, Kyle",592518,543294,,foul,,,,,8,Manny Machado singles on a line drive to center fielder Cody Bellinger.,R,R,R,SD,CHC,S,,,0,2,2024,1.29,-1.14,0.16,1.94,,,,0,4,Bot,,,,,,,4.152238795239459,-106.1489091142729,1.492459487872142,8.557856267151072,24.14508482699849,-41.20070294804778,3.65,1.68,110.0,52.5,31.0,71.5,2935,5.9,745429,665804,683737,670156,666624,621020,643565,641355,673548,54.58,,,,,,,,28,3,Curveball,2,2,2,2,2,2,2,2,Standard,Standard,50,0.0,0.0,71.7,8.3,,0.0,88.0,0,0,0.559,0.559,34,31,35,32,2,1,5.0,1.0,6.0,2.0,5.54,-1.29,-1.29,43.5,15.052068032363373,-36.38008075979594,24.28740369816041,38.89721622425296,52.259993769669336
SI,2024-04-10,88.1,-2.98,5.89,"Hendricks, Kyle",592518,543294,,foul,,,,,4,Manny Machado singles on a line drive to center fielder Cody Bellinger.,R,R,R,SD,CHC,S,,,0,1,2024,-1.21,0.93,-0.37,2.84,,,,0,4,Bot,,,,,,,8.784026743923157,-128.00567158356722,-3.2133516497364143,-15.144049475481603,25.584585231607143,-21.480688337105867,3.65,1.68,188.0,71.0,22.0,87.6,2036,6.0,745429,665804,683737,670156,666624,621020,643565,641355,673548,54.52,,,,,,,,28,2,Sinker,2,2,2,2,2,2,2,2,Standard,Standard,216,0.0,-0.054,76.8,7.7,,0.054,88.0,0,0,0.559,0.559,34,31,35,32,2,1,5.0,1.0,6.0,2.0,2.01,1.21,1.21,41.1,8.614891959113622,-0.7944029175388901,26.787524144602312,35.2136226119861,30.34249123916294
SI,2024-04-10,87.1,-3.02,5.88,"Hendricks, Kyle",592518,543294,,foul,,,,,5,Manny Machado singles on a line drive to center fielder Cody Bellinger.,R,R,R,SD,CHC,S,,,0,0,2024,-1.25,0.68,0.11,2.86,,,,0,4,Bot,,,,,,,10.00079744775868,-126.4381775820627,-2.441546724733737,-15.421722069819603,24.976988516629607,-24.58538852788988,3.65,1.68,109.0,81.3,79.0,86.5,1955,6.0,745429,665804,683737,670156,666624,621020,643565,641355,673548,54.54,,,,,,,,28,1,Sinker,2,2,2,2,2,2,2,2,Standard,Standard,216,0.0,-0.037,76.3,8.1,,0.037,88.0,0,0,0.559,0.559,34,31,35,32,2,1,5.0,1.0,6.0,2.0,2.33,1.25,1.25,42.4,13.43207886210408,-16.361706089746495,21.84024811246541,41.36126733543422,39.78071482955525
SI,2024-04-10,87.6,-3.03,5.88,"Hendricks, Kyle",630105,543294,field_out,hit_into_play,,,,,5,Jake Cronenworth flies out to left fielder Mike Tauchman.,R,L,R,SD,CHC,X,7.0,fly_ball,0,0,2024,-1.34,0.55,0.18,2.79,,,,2,3,Bot,82.18,116.61,,,,,10.444617288652555,-127.07278922086988,-2.3950433719762385,-16.73524436941038,27.24870507531876,-25.892974622119223,3.33,1.6,234.0,86.8,52.0,86.6,2010,6.0,745429,665804,683737,670156,666624,621020,643565,641355,673548,54.54,0.009,0.008,0.0,1.0,0.0,0.0,3.0,22,1,Sinker,2,0,2,0,0,2,2,0,Strategic,Standard,212,-0.008,-0.256,71.2,6.6,0.009,0.256,88.0,2,2,0.746,0.746,34,30,35,30,2,1,5.0,1.0,6.0,2.0,2.45,1.34,-1.34,41.0,-5.193282569565098,0.762380444548197,35.015800724809885,32.76087457440362,29.436541545125568
CH,2024-04-10,81.1,-2.93,5.95,"Hendricks, Kyle",665487,543294,field_out,hit_into_play,,,,,14,"Fernando Tatis Jr. grounds out, shortstop Dansby Swanson to first baseman Michael Busch.",R,R,R,SD,CHC,X,6.0,ground_ball,0,2,2024,-0.19,0.82,1.2,1.62,,,,1,3,Bot,107.61,161.12,,,,,9.47856421469291,-117.76516494337174,-4.586956663352341,-3.5037227725944398,21.836436863202284,-23.792463472784213,3.82,1.86,3.0,81.3,-27.0,80.4,2157,5.8,745429,665804,683737,670156,666624,621020,643565,641355,673548,54.66,0.026,0.064,0.0,1.0,0.0,0.0,2.0,21,3,Changeup,2,0,2,0,0,2,2,0,Standard,Standard,223,-0.011,-0.162,69.3,7.8,0.026,0.162,88.0,2,2,0.757,0.757,34,25,35,25,2,1,5.0,1.0,6.0,2.0,2.65,0.19,0.19,43.6,9.87864661444626,-1.71412849130309,29.958876489364734,51.898665089966656,31.53771508183725
CH,2024-04-10,80.0,-2.92,5.96,"Hendricks, Kyle",665487,543294,,foul,,,,,6,"Fernando Tatis Jr. grounds out, shortstop Dansby Swanson to first baseman Michael Busch.",R,R,R,SD,CHC,S,,,0,1,2024,-0.73,1.29,0.72,2.55,,,,1,3,Bot,,,,,,,9.32329928134233,-116.0571487307022,-3.0743049085633505,-8.515985588659433,25.37672168715109,-20.176018841039067,3.82,1.86,83.0,75.7,83.0,78.7,2093,6.0,745429,665804,683737,670156,666624,621020,643565,641355,673548,54.54,,,,,,,,21,2,Changeup,2,0,2,0,0,2,2,0,Standard,Standard,227,0.0,-0.057,78.0,7.8,,0.057,88.0,2,2,0.757,0.757,34,25,35,25,2,1,5.0,1.0,6.0,2.0,2.34,0.73,0.73,41.4,19.014210024592536,-10.016387109478131,27.04780845642496,44.95993701263839,42.49130771990226
SI,2024-04-10,88.4,-2.89,5.9,"Hendricks, Kyle",665487,543294,,foul,,,,,6,"Fernando Tatis Jr. grounds out, shortstop Dansby Swanson to first baseman Michael Busch.",R,R,R,SD,CHC,S,,,0,0,2024,-1.4,0.64,0.49,2.49,,,,1,3,Bot,,,,,,,11.001775519346952,-128.21540905155425,-3.514300289149178,-17.696065482335474,26.10597521728585,-24.568839237131915,3.82,1.86,182.0,73.7,20.0,87.4,2051,5.8,745429,665804,683737,670156,666624,621020,643565,641355,673548,54.71,,,,,,,,21,1,Sinker,2,0,2,0,0,2,2,0,Standard,Standard,212,0.0,-0.037,76.8,7.6,,0.037,88.0,2,2,0.757,0.757,34,25,35,25,2,1,5.0,1.0,6.0,2.0,2.29,1.4,1.4,42.2,4.005275636743943,4.189872698035139,31.32854183808546,43.20695374633412,25.230460802769613
SI,2024-04-10,88.0,-2.85,5.93,"Hendricks, Kyle",593428,543294,field_out,hit_into_play,,,,,11,"Xander Bogaerts grounds out, second baseman Miles Mastrobuoni to first baseman Michael Busch.",R,R,R,SD,CHC,X,4.0,ground_ball,0,1,2024,-1.34,0.58,-1.04,3.23,,,,0,3,Bot,139.42,146.3,,,,,7.113100164117432,-128.0510956538456,-1.6516058675825214,-16.249459509927075,26.40116826816636,-25.64906219160436,3.53,1.6,88.0,68.0,8.0,87.3,1903,5.8,745429,665804,683737,670156,666624,621020,643565,641355,673548,54.67,0.191,0.192,0.0,1.0,0.0,0.0,2.0,20,2,Sinker,2,0,2,0,0,2,2,0,Standard,Standard,213,-0.015,-0.217,60.4,5.7,0.198,0.217,88.0,2,2,0.772,0.772,34,31,35,32,2,1,5.0,1.0,6.0,2.0,2.36,1.34,1.34,43.5,3.765539685563722,26.03563071412455,33.64798550116993,25.267872897057263,23.774941072795723
SI,2024-04-10,86.7,-3.09,5.88,"Hendricks, Kyle",593428,543294,,called_strike,,,,,2,"Xander Bogaerts grounds out, second baseman Miles Mastrobuoni to first baseman Michael Busch.",R,R,R,SD,CHC,S,,,0,0,2024,-1.28,0.75,0.12,3.13,,,,0,3,Bot,,,,,,,10.116615586693904,-125.92659413157511,-1.8831446049770757,-15.682125818779827,25.416209647327697,-24.013045101669,3.61,1.77,,,,85.4,1924,5.5,745429,665804,683737,670156,666624,621020,643565,641355,673548,54.96,,,,,,,,20,1,Sinker,2,0,2,0,0,2,2,0,Standard,Standard,212,0.0,-0.037,,,,0.037,,2,2,0.772,0.772,34,31,35,32,2,1,5.0,1.0,6.0,2.0,2.29,1.28,1.28,41.3,,,,,
CH,2024-04-10,81.5,-2.82,5.96,"Hendricks, Kyle",642180,543294,strikeout,swinging_strike,,,,,8,Tyler Wade strikes out swinging.,R,L,R,SD,CHC,S,2.0,,3,2,2024,-1.6,0.55,-0.04,1.64,,701538.0,,2,2,Bot,,,,,,,9.233594773241052,-118.34234108774125,-4.144785855135096,-16.741301193146867,21.811914921701955,-26.365466418371916,3.17,1.54,,,,80.9,2243,5.9,745429,665804,683737,670156,666624,621020,643565,641355,673548,54.6,,0.0,0.0,1.0,0.0,0.0,,16,6,Changeup,2,0,2,0,0,2,2,0,Standard,Standard,222,-0.023,-0.298,68.1,8.2,,0.298,,2,2,0.744,0.744,34,29,35,30,1,0,5.0,1.0,6.0,2.0,2.88,1.6,-1.6,42.3,34.41957780718482,-46.73283913493815,36.79506822209552,34.079097583183035,57.37160652592015
CH,2024-04-10,81.2,-2.92,6.01,"Hendricks, Kyle",642180,543294,,called_strike,,,,,11,Tyler Wade strikes out swinging.,R,L,R,SD,CHC,S,,,3,1,2024,-1.83,0.71,-0.94,2.81,,701538.0,,2,2,Bot,,,,,,,7.786369818846093,-117.90293509273788,-1.802660207709129,-18.56358073165662,23.836320384729333,-25.44764848521113,3.4,1.66,,,,79.7,2234,5.5,745429,665804,683737,670156,666624,621020,643565,641355,673548,55.02,,,,,,,,16,5,Changeup,2,0,2,0,0,2,2,0,Standard,Standard,226,0.0,-0.059,,,,0.059,,2,2,0.744,0.744,34,29,35,30,1,0,5.0,1.0,6.0,2.0,2.78,1.83,-1.83,41.6,,,,,
CH,2024-04-10,81.1,-2.88,5.93,"Hendricks, Kyle",642180,543294,,ball,,,,,14,Tyler Wade strikes out swinging.,R,L,R,SD,CHC,B,,,2,1,2024,-1.76,0.44,0.63,1.23,,,701538.0,2,2,Bot,,,,,,,11.071815662574702,-117.40795140827268,-4.5336253952610726,-18.45518787609986,25.01545678832012,-27.35185028310933,3.26,1.64,,,,79.7,2174,5.9,745429,665804,683737,670156,666624,621020,643565,641355,673548,54.6,,,,,,,,16,4,Changeup,2,0,2,0,0,2,2,0,Standard,Standard,229,0.007,0.078,,,,-0.078,,2,2,0.737,0.737,34,29,35,30,1,0,5.0,1.0,6.0,2.0,3.1,1.76,-1.76,41.4,,,,,
FF,2024-04-10,88.3,-2.95,5.83,"Hendricks, Kyle",642180,543294,,called_strike,,,,,11,Tyler Wade strikes out swinging.,R,L,R,SD,CHC,S,,,2,0,2024,-0.89,1.53,-0.9,2.76,,,701538.0,2,2,Bot,,,,,,,6.750152725359009,-128.22813727179076,-4.401259869938463,-11.310559152510596,31.367278149023583,-14.648354596153688,3.4,1.68,,,,86.4,2208,5.6,745429,665804,683737,670156,666624,621020,643565,641355,673548,54.89,,,,,,,,16,3,4-Seam Fastball,2,0,2,0,0,2,2,0,Standard,Standard,213,0.0,-0.048,,,,0.048,,2,2,0.737,0.737,34,29,35,30,1,0,5.0,1.0,6.0,2.0,1.45,0.89,-0.89,38.4,,,,,
CH,2024-04-10,80.7,-2.84,5.96,"Hendricks, Kyle",642180,543294,,ball,,,,,13,Tyler Wade strikes out swinging.,R,L,R,SD,CHC,B,,,1,0,2024,-2.0,0.51,-0.97,1.2,,,701538.0,2,2,Bot,,,,,,,7.898066218416091,-117.12400493700014,-4.742734423423968,-19.92881289584999,24.97336582875499,-26.70022774407215,3.28,1.54,,,,79.5,2206,5.9,745429,665804,683737,670156,666624,621020,643565,641355,673548,54.6,,,,,,,,16,2,Changeup,2,0,2,0,0,2,2,0,Standard,Standard,230,0.0,0.05,,,,-0.05,,2,2,0.737,0.737,34,29,35,30,1,0,5.0,1.0,6.0,2.0,3.04,2.0,-2.0,42.4,,,,,
FF,2024-04-10,88.1,-2.93,5.84,"Hendricks, Kyle",642180,543294,,ball,,,,,13,Tyler Wade strikes out swinging.,R,L,R,SD,CHC,B,,,0,0,2024,-1.03,1.3,-0.64,1.46,,,701538.0,2,2,Bot,,,,,,,7.654026387039934,-127.95393771463714,-7.163513523343639,-12.94739283072764,27.282300796890546,-16.509114208288445,3.35,1.61,,,,87.5,2095,6.1,745429,665804,683737,670156,666624,621020,643565,641355,673548,54.39,,,,,,,,16,1,4-Seam Fastball,2,0,2,0,0,2,2,0,Standard,Standard,206,0.0,0.034,,,,-0.034,,2,2,0.737,0.737,34,29,35,30,1,0,5.0,1.0,6.0,2.0,1.65,1.03,-1.03,38.6,,,,,
CH,2024-04-10,80.8,-2.91,5.95,"Hendricks, Kyle",701538,543294,force_out,hit_into_play,,,,,13,"Jackson Merrill grounds into a force out, second baseman Miles Mastrobuoni to shortstop Dansby Swanson. Ha-Seong Kim scores. Luis Campusano out at 2nd. Jackson Merrill to 1st.",R,L,R,SD,CHC,X,4.0,ground_ball,2,1,2024,-1.52,0.54,-0.86,1.63,673490.0,,669134.0,1,2,Bot,140.5,171.23,,,,,7.4035143787073725,-117.45725490621685,-3.955326186352983,-15.514839700440628,22.51481791714711,-26.62963090225657,3.52,1.61,17.0,73.0,-4.0,80.2,2209,5.9,745429,665804,683737,670156,666624,621020,643565,641355,673548,54.57,0.057,0.077,0.0,1.0,0.0,0.0,2.0,15,4,Changeup,1,0,1,0,0,2,2,0,Standard,Standard,225,0.02,-0.323,69.0,7.9,0.057,0.323,88.0,1,1,0.717,0.717,34,21,35,21,1,0,5.0,1.0,6.0,2.0,2.96,1.52,-1.52,40.5,7.862418176554185,-0.1451066068598735,37.94848095544165,47.93230509351533,30.728383922116038
FF,2024-04-10,88.1,-2.87,5.86,"Hendricks, Kyle",701538,543294,,ball,,,,,12,"Jackson Merrill grounds into a force out, second baseman Miles Mastrobuoni to shortstop Dansby Swanson. Ha-Seong Kim scores. Luis Campusano out at 2nd. Jackson Merrill to 1st.",R,L,R,SD,CHC,B,,,1,1,2024,-0.65,1.53,1.24,3.64,,673490.0,669134.0,1,2,Bot,,,,,,,11.234823536919896,-127.71384820970115,-2.339896981510456,-9.661182462156642,30.336422203711763,-15.238676930063296,3.49,1.64,,,,86.9,2095,6.1,745429,665804,683737,670156,666624,621020,643565,641355,673548,54.41,,,,,,,,15,3,4-Seam Fastball,1,0,1,0,0,1,1,0,Standard,Standard,219,0.025,0.042,,,,-0.042,,1,1,0.692,0.692,34,21,35,21,1,0,5.0,1.0,6.0,2.0,1.46,0.65,-0.65,38.4,,,,,
CH,2024-04-10,82.0,-2.86,5.96,"Hendricks, Kyle",701538,543294,,foul,,,,,7,"Jackson Merrill grounds into a force out, second baseman Miles Mastrobuoni to shortstop Dansby Swanson. Ha-Seong Kim scores. Luis Campusano out at 2nd. Jackson Merrill to 1st.",R,L,R,SD,CHC,S,,,1,0,2024,-1.62,0.87,-0.66,2.15,,673490.0,669134.0,1,2,Bot,,,,,,,8.032357084384959,-119.1197038076892,-3.652171648949072,-16.964823627130063,24.24555082097944,-23.35978587730049,3.52,1.61,225.0,74.6,55.0,81.0,2273,5.9,745429,665804,683737,670156,666624,621020,643565,641355,673548,54.64,,,,,,,,15,2,Changeup,1,0,1,0,0,1,1,0,Standard,Standard,231,0.0,-0.054,71.2,7.5,,0.054,88.0,1,1,0.692,0.692,34,21,35,21,1,0,5.0,1.0,6.0,2.0,2.55,1.62,-1.62,41.5,-2.9604810584936274,1.1177389882956883,38.42317864201169,44.50821945464063,24.10524615671869
FF,2024-04-10,88.9,-3.0,5.81,"Hendricks, Kyle",701538,543294,,ball,,,,,11,"Jackson Merrill grounds into a force out, second baseman Miles Mastrobuoni to shortstop Dansby Swanson. Ha-Seong Kim scores. Luis Campusano out at 2nd. Jackson Merrill to 1st.",R,L,R,SD,CHC,B,,,0,0,2024,-1.19,1.55,-1.24,3.51,,673490.0,669134.0,1,2,Bot,,,,,,,6.745296962268982,-129.15286838344483,-2.72324494874446,-14.828958136168682,30.47666731680751,-14.612325785543575,3.54,1.66,,,,87.6,2100,5.9,745429,665804,683737,670156,666624,621020,643565,641355,673548,54.63,,,,,,,,15,1,4-Seam Fastball,1,0,1,0,0,1,1,0,Standard,Standard,223,0.0,0.03,,,,-0.03,,1,1,0.692,0.692,34,21,35,21,1,0,5.0,1.0,6.0,2.0,1.38,1.19,-1.19,37.9,,,,,
SI,2024-04-10,89.0,-2.89,5.89,"Hendricks, Kyle",669134,543294,single,hit_into_play,,,,,13,Luis Campusano singles on a soft line drive to left fielder Mike Tauchman. Jurickson Profar scores. Ha-Seong Kim to 2nd.,R,R,R,SD,CHC,X,7.0,line_drive,0,1,2024,-1.39,0.65,-0.94,2.36,,595777.0,673490.0,1,2,Bot,75.52,115.02,,,,,7.585942082006881,-129.37800417476348,-3.9140680119785074,-17.251772686973062,28.149280831685875,-24.220383277633527,3.46,1.64,216.0,69.9,24.0,87.7,1994,5.6,745429,665804,683737,670156,666624,621020,643565,641355,673548,54.85,0.98,0.897,0.9,1.0,1.0,0.0,4.0,14,2,Sinker,0,0,0,0,0,1,1,0,Standard,Standard,219,0.102,0.519,67.6,6.9,1.036,-0.519,88.0,0,0,0.59,0.59,34,25,35,26,1,0,5.0,1.0,6.0,2.0,2.24,1.39,1.39,41.2,9.763013354693491,-11.228578326587066,34.36988223223144,22.30225111884081,26.897466384711123
SI,2024-04-10,88.8,-2.85,5.89,"Hendricks, Kyle",669134,543294,,called_strike,,,,,9,Luis Campusano singles on a soft line drive to left fielder Mike Tauchman. Jurickson Profar scores. Ha-Seong Kim to 2nd.,R,R,R,SD,CHC,S,,,0,0,2024,-1.51,0.55,0.59,1.92,,595777.0,673490.0,1,2,Bot,,,,,,,11.446195045713887,-128.8287398461913,-4.777176731018162,-19.182371727960952,25.972418655281064,-25.252192584338943,3.46,1.64,,,,87.9,2040,5.9,745429,665804,683737,670156,666624,621020,643565,641355,673548,54.65,,,,,,,,14,1,Sinker,0,0,0,0,0,0,0,0,Standard,Standard,214,0.0,-0.039,,,,0.039,,0,0,0.59,0.59,34,25,35,26,1,0,5.0,1.0,6.0,2.0,2.36,1.51,1.51,42.5,,,,,
SI,2024-04-10,89.8,-2.84,5.85,"Hendricks, Kyle",673490,543294,single,hit_into_play,,,,,7,Ha-Seong Kim singles on a soft ground ball to third baseman Christopher Morel. Jurickson Profar to 2nd.,R,R,R,SD,CHC,X,5.0,ground_ball,2,2,2024,-1.24,0.72,-0.38,1.73,,,595777.0,1,2,Bot,115.48,176.26,,,,,8.616938871914464,-130.33955382149955,-5.638783557125115,-15.98512768114049,28.01645247898793,-22.987818655239597,3.34,1.59,1.0,66.0,-50.0,88.6,1934,5.8,745429,665804,683737,670156,666624,621020,643565,641355,673548,54.75,0.243,0.251,0.9,1.0,1.0,0.0,2.0,13,7,Sinker,0,0,0,0,0,0,0,0,Standard,Standard,220,0.037,0.427,75.8,6.6,0.243,-0.427,88.0,0,0,0.553,0.553,34,28,35,29,1,0,5.0,1.0,6.0,2.0,2.13,1.24,1.24,41.2,-2.259354033252572,4.420758311563909,30.469720804209302,30.367725628545017,31.785043730844343
SI,2024-04-10,89.3,-2.85,5.86,"Hendricks, Kyle",673490,543294,,ball,,,,,13,Ha-Seong Kim singles on a soft ground ball to third baseman Christopher Morel. Jurickson Profar to 2nd.,R,R,R,SD,CHC,B,,,1,2,2024,-1.33,0.92,-0.28,0.86,,,595777.0,1,2,Bot,,,,,,,9.02820086549862,-129.55523551307203,-8.077434266366211,-16.959163662007107,28.574340601095127,-20.22787153403962,3.52,1.54,,,,88.2,1959,5.9,745429,665804,683737,670156,666624,621020,643565,641355,673548,54.63,,,,,,,,13,6,Sinker,0,0,0,0,0,0,0,0,Standard,Standard,219,0.0,0.048,,,,-0.048,,0,0,0.553,0.553,34,28,35,29,1,0,5.0,1.0,6.0,2.0,1.97,1.33,1.33,41.4,,,,,
CH,2024-04-10,81.1,-2.81,5.95,"Hendricks, Kyle",673490,543294,,foul,,,,,12,Ha-Seong Kim singles on a soft ground ball to third baseman Christopher Morel. Jurickson Profar to 2nd.,R,R,R,SD,CHC,S,,,1,2,2024,-0.53,1.21,1.08,2.63,,,595777.0,1,2,Bot,,,,,,,9.624268202680776,-117.75981293481992,-3.041495793589849,-6.810693814596969,23.447381875846165,-20.501055335939327,3.34,1.59,180.0,66.7,46.0,80.3,2042,6.0,745429,665804,683737,670156,666624,621020,643565,641355,673548,54.55,,,,,,,,13,5,Changeup,0,0,0,0,0,0,0,0,Standard,Standard,231,0.0,0.0,61.4,7.2,,0.0,88.0,0,0,0.553,0.553,34,28,35,29,1,0,5.0,1.0,6.0,2.0,2.28,0.53,0.53,43.6,3.0461285611047004,-4.287348890504712,21.114739215685127,47.56137288627663,34.40410180340225
SI,2024-04-10,88.2,-2.76,5.87,"Hendricks, Kyle",673490,543294,,foul,,,,,9,Ha-Seong Kim singles on a soft ground ball to third baseman Christopher Morel. Jurickson Profar to 2nd.,R,R,R,SD,CHC,S,,,1,2,2024,-1.11,0.74,0.39,1.63,,,595777.0,1,2,Bot,,,,,,,9.864407606545456,-128.06930904519282,-5.670468237541018,-14.25439103053504,26.14884038352436,-23.01824701915617,3.34,1.59,193.0,70.4,48.0,87.3,1927,5.8,745429,665804,683737,670156,666624,621020,643565,641355,673548,54.69,,,,,,,,13,4,Sinker,0,0,0,0,0,0,0,0,Standard,Standard,212,0.0,0.0,61.5,6.7,,0.0,88.0,0,0,0.553,0.553,34,28,35,29,1,0,5.0,1.0,6.0,2.0,2.2,1.11,1.11,41.5,-10.909060697188153,13.866355790585086,31.77980035546478,39.67151658555065,26.212124241895925
SI,2024-04-10,88.1,-2.8,5.98,"Hendricks, Kyle",673490,543294,,ball,,,,,12,Ha-Seong Kim singles on a soft ground ball to third baseman Christopher Morel. Jurickson Profar to 2nd.,R,R,R,SD,CHC,B,,,0,2,2024,-1.11,0.91,1.71,2.57,,,595777.0,1,2,Bot,,,,,,,13.074216991962649,-127.6647968328828,-3.990986581195181,-14.779853283330544,25.973133860956377,-21.550862902645665,3.45,1.59,,,,87.0,1925,5.8,745429,665804,683737,670156,666624,621020,643565,641355,673548,54.7,,,,,,,,13,3,Sinker,0,0,0,0,0,0,0,0,Standard,Standard,212,0.0,0.022,,,,-0.022,,0,0,0.553,0.553,34,28,35,29,1,0,5.0,1.0,6.0,2.0,2.05,1.11,1.11,44.2,,,,,
SI,2024-04-10,87.7,-2.81,5.98,"Hendricks, Kyle",673490,543294,,called_strike,,,,,6,Ha-Seong Kim singles on a soft ground ball to third baseman Christopher Morel. Jurickson Profar to 2nd.,R,R,R,SD,CHC,S,,,0,1,2024,-1.03,0.74,0.83,2.6,,,595777.0,1,2,Bot,,,,,,,10.769892703243949,-127.35631576538508,-3.595164677257619,-13.31907766236543,23.87353573338072,-23.48629485111701,3.45,1.59,,,,86.9,1878,5.7,745429,665804,683737,670156,666624,621020,643565,641355,673548,54.79,,,,,,,,13,2,Sinker,0,0,0,0,0,0,0,0,Standard,Standard,215,0.0,-0.052,,,,0.052,,0,0,0.553,0.553,34,28,35,29,1,0,5.0,1.0,6.0,2.0,2.21,1.03,1.03,42.5,,,,,
SI,2024-04-10,88.1,-2.89,5.91,"Hendricks, Kyle",673490,543294,,called_strike,,,,,3,Ha-Seong Kim singles on a soft ground ball to third baseman Christopher Morel. Jurickson Profar to 2nd.,R,R,R,SD,CHC,S,,,0,0,2024,-1.24,0.76,0.35,2.8,,,595777.0,1,2,Bot,,,,,,,10.330690002124562,-128.0144528795187,-3.060570016802428,-15.704116087729313,23.611869652081268,-23.38228476130969,3.35,1.52,,,,87.6,1851,5.8,745429,665804,683737,670156,666624,621020,643565,641355,673548,54.68,,,,,,,,13,1,Sinker,0,0,0,0,0,0,0,0,Standard,Standard,215,0.0,-0.04,,,,0.04,,0,0,0.553,0.553,34,28,35,29,1,0,5.0,1.0,6.0,2.0,2.16,1.24,1.24,41.4,,,,,
CH,2024-04-10,82.2,-3.06,5.99,"Hendricks, Kyle",595777,543294,single,hit_into_play,,,,,4,Jurickson Profar singles on a line drive to left fielder Mike Tauchman.,R,L,R,SD,CHC,X,7.0,line_drive,1,0,2024,-1.48,0.8,-0.46,2.17,,,,1,2,Bot,71.46,138.76,,,,,8.603837854162354,-119.49573858076388,-3.658740894732724,-15.819442970133656,21.70399225794631,-23.940981570856444,3.31,1.61,128.0,63.1,21.0,81.2,2216,5.5,745429,665804,683737,670156,666624,621020,643565,641355,673548,54.97,0.5,0.45,0.9,1.0,1.0,0.0,4.0,12,2,Changeup,0,0,0,0,0,0,0,0,Strategic,Standard,237,0.026,0.383,69.7,8.4,0.5,-0.383,88.0,0,0,0.527,0.527,34,31,35,31,1,0,5.0,1.0,6.0,2.0,2.56,1.48,-1.48,40.7,28.54405916356753,-29.191671701224468,36.81279384143278,39.31755047259695,51.28201703488998
FF,2024-04-10,89.1,-3.14,5.77,"Hendricks, Kyle",595777,543294,,ball,,,,,13,Jurickson Profar singles on a line drive to left fielder Mike Tauchman.,R,L,R,SD,CHC,B,,,0,0,2024,-0.9,1.27,-1.45,2.04,,,,1,2,Bot,,,,,,,5.982013150240691,-129.60808112936505,-5.7616042890064,-11.377515409120278,26.292364854366262,-16.885729619775283,3.35,1.61,,,,88.4,2087,5.8,745429,665804,683737,670156,666624,621020,643565,641355,673548,54.71,,,,,,,,12,1,4-Seam Fastball,0,0,0,0,0,0,0,0,Strategic,Standard,216,0.0,0.039,,,,-0.039,,0,0,0.527,0.527,34,31,35,31,1,0,5.0,1.0,6.0,2.0,1.6,0.9,-0.9,38.7,,,,,
SI,2024-04-10,88.8,-2.95,5.84,"Hendricks, Kyle",592518,543294,strikeout,foul_tip,,,,,13,Manny Machado strikes out on a foul tip.,R,R,R,SD,CHC,S,2.0,,0,2,2024,-1.28,0.77,-0.95,1.56,,,,0,2,Bot,,,,,,,7.506958939931743,-129.04895125407873,-6.016685199498467,-15.798711329872816,25.5855648537602,-22.480469899571798,3.65,1.68,,,,88.3,1934,6.0,745429,665804,683737,670156,666624,621020,643565,641355,673548,54.55,,0.0,0.0,1.0,0.0,0.0,,11,3,Sinker,0,0,0,0,0,0,0,0,Standard,Standard,218,-0.023,-0.163,74.1,7.8,,0.163,,0,0,0.55,0.55,34,31,35,32,1,0,5.0,1.0,6.0,2.0,2.11,1.28,1.28,40.8,10.054719261897306,-9.375105035073048,33.40085886866797,28.70521931111819,31.07559404076639
SI,2024-04-10,87.8,-2.99,5.89,"Hendricks, Kyle",592518,543294,,called_strike,,,,,7,Manny Machado strikes out on a foul tip.,R,R,R,SD,CHC,S,,,0,1,2024,-1.12,0.76,-0.46,1.97,,,,0,2,Bot,,,,,,,8.359764246274299,-127.76325152117462,-5.020272096539961,-13.879502581012146,21.156963191620147,-22.975414123999705,3.73,1.73,,,,87.7,1936,5.8,745429,665804,683737,670156,666624,621020,643565,641355,673548,54.7,,,,,,,,11,2,Sinker,0,0,0,0,0,0,0,0,Standard,Standard,215,0.0,-0.054,,,,0.054,,0,0,0.55,0.55,34,31,35,32,1,0,5.0,1.0,6.0,2.0,2.15,1.12,1.12,41.4,,,,,
SI,2024-04-10,88.5,-2.92,5.91,"Hendricks, Kyle",592518,543294,,foul,,,,,5,Manny Machado strikes out on a foul tip.,R,R,R,SD,CHC,S,,,0,0,2024,-1.29,0.68,0.16,2.42,,,,0,2,Bot,,,,,,,10.059150019097393,-128.6222582625273,-3.8878703189272112,-16.275482270075525,23.167565078025948,-23.96429208474473,3.65,1.68,,,,88.0,1973,5.8,745429,665804,683737,670156,666624,621020,643565,641355,673548,54.75,,,,,,,,11,1,Sinker,0,0,0,0,0,0,0,0,Standard,Standard,215,0.0,-0.037,73.1,7.7,,0.037,,0,0,0.55,0.55,34,31,35,32,1,0,5.0,1.0,6.0,2.0,2.2,1.29,1.29,42.1,1.85847548323795,13.057716455588167,24.67385454215309,42.30292733797906,21.59219361325438
FF,2024-04-10,90.5,-3.1,5.76,"Hendricks, Kyle",630105,543294,field_out,hit_into_play,,,,,5,"Jake Cronenworth grounds out, shortstop Dansby Swanson to first baseman Michael Busch.",R,L,R,SD,CHC,X,6.0,ground_ball,1,2,2024,-0.82,1.23,-0.09,2.46,,,,2,1,Bot,113.06,152.03,,,,,9.15588843483628,-131.47380065988312,-4.859805687784775,-11.502278208797238,29.061920451765797,-16.994612204353018,3.33,1.6,43.0,90.9,-1.0,89.5,2067,5.9,745429,665804,683737,670156,666624,621020,643565,641355,673548,54.61,0.303,0.298,0.0,1.0,0.0,0.0,2.0,6,4,4-Seam Fastball,0,0,0,0,0,0,0,0,Infield shade,Standard,216,-0.01,-0.18,65.5,6.1,0.335,0.18,90.9,0,0,0.51,0.51,34,30,35,30,1,0,5.0,1.0,6.0,2.0,1.57,0.82,-0.82,38.6,-7.446122898484277,15.384785989044826,34.43025137246428,33.64118924969026,21.823827187585305
SI,2024-04-10,88.5,-3.01,5.93,"Hendricks, Kyle",630105,543294,,foul,,,,,2,"Jake Cronenworth grounds out, shortstop Dansby Swanson to first baseman Michael Busch.",R,L,R,SD,CHC,S,,,1,1,2024,-1.66,0.67,0.14,2.87,,,,2,1,Bot,,,,,,,10.95201166482934,-128.3068565054944,-2.692786149405918,-20.624260937569648,28.2203504138008,-24.45037104314856,3.33,1.6,189.0,70.0,51.0,86.8,2009,5.5,745429,665804,683737,670156,666624,621020,643565,641355,673548,54.96,,,,,,,,6,3,Sinker,0,0,0,0,0,0,0,0,Standard,Standard,215,0.0,-0.064,67.0,6.3,,0.064,88.0,0,0,0.51,0.51,34,30,35,30,1,0,5.0,1.0,6.0,2.0,2.28,1.66,-1.66,40.0,-1.469774717974552,6.695040834486437,35.2445288961923,31.106979272237304,25.93896629009155
FF,2024-04-10,88.4,-3.01,5.84,"Hendricks, Kyle",630105,543294,,ball,,,,,12,"Jake Cronenworth grounds out, shortstop Dansby Swanson to first baseman Michael Busch.",R,L,R,SD,CHC,B,,,0,1,2024,-0.61,1.46,0.98,3.1,,,,2,1,Bot,,,,,,,10.832605773292514,-128.16637260263906,-3.506840801048472,-9.131523874627016,29.05953003410445,-15.615574083831286,3.26,1.54,,,,86.8,2035,5.7,745429,665804,683737,670156,666624,621020,643565,641355,673548,54.83,,,,,,,,6,2,4-Seam Fastball,0,0,0,0,0,0,0,0,Standard,Standard,219,0.0,0.029,,,,-0.029,,0,0,0.51,0.51,34,30,35,30,1,0,5.0,1.0,6.0,2.0,1.5,0.61,-0.61,40.0,,,,,
FF,2024-04-10,88.5,-3.03,5.81,"Hendricks, Kyle",630105,543294,,called_strike,,,,,4,"Jake Cronenworth grounds out, shortstop Dansby Swanson to first baseman Michael Busch.",R,L,R,SD,CHC,S,,,0,0,2024,-0.79,1.4,-0.29,2.12,,,,2,1,Bot,,,,,,,8.19839984885891,-128.41343692103214,-5.702187176729393,-10.522066324484369,29.838923840745576,-15.707260864627862,3.28,1.54,,,,87.0,2061,5.8,745429,665804,683737,670156,666624,621020,643565,641355,673548,54.73,,,,,,,,6,1,4-Seam Fastball,0,0,0,0,0,0,0,0,Strategic,Standard,215,0.0,-0.041,,,,0.041,,0,0,0.51,0.51,34,30,35,30,1,0,5.0,1.0,6.0,2.0,1.56,0.79,-0.79,38.8,,,,,
CH,2024-04-10,81.8,-2.91,5.98,"Hendricks, Kyle",665487,543294,field_out,hit_into_play,,,,,14,"Fernando Tatis Jr. grounds out, shortstop Dansby Swanson to first baseman Michael Busch.",R,R,R,SD,CHC,X,6.0,ground_ball,1,2,2024,-1.06,0.91,1.15,1.98,,,,1,1,Bot,118.75,174.53,,,,,11.005792471214455,-118.6094423577448,-4.102435303257961,-12.170830164722572,23.37033938204868,-22.95315518838572,3.82,1.86,22.0,78.4,-4.0,80.4,2143,5.6,745429,665804,683737,670156,666624,621020,643565,641355,673548,54.88,0.083,0.089,0.0,1.0,0.0,0.0,2.0,5,4,Changeup,0,0,0,0,0,0,0,0,Standard,Standard,236,-0.016,-0.182,62.5,7.5,0.083,0.182,88.0,0,0,0.526,0.526,34,25,35,25,1,0,5.0,1.0,6.0,2.0,2.53,1.06,1.06,43.5,16.045033562419203,-4.845541990035204,32.98146179003482,50.47000522737022,34.08085809760691
SI,2024-04-10,88.3,-2.82,5.92,"Hendricks, Kyle",665487,543294,,ball,,,,,14,"Fernando Tatis Jr. grounds out, shortstop Dansby Swanson to first baseman Michael Busch.",R,R,R,SD,CHC,B,,,0,2,2024,-1.63,0.7,1.24,1.56,,,,1,1,Bot,,,,,,,13.072922779594483,-127.8353452586842,-5.86568688356994,-20.555187003747257,26.77545596509336,-23.3565815581662,3.63,1.75,,,,87.0,1948,5.8,745429,665804,683737,670156,666624,621020,643565,641355,673548,54.7,,,,,,,,5,3,Sinker,0,0,0,0,0,0,0,0,Standard,Standard,219,0.0,0.02,,,,-0.02,,0,0,0.526,0.526,34,25,35,25,1,0,5.0,1.0,6.0,2.0,2.26,1.63,1.63,42.6,,,,,
SI,2024-04-10,88.9,-2.94,5.94,"Hendricks, Kyle",665487,543294,,foul,,,,,9,"Fernando Tatis Jr. grounds out, shortstop Dansby Swanson to first baseman Michael Busch.",R,R,R,SD,CHC,S,,,0,1,2024,-1.35,0.48,0.57,2.26,,,,1,1,Bot,,,,,,,11.259464389791209,-128.88932743980462,-3.891383654026921,-17.396974804746225,26.68996582812116,-26.21644579990503,3.82,1.86,,,,87.7,1981,5.7,745429,665804,683737,670156,666624,621020,643565,641355,673548,54.76,,,,,,,,5,2,Sinker,0,0,0,0,0,0,0,0,Standard,Standard,217,0.0,-0.057,73.7,7.4,,0.057,,0,0,0.526,0.526,34,25,35,25,1,0,5.0,1.0,6.0,2.0,2.43,1.35,1.35,42.1,17.642213509717322,6.419258960043947,28.947799941152763,43.02856616718794,29.70266347565415
SI,2024-04-10,88.7,-2.89,5.94,"Hendricks, Kyle",665487,543294,,foul,,,,,7,"Fernando Tatis Jr. grounds out, shortstop Dansby Swanson to first baseman Michael Busch.",R,R,R,SD,CHC,S,,,0,0,2024,-1.61,0.59,-0.61,2.19,,,,1,1,Bot,,,,,,,8.819214340290511,-128.85553044142344,-4.269633622689262,-19.740668800515564,27.816778291613197,-24.91361639352492,3.82,1.86,,,,87.5,2074,5.7,745429,665804,683737,670156,666624,621020,643565,641355,673548,54.78,,,,,,,,5,1,Sinker,0,0,0,0,0,0,0,0,Standard,Standard,215,0.0,-0.037,76.8,7.4,,0.037,,0,0,0.526,0.526,34,25,35,25,1,0,5.0,1.0,6.0,2.0,2.33,1.61,1.61,42.2,15.010326909891896,-5.9497077852323965,31.138471989285748,30.78164565070187,33.7612165961222
SI,2024-04-10,88.5,-3.1,5.91,"Hendricks, Kyle",593428,543294,field_out,hit_into_play,,,,,11,"Xander Bogaerts grounds out softly, pitcher Kyle Hendricks to first baseman Michael Busch.",R,R,R,SD,CHC,X,1.0,ground_ball,2,2,2024,-1.46,0.69,-1.09,2.71,,,,0,1,Bot,124.76,183.64,,,,,7.875687229513282,-128.59939615123457,-3.147553210110162,-17.82380845870311,26.558578122177646,-24.091095270291653,3.53,1.6,9.0,50.7,-15.0,87.7,2035,5.9,745429,665804,683737,670156,666624,621020,643565,641355,673548,54.63,0.114,0.104,0.0,1.0,0.0,0.0,1.0,4,5,Sinker,0,0,0,0,0,0,0,0,Standard,Standard,215,-0.021,-0.227,63.2,5.8,0.13,0.227,88.0,0,0,0.547,0.547,34,31,35,32,1,0,5.0,1.0,6.0,2.0,2.23,1.46,1.46,41.2,-7.632882993310495,17.485389200544535,45.81552285349552,23.827166898390576,22.31936099553703
SI,2024-04-10,88.9,-3.06,5.92,"Hendricks, Kyle",593428,543294,,ball,,,,,11,"Xander Bogaerts grounds out softly, pitcher Kyle Hendricks to first baseman Michael Busch.",R,R,R,SD,CHC,B,,,1,2,2024,-1.59,0.86,-1.14,2.91,,,,0,1,Bot,,,,,,,7.888166092391439,-129.21824680374664,-3.0745048075600154,-19.445901256371503,27.67146003138093,-22.10682136113573,3.68,1.8,,,,87.6,2081,5.6,745429,665804,683737,670156,666624,621020,643565,641355,673548,54.91,,,,,,,,4,4,Sinker,0,0,0,0,0,0,0,0,Standard,Standard,214,0.0,0.04,,,,-0.04,,0,0,0.547,0.547,34,31,35,32,1,0,5.0,1.0,6.0,2.0,2.04,1.59,1.59,40.9,,,,,
CH,2024-04-10,80.9,-2.91,6.03,"Hendricks, Kyle",593428,543294,,foul,,,,,6,"Xander Bogaerts grounds out softly, pitcher Kyle Hendricks to first baseman Michael Busch.",R,R,R,SD,CHC,S,,,1,1,2024,-0.63,0.78,0.44,2.46,,,,0,1,Bot,,,,,,,8.554842167955313,-117.54980794513165,-2.772168224947221,-7.439197595319801,21.85315580124776,-24.59552526499771,3.53,1.6,136.0,82.2,70.0,79.9,2142,5.6,745429,665804,683737,670156,666624,621020,643565,641355,673548,54.87,,,,,,,,4,3,Changeup,0,0,0,0,0,0,0,0,Standard,Standard,231,0.0,-0.056,73.3,7.3,,0.056,88.0,0,0,0.547,0.547,34,31,35,32,1,0,5.0,1.0,6.0,2.0,2.71,0.63,0.63,41.4,15.942369400953574,6.328333269693202,32.33567635558139,41.388938120754375,37.78937724268413
SI,2024-04-10,86.9,-2.94,5.88,"Hendricks, Kyle",593428,543294,,ball,,,,,14,"Xander Bogaerts grounds out softly, pitcher Kyle Hendricks to first baseman Michael Busch.",R,R,R,SD,CHC,B,,,0,1,2024,-1.13,0.63,0.75,1.45,,,,0,1,Bot,,,,,,,11.023042985458588,-126.09575759585448,-5.704986446076203,-14.186535434102536,22.86540982360484,-24.473400761021143,3.59,1.82,,,,86.4,2012,5.9,745429,665804,683737,670156,666624,621020,643565,641355,673548,54.64,,,,,,,,4,2,Sinker,0,0,0,0,0,0,0,0,Standard,Standard,220,0.0,0.025,,,,-0.025,,0,0,0.547,0.547,34,31,35,32,1,0,5.0,1.0,6.0,2.0,2.38,1.13,1.13,41.5,,,,,
SI,2024-04-10,86.8,-2.87,5.92,"Hendricks, Kyle",593428,543294,,called_strike,,,,,9,"Xander Bogaerts grounds out softly, pitcher Kyle Hendricks to first baseman Michael Busch.",R,R,R,SD,CHC,S,,,0,0,2024,-1.2,0.6,0.62,1.65,,,,0,1,Bot,,,,,,,10.70055499392144,-125.92066802335664,-5.225141793040709,-14.900623404265092,23.704074733810145,-24.89321620568009,3.59,1.73,,,,86.2,1901,5.9,745429,665804,683737,670156,666624,621020,643565,641355,673548,54.6,,,,,,,,4,1,Sinker,0,0,0,0,0,0,0,0,Standard,Standard,216,0.0,-0.037,,,,0.037,,0,0,0.547,0.547,34,31,35,32,1,0,5.0,1.0,6.0,2.0,2.43,1.2,1.2,41.3,,,,,
SI,2024-04-05,87.2,-2.85,5.92,"Hendricks, Kyle",669257,543294,double,hit_into_play,,,,,4,Will Smith doubles (4) on a line drive to left fielder Ian Happ.   Freddie Freeman scores.,R,R,R,CHC,LAD,X,7.0,line_drive,1,1,2024,-1.33,0.66,-0.7,2.45,,,518692.0,0,5,Top,33.27,106.26,,,,,7.8043026916137075,-126.8417830889754,-3.5246129528277037,-15.976885612059457,25.07160132706559,-24.499610385309055,3.36,1.63,309.0,103.5,18.0,86.2,1888,5.6,746897,543228,683737,663538,663611,621020,664023,641355,673548,54.93,0.5,0.612,1.25,1.0,1.0,1.0,5.0,43,3,Sinker,6,4,4,6,5,6,5,6,Standard,Standard,216,-0.155,0.741,73.3,7.3,0.966,-0.741,103.5,2,-2,0.712,0.288,34,29,35,29,3,2,6.0,2.0,5.0,2.0,2.33,1.33,1.33,40.1,13.34430824478528,-12.271803834643997,35.2684241091777,27.116474121542083,36.259306441821
SI,2024-04-05,87.0,-2.89,5.92,"Hendricks, Kyle",669257,543294,,ball,,,,,13,Will Smith doubles (4) on a line drive to left fielder Ian Happ.   Freddie Freeman scores.,R,R,R,CHC,LAD,B,,,0,1,2024,-1.29,0.72,-1.45,1.69,,,518692.0,0,5,Top,,,,,,,5.996783860759692,-126.60888374422431,-5.442975494678842,-15.0508596272139,24.186711489485024,-23.51657675615824,3.32,1.49,,,,86.2,1906,5.6,746897,543228,683737,663538,663611,621020,664023,641355,673548,54.88,,,,,,,,43,2,Sinker,6,4,4,6,4,6,4,6,Standard,Standard,214,0.0,0.034,,,,-0.034,,2,-2,0.712,0.288,34,29,35,29,3,2,6.0,2.0,5.0,2.0,2.27,1.29,1.29,40.5,,,,,
SI,2024-04-05,86.0,-2.65,6.05,"Hendricks, Kyle",669257,543294,,called_strike,,,,,3,Will Smith doubles (4) on a line drive to left fielder Ian Happ.   Freddie Freeman scores.,R,R,R,CHC,LAD,S,,,0,0,2024,-1.21,0.83,0.61,2.71,,,518692.0,0,5,Top,,,,,,,10.018052160113085,-124.91835378163071,-3.308000928693573,-14.669120353141064,24.245244783170783,-22.93806163193413,3.22,1.49,,,,84.9,1915,5.6,746897,543228,683737,663538,663611,621020,664023,641355,673548,54.92,,,,,,,,43,1,Sinker,6,4,4,6,4,6,4,6,Standard,Standard,213,0.0,-0.042,,,,0.042,,2,-2,0.712,0.288,34,29,35,29,3,2,6.0,2.0,5.0,2.0,2.25,1.21,1.21,43.6,,,,,
FF,2024-04-05,86.0,-3.0,5.93,"Hendricks, Kyle",518692,543294,walk,ball,,,,,11,Freddie Freeman walks.,R,L,R,CHC,LAD,B,,,3,0,2024,-0.65,1.31,-1.27,3.6,,,,0,5,Top,,,,,,,5.329454190723155,-125.15887849858382,-1.9058472242058229,-7.89322587007357,24.830034100277143,-18.258046550622502,3.49,1.64,,,,85.1,1925,5.6,746897,543228,683737,663538,663611,621020,664023,641355,673548,54.87,,0.689131,0.7,1.0,0.0,0.0,,42,4,4-Seam Fastball,6,4,4,6,4,6,4,6,Standard,Standard,216,-0.049,0.197,,,,-0.197,,2,-2,0.761,0.239,34,34,35,35,3,2,6.0,2.0,5.0,1.0,1.77,0.65,-0.65,40.4,,,,,
FF,2024-04-05,85.7,-2.98,5.94,"Hendricks, Kyle",518692,543294,,ball,,,,,11,Freddie Freeman walks.,R,L,R,CHC,LAD,B,,,2,0,2024,-0.42,0.95,-0.93,4.73,,,,0,5,Top,,,,,,,5.583417352121685,-124.8321502870552,1.3637824804263716,-5.490980164921462,22.689458580618844,-22.624471968423894,3.47,1.71,,,,84.3,1891,5.1,746897,543228,683737,663538,663611,621020,664023,641355,673548,55.42,,,,,,,,42,3,4-Seam Fastball,6,4,4,6,4,6,4,6,Standard,Standard,214,0.0,0.147,,,,-0.147,,2,-2,0.761,0.239,34,34,35,35,3,2,6.0,2.0,5.0,1.0,2.12,0.42,-0.42,39.1,,,,,
CH,2024-04-05,80.6,-2.88,6.06,"Hendricks, Kyle",518692,543294,,ball,,,,,11,Freddie Freeman walks.,R,L,R,CHC,LAD,B,,,1,0,2024,-1.28,0.46,-2.0,2.94,,,,0,5,Top,,,,,,,4.314960697285908,-117.24342140276158,-1.0649566893565048,-12.643698113051729,24.706006235717016,-28.00149287288461,3.57,1.69,,,,79.0,2168,5.5,746897,543228,683737,663538,663611,621020,664023,641355,673548,55.05,,,,,,,,42,2,Changeup,6,4,4,6,4,6,4,6,Standard,Standard,233,0.0,0.069,,,,-0.069,,2,-2,0.761,0.239,34,34,35,35,3,2,6.0,2.0,5.0,1.0,3.09,1.28,-1.28,42.4,,,,,
FF,2024-04-05,87.0,-3.01,5.82,"Hendricks, Kyle",518692,543294,,ball,,,,,11,Freddie Freeman walks.,R,L,R,CHC,LAD,B,,,0,0,2024,-0.48,1.21,-1.03,3.19,,,,0,5,Top,,,,,,,5.626129348504668,-126.63972310179123,-2.6297560837628198,-6.288217897330908,24.05544108701241,-18.760361909289173,3.52,1.7,,,,85.9,1963,5.4,746897,543228,683737,663538,663611,621020,664023,641355,673548,55.13,,,,,,,,42,1,4-Seam Fastball,6,4,4,6,4,6,4,6,Standard,Standard,219,0.0,0.038,,,,-0.038,,2,-2,0.761,0.239,34,34,35,35,3,2,6.0,2.0,5.0,1.0,1.78,0.48,-0.48,36.2,,,,,
CH,2024-04-05,79.4,-2.87,6.06,"Hendricks, Kyle",660271,543294,home_run,hit_into_play,,,,,8,Shohei Ohtani homers (2) on a fly ball to right field.    Mookie Betts scores.,R,L,R,CHC,LAD,X,,fly_ball,0,0,2024,-1.4,0.65,-0.09,2.2,,,605141.0,0,5,Top,233.57,91.74,,,,,8.55053160337769,-115.2460588223208,-2.792239973235421,-14.148498835493625,23.03528193744027,-26.02344567907913,3.54,1.65,379.0,105.2,32.0,77.7,2104,5.4,746897,543228,683737,663538,663611,621020,664023,641355,673548,55.09,0.814,1.665,2.0,1.0,0.0,3.0,6.0,41,1,Changeup,6,2,2,6,4,6,4,6,Standard,Standard,231,-0.115,1.056,73.8,8.3,3.217,-1.056,105.2,4,-4,0.876,0.124,34,29,35,30,3,2,6.0,2.0,5.0,1.0,3.0,1.4,-1.4,42.3,20.08430711931142,-15.295300163694336,35.14212834888035,39.95158689492365,39.62909244800247
SI,2024-04-05,86.2,-2.86,5.92,"Hendricks, Kyle",605141,543294,single,hit_into_play,,,,,5,Mookie Betts singles on a sharp line drive to left fielder Ian Happ.,R,R,R,CHC,LAD,X,7.0,line_drive,3,1,2024,-1.18,0.78,-0.24,2.32,,,,0,5,Top,90.84,80.54,,,,,8.47793239950199,-125.298514406871,-3.853760209022296,-14.06635786271937,24.24405476836405,-23.397407782034207,3.24,1.56,218.0,100.3,11.0,85.1,1917,5.5,746897,543228,683737,663538,663611,621020,664023,641355,673548,54.95,0.9,0.866,0.9,1.0,1.0,0.0,4.0,40,5,Sinker,6,2,2,6,2,6,2,6,Standard,Standard,207,-0.029,0.284,67.0,6.6,1.088,-0.284,100.3,4,-4,0.905,0.095,34,31,35,32,3,2,6.0,2.0,5.0,1.0,2.29,1.18,1.18,41.0,2.9560488894663237,-1.8018424987722768,32.273741464549616,34.58215579550446,31.16701729946066
SI,2024-04-05,86.8,-2.82,6.01,"Hendricks, Kyle",605141,543294,,ball,,,,,11,Mookie Betts singles on a sharp line drive to left fielder Ian Happ.,R,R,R,CHC,LAD,B,,,2,1,2024,-1.19,0.82,-0.46,3.59,,,,0,5,Top,,,,,,,7.953109637919452,-126.26210500209604,-1.309963419862184,-14.388497835507987,25.273917294985825,-23.280863268722054,3.18,1.52,,,,85.6,1980,5.5,746897,543228,683737,663538,663611,621020,664023,641355,673548,54.99,,,,,,,,40,4,Sinker,6,2,2,6,2,6,2,6,Standard,Standard,203,0.0,0.122,,,,-0.122,,4,-4,0.905,0.095,34,31,35,32,3,2,6.0,2.0,5.0,1.0,2.2,1.19,1.19,44.4,,,,,
CH,2024-04-05,79.1,-2.86,6.13,"Hendricks, Kyle",605141,543294,,ball,,,,,8,Mookie Betts singles on a sharp line drive to left fielder Ian Happ.,R,R,R,CHC,LAD,B,,,1,1,2024,-0.66,0.95,-0.04,1.6,,,,0,5,Top,,,,,,,7.272727573377926,-115.11736547084304,-4.904035238413626,-7.10471137895386,17.955399756821,-22.995863577372845,3.07,1.47,,,,78.6,1950,5.6,746897,543228,683737,663538,663611,621020,664023,641355,673548,54.94,,,,,,,,40,3,Changeup,6,2,2,6,2,6,2,6,Standard,Standard,226,0.0,0.053,,,,-0.053,,4,-4,0.905,0.095,34,31,35,32,3,2,6.0,2.0,5.0,1.0,2.64,0.66,0.66,43.7,,,,,
SI,2024-04-05,85.5,-2.79,6.07,"Hendricks, Kyle",605141,543294,,called_strike,,,,,3,Mookie Betts singles on a sharp line drive to left fielder Ian Happ.,R,R,R,CHC,LAD,S,,,1,0,2024,-0.99,0.94,0.63,2.73,,,,0,5,Top,,,,,,,9.913623505612907,-124.32001439427488,-3.5357988931377204,-12.041534343987772,20.77195013869661,-21.89953032892901,3.15,1.42,,,,85.0,1927,5.6,746897,543228,683737,663538,663611,621020,664023,641355,673548,54.89,,,,,,,,40,2,Sinker,6,2,2,6,2,6,2,6,Standard,Standard,206,0.0,-0.049,,,,0.049,,4,-4,0.905,0.095,34,31,35,32,3,2,6.0,2.0,5.0,1.0,2.15,0.99,0.99,44.5,,,,,
SI,2024-04-05,86.1,-2.82,5.98,"Hendricks, Kyle",605141,543294,,ball,,,,,14,Mookie Betts singles on a sharp line drive to left fielder Ian Happ.,R,R,R,CHC,LAD,B,,,0,0,2024,-1.29,0.88,1.3,2.31,,,,0,5,Top,,,,,,,12.206805814399056,-124.917381662799,-4.24695468342881,-15.776211156525752,22.489820497557343,-22.22997657154892,3.12,1.52,,,,85.3,1923,5.7,746897,543228,683737,663538,663611,621020,664023,641355,673548,54.78,,,,,,,,40,1,Sinker,6,2,2,6,2,6,2,6,Standard,Standard,222,0.0,0.038,,,,-0.038,,4,-4,0.905,0.095,34,31,35,32,3,2,6.0,2.0,5.0,1.0,2.19,1.29,1.29,42.3,,,,,
CH,2024-04-05,80.4,-2.75,6.07,"Hendricks, Kyle",666158,543294,field_out,hit_into_play,,,,,11,"Gavin Lux grounds out, second baseman Nico Hoerner to first baseman Michael Busch.",R,L,R,CHC,LAD,X,4.0,ground_ball,1,0,2024,-1.59,0.53,-0.91,2.61,606192.0,681546.0,,2,4,Top,141.44,126.68,,,,,6.952677851786211,-116.95537556892047,-1.996710891139016,-15.851465580998624,20.96126987283308,-27.141364399229147,3.37,1.62,141.0,82.6,11.0,79.3,2182,5.4,746897,543228,683737,663538,663611,621020,664023,641355,673548,55.1,0.537,0.483,0.0,1.0,0.0,0.0,4.0,36,2,Changeup,6,2,2,6,2,6,2,6,Standard,Standard,230,0.041,-0.303,70.7,7.3,0.575,0.303,88.0,4,-4,0.878,0.122,34,26,35,27,2,1,6.0,3.0,5.0,2.0,2.99,1.59,-1.59,42.0,13.793579843855452,-0.7082266891755689,28.23541686180945,44.0276493191469,38.2559904660437
CH,2024-04-05,79.8,-2.9,6.08,"Hendricks, Kyle",666158,543294,,ball,,,,,13,"Gavin Lux grounds out, second baseman Nico Hoerner to first baseman Michael Busch.",R,L,R,CHC,LAD,B,,,0,0,2024,-1.36,0.28,-0.95,2.1,606192.0,681546.0,,2,4,Top,,,,,,,6.698849615137728,-116.02852246571832,-2.514592767698388,-13.558393564043191,22.28238613760597,-29.35513971457225,3.25,1.51,,,,78.2,2023,5.2,746897,543228,683737,663538,663611,621020,664023,641355,673548,55.25,,,,,,,,36,1,Changeup,6,2,2,6,2,6,2,6,Standard,Standard,228,0.0,0.021,,,,-0.021,,4,-4,0.878,0.122,34,26,35,27,2,1,6.0,3.0,5.0,2.0,3.31,1.36,-1.36,43.2,,,,,
SI,2024-04-05,87.4,-2.78,6.01,"Hendricks, Kyle",621035,543294,field_out,hit_into_play,,,,,4,Chris Taylor lines out to third baseman Nick Madrigal.,R,R,R,CHC,LAD,X,5.0,line_drive,0,0,2024,-1.23,0.69,-0.29,2.44,606192.0,681546.0,,1,4,Top,98.61,159.28,,,,,8.427937950034046,-127.0273400041909,-3.8186695381657794,-15.09993284042702,26.34746444039077,-24.04697841408799,3.5,1.64,125.0,80.5,12.0,86.2,1988,5.6,746897,543228,683737,663538,663611,621020,664023,641355,673548,54.88,0.574,0.52,0.0,1.0,0.0,0.0,4.0,35,1,Sinker,6,2,2,6,2,6,2,6,Standard,Standard,212,0.058,-0.231,75.2,7.6,0.626,0.231,88.0,4,-4,0.82,0.18,34,33,35,34,2,1,6.0,2.0,5.0,1.0,2.3,1.23,1.23,42.2,14.257252055353703,-5.765987789708062,41.53928523206283,36.92325347835691,36.19970146207074
CH,2024-04-05,80.9,-2.89,6.07,"Hendricks, Kyle",681546,543294,double,hit_into_play,,,,,7,James Outman doubles (1) on a line drive to right fielder Seiya Suzuki.   Teoscar Hernández to 3rd.,R,L,R,CHC,LAD,X,9.0,line_drive,3,2,2024,-1.54,0.58,-0.74,1.82,,,606192.0,1,4,Top,191.82,138.33,,,,,7.572768951436565,-117.473209765234,-3.842183245181985,-15.69375159686914,22.9215922373946,-26.248848387117143,3.47,1.67,135.0,71.8,15.0,79.3,2171,5.4,746897,543228,683737,663538,663611,621020,664023,641355,673548,55.12,0.5,0.45,1.25,1.0,1.0,1.0,4.0,34,7,Changeup,6,2,2,6,2,6,2,6,Standard,Standard,233,-0.064,0.757,68.1,8.8,0.5,-0.757,88.0,4,-4,0.884,0.116,34,27,35,27,2,1,6.0,3.0,5.0,1.0,2.92,1.54,-1.54,40.9,24.85301328708068,-19.628934930297127,38.5020449208939,42.214912050492046,43.83591698902752
CH,2024-04-05,80.3,-2.83,6.06,"Hendricks, Kyle",681546,543294,,foul,,,,,8,James Outman doubles (1) on a line drive to right fielder Seiya Suzuki.   Teoscar Hernández to 3rd.,R,L,R,CHC,LAD,S,,,3,2,2024,-1.31,0.3,-0.11,1.94,,,606192.0,1,4,Top,,,,,,,8.354743988240667,-116.7181731851703,-2.986699054681239,-13.520674923849109,21.07050881843757,-29.047615946221264,3.47,1.67,293.0,93.7,25.0,79.2,2103,5.5,746897,543228,683737,663538,663611,621020,664023,641355,673548,55.01,,,,,,,,34,6,Changeup,6,2,2,6,2,6,2,6,Standard,Standard,236,0.0,0.0,73.2,8.6,,0.0,93.7,4,-4,0.884,0.116,34,27,35,27,2,1,6.0,3.0,5.0,1.0,3.23,1.31,-1.31,41.8,23.613029270494454,-23.687097232967723,38.41835551297124,34.37548040005019,44.34315459835595
FF,2024-04-05,87.0,-3.0,5.85,"Hendricks, Kyle",681546,543294,,foul,,,,,11,James Outman doubles (1) on a line drive to right fielder Seiya Suzuki.   Teoscar Hernández to 3rd.,R,L,R,CHC,LAD,S,,,3,1,2024,-0.94,1.16,-1.04,2.81,,,606192.0,1,4,Top,,,,,,,6.49181082210855,-126.70177889552012,-3.518062166957831,-11.350524891488233,22.829156891970595,-19.156967915353828,3.47,1.67,243.0,73.1,42.0,86.2,2009,5.4,746897,543228,683737,663538,663611,621020,664023,641355,673548,55.05,,,,,,,,34,5,4-Seam Fastball,6,2,2,6,2,6,2,6,Standard,Standard,216,0.0,-0.092,70.9,7.6,,0.092,88.0,4,-4,0.884,0.116,34,27,35,27,2,1,6.0,3.0,5.0,1.0,1.82,0.94,-0.94,38.9,4.134654421997348,8.145731729220087,29.344948495422805,46.77624444257081,23.001183003153983
CH,2024-04-05,79.9,-2.9,6.01,"Hendricks, Kyle",681546,543294,,blocked_ball,,,,,13,James Outman doubles (1) on a line drive to right fielder Seiya Suzuki.   Teoscar Hernández to 3rd.,R,L,R,CHC,LAD,B,,,2,1,2024,-1.51,0.26,-0.25,0.66,,,606192.0,1,4,Top,,,,,,,8.512832361318418,-115.96979364665413,-5.404088367136994,-15.297598856878102,23.217152583929067,-28.893400738419565,3.29,1.47,,,,78.2,2109,5.4,746897,543228,683737,663538,663611,621020,664023,641355,673548,55.08,,,,,,,,34,4,Changeup,6,2,2,6,2,6,2,6,Standard,Standard,228,0.0,0.112,,,,-0.112,,4,-4,0.884,0.116,34,27,35,27,2,1,6.0,3.0,5.0,1.0,3.34,1.51,-1.51,41.8,,,,,
CH,2024-04-05,79.7,-2.82,6.06,"Hendricks, Kyle",681546,543294,,foul,,,,,4,James Outman doubles (1) on a line drive to right fielder Seiya Suzuki.   Teoscar Hernández to 3rd.,R,L,R,CHC,LAD,S,,,2,0,2024,-1.28,0.67,-0.64,2.8,,,606192.0,1,4,Top,,,,,,,7.062272100763384,-116.0420454575717,-1.7489220791168931,-12.858217648177938,18.637868355317483,-25.965788087298296,3.47,1.67,,,,78.9,2214,5.4,746897,543228,683737,663538,663611,621020,664023,641355,673548,55.13,,,,,,,,34,3,Changeup,6,2,2,6,2,6,2,6,Standard,Standard,233,0.0,-0.057,66.7,7.1,,0.057,,4,-4,0.884,0.116,34,27,35,27,2,1,6.0,3.0,5.0,1.0,2.87,1.28,-1.28,42.3,4.254490024146533,9.501412503621076,32.75972162084245,42.01945168681669,24.529383530927536
CH,2024-04-05,78.7,-2.79,6.09,"Hendricks, Kyle",681546,543294,,ball,,,,,11,James Outman doubles (1) on a line drive to right fielder Seiya Suzuki.   Teoscar Hernández to 3rd.,R,L,R,CHC,LAD,B,,,1,0,2024,-1.23,0.57,-1.33,3.86,,,606192.0,1,4,Top,,,,,,,5.368911293463212,-114.58631294059178,0.8355703549010149,-11.85180053818647,19.15389515068716,-27.42809185195008,3.23,1.42,,,,77.8,2195,5.4,746897,543228,683737,663538,663611,621020,664023,641355,673548,55.06,,,,,,,,34,2,Changeup,6,2,2,6,2,6,2,6,Standard,Standard,232,0.0,0.056,,,,-0.056,,4,-4,0.884,0.116,34,27,35,27,2,1,6.0,3.0,5.0,1.0,3.07,1.23,-1.23,41.7,,,,,
FF,2024-04-05,86.7,-2.99,5.91,"Hendricks, Kyle",681546,543294,,ball,,,,,11,James Outman doubles (1) on a line drive to right fielder Seiya Suzuki.   Teoscar Hernández to 3rd.,R,L,R,CHC,LAD,B,,,0,0,2024,-0.66,1.31,-1.24,3.1,,,606192.0,1,4,Top,,,,,,,5.467537624516646,-126.19617277249984,-3.1843658391066514,-8.146156024958591,24.98280921240288,-17.709412555555968,3.33,1.45,,,,85.8,1953,5.6,746897,543228,683737,663538,663611,621020,664023,641355,673548,54.88,,,,,,,,34,1,4-Seam Fastball,6,2,2,6,2,6,2,6,Standard,Standard,217,0.0,0.036,,,,-0.036,,4,-4,0.884,0.116,34,27,35,27,2,1,6.0,3.0,5.0,1.0,1.71,0.66,-0.66,40.0,,,,,
SI,2024-04-05,86.2,-2.9,6.03,"Hendricks, Kyle",606192,543294,single,hit_into_play,,,,,4,Teoscar Hernández singles on a fly ball to right fielder Seiya Suzuki.,R,R,R,CHC,LAD,X,9.0,fly_ball,0,0,2024,-1.39,0.58,-0.5,2.4,,,,1,4,Top,179.24,130.91,,,,,8.38599613254901,-125.31499331780375,-3.535988611473977,-16.342727441161017,25.107664453626548,-25.52473580095521,3.57,1.67,208.0,66.9,42.0,85.1,1967,5.6,746897,543228,683737,663538,663611,621020,664023,641355,673548,54.91,0.411,0.396,0.9,1.0,1.0,0.0,3.0,33,1,Sinker,6,2,2,6,2,6,2,6,Standard,Standard,213,-0.018,0.422,76.1,7.5,0.482,-0.422,88.0,4,-4,0.902,0.098,34,31,35,32,2,1,6.0,2.0,5.0,1.0,2.49,1.39,1.39,40.4,1.9512346554457476,13.202202984559063,35.85235118013345,33.072936942228665,30.795489467471995
CH,2024-04-05,79.7,-2.96,6.05,"Hendricks, Kyle",571970,543294,field_out,hit_into_play,,,,,7,"Max Muncy grounds out, third baseman Nick Madrigal to first baseman Michael Busch.",R,L,R,CHC,LAD,X,5.0,ground_ball,1,1,2024,-1.39,0.36,-0.8,1.47,,,,0,4,Top,102.26,166.77,,,,,7.228206676360839,-115.87049144517631,-3.932800519203507,-13.914337996964251,21.973105277595355,-28.366619116417013,3.03,1.51,10.0,65.6,-8.0,78.5,2058,5.5,746897,543228,683737,663538,663611,621020,664023,641355,673548,54.98,0.071,0.059,0.0,1.0,0.0,0.0,2.0,32,3,Changeup,6,2,2,6,2,6,2,6,Standard,Standard,227,0.016,-0.243,71.6,7.7,0.079,0.243,88.0,4,-4,0.886,0.114,34,33,35,34,2,1,6.0,2.0,5.0,1.0,3.24,1.39,-1.39,43.0,18.706739157977356,-4.696480306834484,39.20568722511619,48.37435889785892,41.0686537594114
FF,2024-04-05,86.0,-3.0,5.89,"Hendricks, Kyle",571970,543294,,called_strike,,,,,4,"Max Muncy grounds out, third baseman Nick Madrigal to first baseman Michael Busch.",R,L,R,CHC,LAD,S,,,1,0,2024,-0.6,1.17,-0.31,2.36,,,,0,4,Top,,,,,,,7.470611882004314,-124.9645943163152,-4.4173213476005255,-7.799633662019473,26.0579891497928,-19.162007400445585,2.9,1.36,,,,84.7,2046,5.6,746897,543228,683737,663538,663611,621020,664023,641355,673548,54.89,,,,,,,,32,2,4-Seam Fastball,6,2,2,6,2,6,2,6,Standard,Standard,223,0.0,-0.049,,,,0.049,,4,-4,0.886,0.114,34,33,35,34,2,1,6.0,2.0,5.0,1.0,1.92,0.6,-0.6,40.8,,,,,
CU,2024-04-05,72.5,-2.95,6.17,"Hendricks, Kyle",571970,543294,,ball,,,,,11,"Max Muncy grounds out, third baseman Nick Madrigal to first baseman Michael Busch.",R,L,R,CHC,LAD,B,,,0,0,2024,1.5,-0.74,-0.69,3.82,,,,0,4,Top,,,,,,,1.913330173261564,-105.3349567873383,4.027049309504818,10.640828021307666,21.165725959264503,-38.69426416821376,3.0,1.37,,,,70.6,2848,5.3,746897,543228,683737,663538,663611,621020,664023,641355,673548,55.19,,,,,,,,32,1,Curveball,6,2,2,6,2,6,2,6,Standard,Standard,49,0.0,0.038,,,,-0.038,,4,-4,0.886,0.114,34,33,35,34,2,1,6.0,2.0,5.0,1.0,5.16,-1.5,1.5,44.0,,,,,
CH,2024-04-05,79.8,-2.75,6.1,"Hendricks, Kyle",669257,543294,field_out,hit_into_play,,,,,9,"Will Smith grounds out, pitcher Kyle Hendricks to first baseman Michael Busch.",R,R,R,CHC,LAD,X,1.0,ground_ball,1,1,2024,-0.73,0.95,0.75,1.93,,,,2,3,Top,127.67,181.9,,,,,8.91884185329187,-116.00858623730136,-4.26840045114701,-8.065854873897205,17.99344583187204,-22.959843853352087,3.36,1.63,20.0,67.8,-3.0,79.2,2090,5.6,746897,543228,683737,663538,663611,621020,664023,641355,673548,54.92,0.1,0.082,0.0,1.0,0.0,0.0,2.0,26,3,Changeup,5,2,2,5,2,5,2,5,Standard,Standard,234,0.009,-0.244,64.5,7.2,0.122,0.244,88.0,3,-3,0.839,0.161,34,29,35,29,2,1,6.0,2.0,5.0,2.0,2.59,0.73,0.73,45.0,11.222993169193694,4.953200542401974,34.328003999242085,45.26549000994461,36.72403557535711
CH,2024-04-05,79.5,-2.72,6.09,"Hendricks, Kyle",669257,543294,,ball,,,,,12,"Will Smith grounds out, pitcher Kyle Hendricks to first baseman Michael Busch.",R,R,R,CHC,LAD,B,,,0,1,2024,-0.35,0.99,1.23,2.88,,,,2,3,Top,,,,,,,9.164366011224116,-115.42251023940346,-2.126964191894868,-4.782704307710441,20.449994579401448,-23.087626697865037,3.26,1.45,,,,78.4,2023,5.5,746897,543228,683737,663538,663611,621020,664023,641355,673548,54.96,,,,,,,,26,2,Changeup,5,2,2,5,2,5,2,5,Standard,Standard,234,0.0,0.029,,,,-0.029,,3,-3,0.839,0.161,34,29,35,29,2,1,6.0,2.0,5.0,2.0,2.62,0.35,0.35,44.5,,,,,
SI,2024-04-05,86.7,-2.82,6.04,"Hendricks, Kyle",669257,543294,,swinging_strike,,,,,2,"Will Smith grounds out, pitcher Kyle Hendricks to first baseman Michael Busch.",R,R,R,CHC,LAD,S,,,0,0,2024,-1.19,0.66,0.05,2.83,,,,2,3,Top,,,,,,,9.15388001230018,-126.06727228703768,-2.812253213615078,-14.479397498200466,23.938131608789508,-24.781094202819457,3.36,1.63,,,,85.8,1996,5.6,746897,543228,683737,663538,663611,621020,664023,641355,673548,54.87,,,,,,,,26,1,Sinker,5,2,2,5,2,5,2,5,Standard,Standard,211,0.0,-0.041,69.5,6.5,,0.041,,3,-3,0.839,0.161,34,29,35,29,2,1,6.0,2.0,5.0,2.0,2.36,1.19,1.19,43.0,-3.642302644483665,12.27809423229201,28.04682599395347,36.40724335505666,21.836641411760155
CH,2024-04-05,81.0,-2.9,6.1,"Hendricks, Kyle",518692,543294,field_out,hit_into_play,,,,,13,Freddie Freeman lines out to third baseman Nick Madrigal.,R,L,R,CHC,LAD,X,5.0,line_drive,2,2,2024,-1.4,0.34,-0.46,1.44,,,,1,3,Top,110.13,161.93,,,,,7.9565608743001395,-117.672545637434,-4.356627201141784,-14.489188738763598,22.120589147905036,-28.399696434254643,3.64,1.82,137.0,99.0,7.0,79.5,2077,5.3,746897,543228,683737,663538,663611,621020,664023,641355,673548,55.16,0.617,0.589,0.0,1.0,0.0,0.0,4.0,25,5,Changeup,5,2,2,5,2,5,2,5,Standard,Standard,229,0.014,-0.225,70.0,6.8,0.717,0.225,99.0,3,-3,0.825,0.175,34,34,35,35,2,1,6.0,2.0,5.0,1.0,3.15,1.4,-1.4,43.7,-4.847730421179977,9.320930906504234,48.96419985781679,40.58628179697177,21.465683218343177
CU,2024-04-05,73.0,-2.89,6.06,"Hendricks, Kyle",518692,543294,,ball,,,,,14,Freddie Freeman lines out to third baseman Nick Madrigal.,R,L,R,CHC,LAD,B,,,1,2,2024,1.41,-1.05,0.36,1.17,,,,1,3,Top,,,,,,,4.041280751329409,-106.2103489091674,-0.586582342117648,9.723385560314863,21.32358806276586,-40.11975093455564,3.42,1.56,,,,71.3,2952,5.4,746897,543228,683737,663538,663611,621020,664023,641355,673548,55.1,,,,,,,,25,4,Curveball,5,2,2,5,2,5,2,5,Standard,Standard,43,0.0,0.043,,,,-0.043,,3,-3,0.825,0.175,34,34,35,35,2,1,6.0,2.0,5.0,1.0,5.39,-1.41,1.41,44.0,,,,,
FF,2024-04-05,87.8,-3.06,5.84,"Hendricks, Kyle",518692,543294,,called_strike,,,,,11,Freddie Freeman lines out to third baseman Nick Madrigal.,R,L,R,CHC,LAD,S,,,1,1,2024,-0.34,1.25,-1.0,3.12,,,,1,3,Top,,,,,,,5.592708518757814,-127.76750084204836,-3.037417338056308,-4.796146469171656,25.166219156722,-18.04256303035431,3.4,1.68,,,,86.7,2049,5.5,746897,543228,683737,663538,663611,621020,664023,641355,673548,55.01,,,,,,,,25,3,4-Seam Fastball,5,2,2,5,2,5,2,5,Standard,Standard,220,0.0,-0.061,,,,0.061,,3,-3,0.825,0.175,34,34,35,35,2,1,6.0,2.0,5.0,1.0,1.7,0.34,-0.34,37.1,,,,,
FF,2024-04-05,86.7,-2.89,5.82,"Hendricks, Kyle",518692,543294,,foul,,,,,8,Freddie Freeman lines out to third baseman Nick Madrigal.,R,L,R,CHC,LAD,S,,,1,0,2024,-0.69,1.12,-0.02,1.82,,,,1,3,Top,,,,,,,8.140594474023333,-125.8435822662675,-5.511793023848737,-9.075839623010134,27.37217486058637,-19.305091986085188,3.64,1.82,4.0,69.9,-23.0,85.3,1984,5.7,746897,543228,683737,663538,663611,621020,664023,641355,673548,54.84,,,,,,,,25,2,4-Seam Fastball,5,2,2,5,2,5,2,5,Standard,Standard,220,0.0,-0.051,37.4,5.0,,0.051,88.0,3,-3,0.825,0.175,34,34,35,35,2,1,6.0,2.0,5.0,1.0,1.94,0.69,-0.69,39.8,-23.087573198007817,36.78579290841999,46.99446150071432,35.95860171043216,2.2156383835001607
FF,2024-04-05,86.0,-2.94,6.02,"Hendricks, Kyle",518692,543294,,ball,,,,,11,Freddie Freeman lines out to third baseman Nick Madrigal.,R,L,R,CHC,LAD,B,,,0,0,2024,-0.38,1.14,-0.13,4.27,,,,1,3,Top,,,,,,,7.297569191781601,-125.08662918448388,-0.1982562965010975,-5.493798640705187,26.3025308051142,-20.397564169802944,3.4,1.52,,,,84.5,2016,5.4,746897,543228,683737,663538,663611,621020,664023,641355,673548,55.06,,,,,,,,25,1,4-Seam Fastball,5,2,2,5,2,5,2,5,Standard,Standard,216,0.0,0.039,,,,-0.039,,3,-3,0.825,0.175,34,34,35,35,2,1,6.0,2.0,5.0,1.0,1.95,0.38,-0.38,41.5,,,,,
CH,2024-04-05,80.8,-2.82,6.12,"Hendricks, Kyle",660271,543294,field_out,hit_into_play,,,,,7,"Shohei Ohtani grounds out, first baseman Michael Busch to pitcher Kyle Hendricks.",R,L,R,CHC,LAD,X,3.0,ground_ball,1,2,2024,-1.35,0.78,-0.77,2.12,,,,0,3,Top,161.56,167.38,,,,,6.9643031483016085,-117.36654298204328,-3.609972230555841,-13.808240024911294,24.125959321212576,-24.469676708099097,3.54,1.65,9.0,83.1,-13.0,78.9,2114,5.2,746897,543228,683737,663538,663611,621020,664023,641355,673548,55.26,0.094,0.087,0.0,1.0,0.0,0.0,2.0,24,4,Changeup,5,2,2,5,2,5,2,5,Standard,Standard,232,0.02,-0.186,71.0,8.6,0.109,0.186,88.0,3,-3,0.805,0.195,34,29,35,30,2,1,6.0,2.0,5.0,1.0,2.75,1.35,-1.35,42.5,13.77918524860771,-12.661725540557413,30.35272885562241,48.42247137432474,34.83587654792622
CH,2024-04-05,79.7,-2.86,6.08,"Hendricks, Kyle",660271,543294,,foul,,,,,8,"Shohei Ohtani grounds out, first baseman Michael Busch to pitcher Kyle Hendricks.",R,L,R,CHC,LAD,S,,,1,1,2024,-1.22,0.31,0.17,2.11,,,,0,3,Top,,,,,,,8.775637063608718,-115.80652202584092,-2.515311492990965,-12.630034392314236,21.422089067399853,-29.103057237483213,3.54,1.65,5.0,65.3,-24.0,78.4,2159,5.4,746897,543228,683737,663538,663611,621020,664023,641355,673548,55.1,,,,,,,,24,3,Changeup,5,2,2,5,2,5,2,5,Standard,Standard,225,0.0,-0.056,64.0,8.9,,0.056,88.0,3,-3,0.805,0.195,34,29,35,30,2,1,6.0,2.0,5.0,1.0,3.29,1.22,-1.22,42.4,25.50881271724169,-29.454986441101163,33.73384841314008,38.50386066873145,45.95962037567387
CH,2024-04-05,80.4,-2.91,6.11,"Hendricks, Kyle",660271,543294,,ball,,,,,14,"Shohei Ohtani grounds out, first baseman Michael Busch to pitcher Kyle Hendricks.",R,L,R,CHC,LAD,B,,,0,1,2024,-1.24,0.48,0.01,1.3,,,,0,3,Top,,,,,,,8.669491145135105,-116.80004139247644,-4.829003857131852,-12.947123445016004,21.070679823094977,-27.03344827468068,3.41,1.64,,,,79.3,2160,5.5,746897,543228,683737,663538,663611,621020,664023,641355,673548,54.95,,,,,,,,24,2,Changeup,5,2,2,5,2,5,2,5,Standard,Standard,228,0.0,0.025,,,,-0.025,,3,-3,0.805,0.195,34,29,35,30,2,1,6.0,2.0,5.0,1.0,3.04,1.24,-1.24,42.3,,,,,
FF,2024-04-05,86.3,-2.97,5.9,"Hendricks, Kyle",660271,543294,,called_strike,,,,,2,"Shohei Ohtani grounds out, first baseman Michael Busch to pitcher Kyle Hendricks.",R,L,R,CHC,LAD,S,,,0,0,2024,-0.12,1.48,-0.24,3.26,,,,0,3,Top,,,,,,,6.643816492079327,-125.66252465130202,-3.1096736623398757,-2.403408613926544,21.687409616712905,-15.934286219974792,3.36,1.46,,,,85.6,1998,5.4,746897,543228,683737,663538,663611,621020,664023,641355,673548,55.06,,,,,,,,24,1,4-Seam Fastball,5,2,2,5,2,5,2,5,Standard,Standard,215,0.0,-0.037,,,,0.037,,3,-3,0.805,0.195,34,29,35,30,2,1,6.0,2.0,5.0,1.0,1.54,0.12,-0.12,39.1,,,,,
SI,2024-04-05,87.5,-2.77,6.05,"Hendricks, Kyle",605141,543294,field_out,hit_into_play,,,,,4,Mookie Betts pops out to first baseman Michael Busch in foul territory.,R,R,R,CHC,LAD,X,3.0,popup,1,0,2024,-1.49,0.71,-0.57,2.44,,,,2,2,Top,170.64,179.48,,,,,8.237460351547778,-127.217381203293,-3.997001811679062,-17.820630463713428,25.46011174542926,-23.809232814631464,3.24,1.56,140.0,85.1,65.0,86.3,2033,5.5,746897,543228,683737,663538,663611,621020,664023,641355,673548,54.96,0.014,0.014,0.0,1.0,0.0,0.0,3.0,13,2,Sinker,0,2,2,0,2,0,2,0,Standard,Standard,211,0.008,-0.295,68.1,6.9,0.016,0.295,88.0,-2,2,0.323,0.677,34,31,35,32,2,1,6.0,2.0,5.0,1.0,2.26,1.49,1.49,44.5,10.019360363274584,-9.385711616392022,36.941887387836736,32.18915730553893,35.52599676357933
CU,2024-04-05,74.3,-2.85,6.16,"Hendricks, Kyle",605141,543294,,ball,,,,,14,Mookie Betts pops out to first baseman Michael Busch in foul territory.,R,R,R,CHC,LAD,B,,,0,0,2024,1.46,-1.01,1.81,2.05,,,,2,2,Top,,,,,,,6.83485655031425,-107.78586166000456,0.7982601656710839,9.646127687506814,24.016161814238007,-40.37602649116134,3.2,1.44,,,,72.1,2867,5.4,746897,543228,683737,663538,663611,621020,664023,641355,673548,55.06,,,,,,,,13,1,Curveball,0,2,2,0,2,0,2,0,Standard,Standard,48,0.0,0.04,,,,-0.04,,-2,2,0.323,0.677,34,31,35,32,2,1,6.0,2.0,5.0,1.0,5.27,-1.46,-1.46,53.7,,,,,
CH,2024-04-05,81.1,-2.83,6.04,"Hendricks, Kyle",666158,543294,strikeout,swinging_strike,,,,,13,Gavin Lux strikes out swinging.,R,L,R,CHC,LAD,S,2.0,,2,2,2024,-1.44,0.53,-0.32,1.23,,,,1,2,Top,,,,,,,8.19721094095918,-117.78161571813898,-5.019269360555822,-14.966721710369498,24.18304333184328,-26.43914485688976,3.37,1.62,,,,79.6,2171,5.5,746897,543228,683737,663538,663611,621020,664023,641355,673548,54.99,,0.0,0.0,1.0,0.0,0.0,,12,5,Changeup,0,2,2,0,2,0,2,0,Standard,Standard,231,0.012,-0.225,59.8,8.5,,0.225,,-2,2,0.311,0.689,34,26,35,27,1,0,6.0,3.0,5.0,2.0,2.97,1.44,-1.44,43.5,23.06580527625806,-24.376103657638254,37.89979809923319,40.41771862811221,49.19635495915216
FF,2024-04-05,88.1,-2.98,5.93,"Hendricks, Kyle",666158,543294,,ball,,,,,11,Gavin Lux strikes out swinging.,R,L,R,CHC,LAD,B,,,1,2,2024,-0.68,1.32,-0.96,3.94,,,,1,2,Top,,,,,,,6.224351797959406,-128.12989849608616,-1.4151676121417922,-8.78787909643382,28.469946289808075,-17.625285304848894,3.16,1.44,,,,86.6,2021,5.5,746897,543228,683737,663538,663611,621020,664023,641355,673548,54.95,,,,,,,,12,4,4-Seam Fastball,0,2,2,0,2,0,2,0,Standard,Standard,213,0.0,0.043,,,,-0.043,,-2,2,0.311,0.689,34,26,35,27,1,0,6.0,3.0,5.0,2.0,1.64,0.68,-0.68,40.9,,,,,
CH,2024-04-05,81.4,-2.89,6.1,"Hendricks, Kyle",666158,543294,,swinging_strike,,,,,13,Gavin Lux strikes out swinging.,R,L,R,CHC,LAD,S,,,1,1,2024,-1.4,0.67,-0.33,1.31,,,,1,2,Top,,,,,,,8.243099462149347,-118.23223520078967,-5.3325989536079605,-14.723235214869195,22.51769913892083,-25.0535514162238,3.37,1.62,,,,79.8,2179,5.3,746897,543228,683737,663538,663611,621020,664023,641355,673548,55.24,,,,,,,,12,3,Changeup,0,2,2,0,2,0,2,0,Standard,Standard,228,0.0,-0.061,67.3,8.4,,0.061,,-2,2,0.311,0.689,34,26,35,27,1,0,6.0,3.0,5.0,2.0,2.78,1.4,-1.4,42.8,22.23787462305945,-22.231765922791418,36.64518282129401,40.25373886284717,51.06259435310497
FF,2024-04-05,86.9,-2.96,6.0,"Hendricks, Kyle",666158,543294,,ball,,,,,11,Gavin Lux strikes out swinging.,R,L,R,CHC,LAD,B,,,0,1,2024,-0.87,1.37,-0.43,3.86,,,,1,2,Top,,,,,,,7.715522353082526,-126.3807275230566,-1.732859284454782,-10.872912677253652,25.459154179852217,-17.288050206891594,3.18,1.4,,,,85.7,1958,5.5,746897,543228,683737,663538,663611,621020,664023,641355,673548,54.97,,,,,,,,12,2,4-Seam Fastball,0,2,2,0,2,0,2,0,Standard,Standard,216,0.0,0.024,,,,-0.024,,-2,2,0.311,0.689,34,26,35,27,1,0,6.0,3.0,5.0,2.0,1.64,0.87,-0.87,41.8,,,,,
FF,2024-04-05,87.1,-3.0,5.91,"Hendricks, Kyle",666158,543294,,called_strike,,,,,11,Gavin Lux strikes out swinging.,R,L,R,CHC,LAD,S,,,0,0,2024,-0.85,1.18,-1.23,2.47,,,,1,2,Top,,,,,,,5.918435938847028,-126.80496991988907,-4.509676565597081,-10.332143490383576,23.64883013422111,-18.640734888454936,3.16,1.5,,,,86.3,1984,5.5,746897,543228,683737,663538,663611,621020,664023,641355,673548,54.96,,,,,,,,12,1,4-Seam Fastball,0,2,2,0,2,0,2,0,Standard,Standard,217,0.0,-0.037,,,,0.037,,-2,2,0.311,0.689,34,26,35,27,1,0,6.0,3.0,5.0,2.0,1.8,0.85,-0.85,41.0,,,,,
SI,2024-04-05,87.2,-2.86,6.04,"Hendricks, Kyle",621035,543294,field_out,hit_into_play,,,,,7,"Chris Taylor grounds out, shortstop Dansby Swanson to first baseman Michael Busch.",R,R,R,CHC,LAD,X,6.0,ground_ball,1,2,2024,-1.2,0.61,-0.33,2.03,,,,0,2,Top,119.09,164.04,,,,,8.406588973230816,-126.66908294670353,-4.668534068959071,-14.605391165629367,25.11265486702656,-24.87768859163396,3.5,1.64,5.0,61.4,-20.0,86.1,1876,5.6,746897,543228,683737,663538,663611,621020,664023,641355,673548,54.91,0.054,0.061,0.0,1.0,0.0,0.0,2.0,11,4,Sinker,0,2,2,0,2,0,2,0,Standard,Standard,216,0.017,-0.186,72.4,6.7,0.067,0.186,88.0,-2,2,0.294,0.706,34,33,35,34,1,0,6.0,2.0,5.0,1.0,2.39,1.2,1.2,42.9,-5.301192715521188,16.792910211580498,44.33864045435037,35.935112685503455,26.904286349227657
SI,2024-04-05,86.9,-2.76,6.09,"Hendricks, Kyle",621035,543294,,ball,,,,,14,"Chris Taylor grounds out, shortstop Dansby Swanson to first baseman Michael Busch.",R,R,R,CHC,LAD,B,,,0,2,2024,-1.11,0.5,1.74,2.57,,,,0,2,Top,,,,,,,12.797478429079105,-125.88249622596864,-3.228948746429398,-14.280021119119302,24.19627124654113,-26.34954520999369,3.49,1.65,,,,85.6,1839,5.6,746897,543228,683737,663538,663611,621020,664023,641355,673548,54.94,,,,,,,,11,3,Sinker,0,2,2,0,2,0,2,0,Standard,Standard,214,0.0,0.023,,,,-0.023,,-2,2,0.294,0.706,34,33,35,34,1,0,6.0,2.0,5.0,1.0,2.53,1.11,1.11,46.6,,,,,
CH,2024-04-05,79.9,-2.79,6.11,"Hendricks, Kyle",621035,543294,,called_strike,,,,,6,"Chris Taylor grounds out, shortstop Dansby Swanson to first baseman Michael Busch.",R,R,R,CHC,LAD,S,,,0,1,2024,-0.17,0.88,0.51,2.75,,,,0,2,Top,,,,,,,7.445591618890269,-116.10341330299644,-2.27183012501907,-2.93510953451284,22.218092698240103,-23.96263566928532,3.37,1.43,,,,78.4,2017,5.4,746897,543228,683737,663538,663611,621020,664023,641355,673548,55.12,,,,,,,,11,2,Changeup,0,2,2,0,2,0,2,0,Standard,Standard,233,0.0,-0.054,,,,0.054,,-2,2,0.294,0.706,34,33,35,34,1,0,6.0,2.0,5.0,1.0,2.7,0.17,0.17,43.4,,,,,
FF,2024-04-05,86.3,-2.84,6.0,"Hendricks, Kyle",621035,543294,,called_strike,,,,,9,"Chris Taylor grounds out, shortstop Dansby Swanson to first baseman Michael Busch.",R,R,R,CHC,LAD,S,,,0,0,2024,-1.22,0.61,0.33,1.9,,,,0,2,Top,,,,,,,9.872931223174666,-125.2549598775014,-4.738344307938845,-14.748450508165533,23.36655117696565,-24.93353661031314,3.37,1.49,,,,85.4,1747,5.7,746897,543228,683737,663538,663611,621020,664023,641355,673548,54.79,,,,,,,,11,1,4-Seam Fastball,0,2,2,0,2,0,2,0,Standard,Standard,177,0.0,-0.037,,,,0.037,,-2,2,0.294,0.706,34,33,35,34,1,0,6.0,2.0,5.0,1.0,2.44,1.22,1.22,42.0,,,,,
CH,2024-04-05,81.2,-2.78,6.07,"Hendricks, Kyle",681546,543294,strikeout,swinging_strike,,,,,13,James Outman strikes out swinging.,R,L,R,CHC,LAD,S,2.0,,1,2,2024,-1.63,0.85,-0.85,1.88,669257.0,,606192.0,2,1,Top,,,,,,,7.295013003161848,-117.97666806906363,-4.345525858136071,-16.594964502092356,21.093751044979783,-23.62301292649394,3.47,1.67,,,,79.9,2126,5.3,746897,543228,683737,663538,663611,621020,664023,641355,673548,55.17,,0.0,0.0,1.0,0.0,0.0,,7,5,Changeup,0,2,2,0,2,0,2,0,Standard,Standard,231,0.036,-0.193,67.6,8.8,,0.193,,-2,2,0.306,0.694,34,27,35,27,1,0,6.0,3.0,5.0,1.0,2.6,1.63,-1.63,42.7,27.565172756078866,-27.29399056491811,32.47445491928262,47.57733321454356,45.424619807615954
CH,2024-04-05,80.9,-2.84,6.09,"Hendricks, Kyle",681546,543294,,foul,,,,,4,James Outman strikes out swinging.,R,L,R,CHC,LAD,S,,,1,2,2024,-1.23,0.74,-0.29,2.45,669257.0,,606192.0,2,1,Top,,,,,,,7.867242784417207,-117.53149341279052,-2.827455020579857,-12.947939616640053,22.95888828096544,-25.01102729456825,3.47,1.67,28.0,77.9,83.0,79.4,2178,5.4,746897,543228,683737,663538,663611,621020,664023,641355,673548,55.11,,,,,,,,7,4,Changeup,0,2,2,0,2,0,2,0,Standard,Standard,230,0.0,0.0,70.7,8.4,,0.0,88.0,-2,2,0.306,0.694,34,27,35,27,1,0,6.0,3.0,5.0,1.0,2.77,1.23,-1.23,43.6,27.602712584832005,-18.07459500477725,32.608958104654064,40.83291321822951,42.44705363136157
CH,2024-04-05,80.9,-2.81,6.08,"Hendricks, Kyle",681546,543294,,swinging_strike,,,,,13,James Outman strikes out swinging.,R,L,R,CHC,LAD,S,,,1,1,2024,-1.42,0.81,-1.03,1.88,669257.0,,606192.0,2,1,Top,,,,,,,6.548958590080122,-117.66341470483206,-4.215634492644294,-14.424894921108192,22.25138441274733,-24.015430931290236,3.47,1.67,,,,79.5,2053,5.3,746897,543228,683737,663538,663611,621020,664023,641355,673548,55.15,,,,,,,,7,3,Changeup,0,2,2,0,2,0,2,0,Standard,Standard,236,0.0,-0.078,62.9,8.7,,0.078,,-2,2,0.306,0.694,34,27,35,27,1,0,6.0,3.0,5.0,1.0,2.67,1.42,-1.42,41.6,30.427939948188648,-28.175461527663398,32.78422569735986,49.29483947664039,45.79800610948356
CH,2024-04-05,80.9,-2.76,6.08,"Hendricks, Kyle",681546,543294,,called_strike,,,,,11,James Outman strikes out swinging.,R,L,R,CHC,LAD,S,,,1,0,2024,-1.35,0.82,-0.84,3.37,669257.0,,606192.0,2,1,Top,,,,,,,6.7282753664810455,-117.650150633299,-0.9231278345337982,-13.839271184300664,23.01079187141805,-24.64764358608636,3.34,1.5,,,,79.5,2256,5.4,746897,543228,683737,663538,663611,621020,664023,641355,673548,55.08,,,,,,,,7,2,Changeup,0,2,2,0,2,0,2,0,Standard,Standard,226,0.0,-0.045,,,,0.045,,-2,2,0.306,0.694,34,27,35,27,1,0,6.0,3.0,5.0,1.0,2.68,1.35,-1.35,42.7,,,,,
FF,2024-04-05,88.7,-2.84,5.95,"Hendricks, Kyle",681546,543294,,ball,,,,,11,James Outman strikes out swinging.,R,L,R,CHC,LAD,B,,,0,0,2024,-0.9,1.63,-1.3,3.1,669257.0,,606192.0,2,1,Top,,,,,,,5.532873245885382,-129.1013256843827,-4.284475749140437,-11.178984406332996,25.98271735608829,-13.170411189879395,3.32,1.51,,,,87.2,2050,5.3,746897,543228,683737,663538,663611,621020,664023,641355,673548,55.24,,,,,,,,7,1,4-Seam Fastball,0,2,2,0,2,0,2,0,Standard,Standard,219,0.0,0.03,,,,-0.03,,-2,2,0.306,0.694,34,27,35,27,1,0,6.0,3.0,5.0,1.0,1.25,0.9,-0.9,39.0,,,,,
SI,2024-04-05,89.1,-2.63,6.09,"Hendricks, Kyle",606192,543294,single,hit_into_play,,,,,8,Teoscar Hernández singles on a ground ball to center fielder Cody Bellinger.   Shohei Ohtani scores.    Freddie Freeman scores.    Will Smith to 3rd.,R,R,R,CHC,LAD,X,8.0,ground_ball,3,2,2024,-1.38,0.54,0.13,2.15,660271.0,518692.0,669257.0,2,1,Top,134.0,101.04,,,,,9.53366348809906,-129.405371416195,-4.6796457591843605,-17.58475654516065,28.146351798276147,-25.31422675058568,3.57,1.67,129.0,109.2,7.0,87.6,1952,5.5,746897,543228,683737,663538,663611,621020,664023,641355,673548,54.96,0.691,0.648,0.9,1.0,1.0,0.0,4.0,6,6,Sinker,0,0,0,0,2,0,2,0,Standard,Standard,216,-0.169,0.429,76.3,7.4,0.817,-0.429,109.2,0,0,0.475,0.525,34,31,35,32,1,0,6.0,2.0,5.0,1.0,2.36,1.38,1.38,45.0,9.22408837259875,21.16152114217718,33.99980759855444,40.32741878742559,27.74358888075781
CH,2024-04-05,81.2,-2.67,6.1,"Hendricks, Kyle",606192,543294,,ball,,,,,14,Teoscar Hernández singles on a ground ball to center fielder Cody Bellinger.   Shohei Ohtani scores.    Freddie Freeman scores.    Will Smith to 3rd.,R,R,R,CHC,LAD,B,,,2,2,2024,-0.78,1.0,1.39,2.19,660271.0,518692.0,669257.0,2,1,Top,,,,,,,10.411204627126486,-117.77074572280677,-3.957251467238757,-9.242330493410549,22.608460524108875,-22.2650498899455,3.51,1.67,,,,79.9,2196,5.6,746897,543228,683737,663538,663611,621020,664023,641355,673548,54.93,,,,,,,,6,5,Changeup,0,0,0,0,0,0,0,0,Standard,Standard,228,0.0,0.103,,,,-0.103,,0,0,0.475,0.525,34,31,35,32,1,0,6.0,2.0,5.0,1.0,2.48,0.78,0.78,43.9,,,,,
CH,2024-04-05,80.4,-2.6,6.15,"Hendricks, Kyle",606192,543294,,blocked_ball,,,,,14,Teoscar Hernández singles on a ground ball to center fielder Cody Bellinger.   Shohei Ohtani scores.    Freddie Freeman scores.    Will Smith to 3rd.,R,R,R,CHC,LAD,B,,,1,2,2024,-0.45,1.11,1.86,0.68,660271.0,518692.0,669257.0,2,1,Top,,,,,,,10.54243533992866,-116.50797962571248,-7.392674107038443,-6.0860981352369565,22.07306049580865,-20.772811891780503,3.46,1.59,,,,79.0,2150,5.6,746897,543228,683737,663538,663611,621020,664023,641355,673548,54.91,,,,,,,,6,4,Changeup,0,0,0,0,0,0,0,0,Standard,Standard,232,0.0,0.052,,,,-0.052,,0,0,0.475,0.525,34,31,35,32,1,0,6.0,2.0,5.0,1.0,2.45,0.45,0.45,45.1,,,,,
SI,2024-04-05,89.1,-2.73,6.04,"Hendricks, Kyle",606192,543294,,foul,,,,,4,Teoscar Hernández singles on a ground ball to center fielder Cody Bellinger.   Shohei Ohtani scores.    Freddie Freeman scores.    Will Smith to 3rd.,R,R,R,CHC,LAD,S,,,1,1,2024,-1.29,0.86,-0.49,2.74,660271.0,518692.0,669257.0,2,1,Top,,,,,,,8.09649190199135,-129.48164381922666,-3.854318399791455,-16.218764823892993,26.035505185626715,-21.91066664001881,3.57,1.67,209.0,68.4,34.0,88.0,1969,5.6,746897,543228,683737,663538,663611,621020,664023,641355,673548,54.89,,,,,,,,6,3,Sinker,0,0,0,0,0,0,0,0,Standard,Standard,214,0.0,-0.05,74.0,7.3,,0.05,88.0,0,0,0.475,0.525,34,31,35,32,1,0,6.0,2.0,5.0,1.0,2.01,1.29,1.29,43.6,3.6855992012360512,8.77663238218808,35.66449678424023,33.44622672086096,24.80976043952113
CH,2024-04-05,80.4,-2.69,6.11,"Hendricks, Kyle",606192,543294,,ball,,,,,12,Teoscar Hernández singles on a ground ball to center fielder Cody Bellinger.   Shohei Ohtani scores.    Freddie Freeman scores.    Will Smith to 3rd.,R,R,R,CHC,LAD,B,,,0,1,2024,-0.65,1.28,1.45,2.79,660271.0,518692.0,669257.0,2,1,Top,,,,,,,10.228062233609094,-116.61800487381365,-3.0194621582022894,-7.884627296018875,22.184782967772392,-20.150241566314754,3.49,1.68,,,,78.9,2186,5.5,746897,543228,683737,663538,663611,621020,664023,641355,673548,55.04,,,,,,,,6,2,Changeup,0,0,0,0,0,0,0,0,Standard,Standard,227,0.0,0.031,,,,-0.031,,0,0,0.475,0.525,34,31,35,32,1,0,6.0,2.0,5.0,1.0,2.28,0.65,0.65,43.9,,,,,
SI,2024-04-05,88.3,-2.69,6.06,"Hendricks, Kyle",606192,543294,,called_strike,,,,,6,Teoscar Hernández singles on a ground ball to center fielder Cody Bellinger.   Shohei Ohtani scores.    Freddie Freeman scores.    Will Smith to 3rd.,R,R,R,CHC,LAD,S,,,0,0,2024,-1.18,0.65,0.42,2.52,660271.0,518692.0,669257.0,2,1,Top,,,,,,,9.895933263541114,-128.25256167662585,-3.854719519434081,-15.07463807721913,25.474478070554387,-24.401232718858378,3.49,1.59,,,,87.3,1885,5.7,746897,543228,683737,663538,663611,621020,664023,641355,673548,54.8,,,,,,,,6,1,Sinker,0,0,0,0,0,0,0,0,Standard,Standard,213,0.0,-0.044,,,,0.044,,0,0,0.475,0.525,34,31,35,32,1,0,6.0,2.0,5.0,1.0,2.28,1.18,1.18,44.7,,,,,
CH,2024-04-05,82.4,-2.76,6.13,"Hendricks, Kyle",571970,543294,strikeout,swinging_strike,,,,,7,Max Muncy strikes out swinging.,R,L,R,CHC,LAD,S,2.0,,1,2,2024,-1.26,0.63,-0.51,1.65,660271.0,518692.0,669257.0,1,1,Top,,,,,,,7.382255271933315,-119.71964942360567,-4.845135065310432,-13.472682524532402,21.595416177081184,-25.389097302108503,3.03,1.51,,,,81.1,2232,5.3,746897,543228,683737,663538,663611,621020,664023,641355,673548,55.19,,0.0,0.0,1.0,0.0,0.0,,5,4,Changeup,0,0,0,0,0,0,0,0,Standard,Standard,228,0.073,-0.18,64.5,8.5,,0.18,,0,0,0.402,0.598,34,33,35,34,1,0,6.0,2.0,5.0,1.0,2.72,1.26,-1.26,44.4,34.54842851293149,-42.30263831188824,38.37373099072362,43.652377160894375,55.78822157891025
CH,2024-04-05,81.2,-2.78,6.11,"Hendricks, Kyle",571970,543294,,called_strike,,,,,1,Max Muncy strikes out swinging.,R,L,R,CHC,LAD,S,,,1,1,2024,-1.4,0.55,-0.72,2.88,660271.0,518692.0,669257.0,1,1,Top,,,,,,,7.142428894016213,-118.09267799065456,-1.6119152754345407,-14.460512177302586,23.451159052332,-26.938391649411177,3.07,1.5,,,,79.7,2199,5.4,746897,543228,683737,663538,663611,621020,664023,641355,673548,55.13,,,,,,,,5,3,Changeup,0,0,0,0,0,0,0,0,Standard,Standard,232,0.0,-0.07,,,,0.07,,0,0,0.402,0.598,34,33,35,34,1,0,6.0,2.0,5.0,1.0,2.92,1.4,-1.4,43.0,,,,,
FF,2024-04-05,87.7,-2.79,5.98,"Hendricks, Kyle",571970,543294,,ball,,,,,12,Max Muncy strikes out swinging.,R,L,R,CHC,LAD,B,,,0,1,2024,-0.64,1.36,0.19,3.66,660271.0,518692.0,669257.0,1,1,Top,,,,,,,8.375199434878036,-127.56478441165152,-2.265365769806947,-8.676028606860015,25.743637848763225,-17.07215377016559,3.01,1.5,,,,86.3,2058,5.4,746897,543228,683737,663538,663611,621020,664023,641355,673548,55.13,,,,,,,,5,2,4-Seam Fastball,0,0,0,0,0,0,0,0,Standard,Standard,218,0.0,0.017,,,,-0.017,,0,0,0.402,0.598,34,33,35,34,1,0,6.0,2.0,5.0,1.0,1.6,0.64,-0.64,41.0,,,,,
FF,2024-04-05,88.3,-2.81,5.96,"Hendricks, Kyle",571970,543294,,called_strike,,,,,11,Max Muncy strikes out swinging.,R,L,R,CHC,LAD,S,,,0,0,2024,-0.84,1.44,-0.68,3.23,660271.0,518692.0,669257.0,1,1,Top,,,,,,,6.801206824069552,-128.40434713953806,-3.5260566287003687,-10.675696791828514,26.02428653531236,-15.73662157664562,3.02,1.46,,,,87.1,2047,5.5,746897,543228,683737,663538,663611,621020,664023,641355,673548,54.99,,,,,,,,5,1,4-Seam Fastball,0,0,0,0,0,0,0,0,Standard,Standard,219,0.0,-0.041,,,,0.041,,0,0,0.402,0.598,34,33,35,34,1,0,6.0,2.0,5.0,1.0,1.49,0.84,-0.84,40.3,,,,,
SI,2024-04-05,88.4,-2.72,6.06,"Hendricks, Kyle",669257,543294,single,hit_into_play,,,,,4,Will Smith singles on a fly ball to left fielder Ian Happ.   Shohei Ohtani to 3rd.    Freddie Freeman to 2nd.,R,R,R,CHC,LAD,X,7.0,fly_ball,0,1,2024,-1.29,0.6,-0.65,2.44,,660271.0,518692.0,1,1,Top,43.3,98.58,,,,,7.62107991107372,-128.54245426124484,-3.951319591235457,-15.845236937080951,25.584756640425734,-24.94207108124812,3.36,1.63,320.0,93.7,29.0,87.4,1918,5.6,746897,543228,683737,663538,663611,621020,664023,641355,673548,54.88,0.177,0.286,0.9,1.0,1.0,0.0,3.0,4,2,Sinker,0,0,0,0,0,0,0,0,Standard,Standard,218,-0.06,0.519,68.7,7.3,0.503,-0.519,93.7,0,0,0.462,0.538,34,29,35,29,1,0,6.0,2.0,5.0,2.0,2.32,1.29,1.29,43.6,14.802848043361177,-13.078986355422776,36.02502734462491,27.027357799115023,34.810232064102806
SI,2024-04-05,89.0,-2.72,6.04,"Hendricks, Kyle",669257,543294,,called_strike,,,,,2,Will Smith singles on a fly ball to left fielder Ian Happ.   Shohei Ohtani to 3rd.    Freddie Freeman to 2nd.,R,R,R,CHC,LAD,S,,,0,0,2024,-1.42,0.65,0.12,2.79,,660271.0,518692.0,1,1,Top,,,,,,,9.768619718899332,-129.19428052380255,-3.2602627123037484,-17.91349624537405,26.215550494303773,-24.38658590982648,3.33,1.58,,,,87.7,1970,5.6,746897,543228,683737,663538,663611,621020,664023,641355,673548,54.94,,,,,,,,4,1,Sinker,0,0,0,0,0,0,0,0,Standard,Standard,212,0.0,-0.039,,,,0.039,,0,0,0.462,0.538,34,29,35,29,1,0,6.0,2.0,5.0,2.0,2.23,1.42,1.42,44.5,,,,,
CH,2024-04-05,82.0,-2.84,6.08,"Hendricks, Kyle",518692,543294,walk,blocked_ball,,,,,13,Freddie Freeman walks.,R,L,R,CHC,LAD,B,,,3,2,2024,-1.47,0.68,-0.67,0.56,,660271.0,,1,1,Top,,,,,,,7.617074340047585,-119.10120523579248,-7.137025827417381,-15.426364056032304,22.385334312531093,-24.54317355399657,3.44,1.6,,,,80.7,2233,5.5,746897,543228,683737,663538,663611,621020,664023,641355,673548,55.02,,0.689131,0.7,1.0,0.0,0.0,,3,9,Changeup,0,0,0,0,0,0,0,0,Standard,Standard,232,-0.019,0.21,,,,-0.21,,0,0,0.481,0.519,34,34,35,35,1,0,6.0,2.0,5.0,1.0,2.72,1.47,-1.47,41.5,,,,,
CH,2024-04-05,81.9,-2.82,6.11,"Hendricks, Kyle",518692,543294,,foul,,,,,13,Freddie Freeman walks.,R,L,R,CHC,LAD,S,,,3,2,2024,-1.65,0.59,-1.01,2.38,,660271.0,,1,1,Top,,,,,,,7.1232139732815885,-118.99452981007578,-2.900275689219913,-17.022089389988686,24.787551168260094,-26.18868565224907,3.64,1.82,187.0,70.8,53.0,80.1,2203,5.3,746897,543228,683737,663538,663611,621020,664023,641355,673548,55.17,,,,,,,,3,8,Changeup,0,0,0,0,0,0,0,0,Standard,Standard,230,0.0,0.0,68.6,7.0,,0.0,88.0,0,0,0.481,0.519,34,34,35,35,1,0,6.0,2.0,5.0,1.0,2.84,1.65,-1.65,42.7,9.597753994241708,4.970777725471494,39.83362541141158,48.68191137536318,28.65146188819662
FF,2024-04-05,89.1,-2.91,5.92,"Hendricks, Kyle",518692,543294,,ball,,,,,13,Freddie Freeman walks.,R,L,R,CHC,LAD,B,,,2,2,2024,-0.81,1.32,-2.05,2.47,,660271.0,,1,1,Top,,,,,,,3.750601140508648,-129.621325410671,-5.111393271230124,-9.961182093621428,27.83915211375766,-16.43785050865072,3.48,1.7,,,,87.6,2008,5.4,746897,543228,683737,663538,663611,621020,664023,641355,673548,55.1,,,,,,,,3,7,4-Seam Fastball,0,0,0,0,0,0,0,0,Standard,Standard,219,0.0,0.074,,,,-0.074,,0,0,0.481,0.519,34,34,35,35,1,0,6.0,2.0,5.0,1.0,1.56,0.81,-0.81,40.1,,,,,
FF,2024-04-05,88.4,-2.86,6.03,"Hendricks, Kyle",518692,543294,,foul,,,,,3,Freddie Freeman walks.,R,L,R,CHC,LAD,S,,,2,2,2024,-0.82,1.42,0.79,3.4,,660271.0,,1,1,Top,,,,,,,10.375547312972705,-128.24885782875404,-3.2146984572927235,-11.194020090541244,27.28698134283261,-16.012847529311458,3.64,1.82,,,,86.6,2115,5.4,746897,543228,683737,663538,663611,621020,664023,641355,673548,55.11,,,,,,,,3,6,4-Seam Fastball,0,0,0,0,0,0,0,0,Standard,Standard,216,0.0,0.0,68.2,5.9,,0.0,,0,0,0.481,0.519,34,34,35,35,1,0,6.0,2.0,5.0,1.0,1.52,0.82,-0.82,42.5,6.663402924335214,-0.1226957098992747,42.97829981365113,27.17864933344996,25.83311309092637
CH,2024-04-05,81.5,-2.8,6.11,"Hendricks, Kyle",518692,543294,,foul,,,,,14,Freddie Freeman walks.,R,L,R,CHC,LAD,S,,,2,2,2024,-1.16,0.39,0.02,1.49,,660271.0,,1,1,Top,,,,,,,8.400452778713085,-118.4116945822106,-4.559012371137472,-12.43652474289069,19.39445962775512,-27.845017888968396,3.64,1.82,189.0,76.0,44.0,80.5,2247,5.4,746897,543228,683737,663538,663611,621020,664023,641355,673548,55.1,,,,,,,,3,5,Changeup,0,0,0,0,0,0,0,0,Standard,Standard,230,0.0,0.0,69.5,7.1,,0.0,88.0,0,0,0.481,0.519,34,34,35,35,1,0,6.0,2.0,5.0,1.0,3.01,1.16,-1.16,44.8,3.245498200810254,-1.8023818729111547,52.729232884794975,35.737327033654815,26.003965737166663
CH,2024-04-05,82.2,-2.92,6.1,"Hendricks, Kyle",518692,543294,,ball,,,,,13,Freddie Freeman walks.,R,L,R,CHC,LAD,B,,,1,2,2024,-1.43,0.75,-1.28,2.17,,660271.0,,1,1,Top,,,,,,,6.343052104817269,-119.66309973510796,-3.871651511190549,-14.931551351428716,20.119140074955865,-24.3717891380319,3.47,1.66,,,,81.2,2243,5.3,746897,543228,683737,663538,663611,621020,664023,641355,673548,55.21,,,,,,,,3,4,Changeup,0,0,0,0,0,0,0,0,Standard,Standard,227,0.0,0.018,,,,-0.018,,0,0,0.481,0.519,34,34,35,35,1,0,6.0,2.0,5.0,1.0,2.58,1.43,-1.43,42.6,,,,,
CH,2024-04-05,81.1,-2.77,6.11,"Hendricks, Kyle",518692,543294,,swinging_strike,,,,,7,Freddie Freeman walks.,R,L,R,CHC,LAD,S,,,1,1,2024,-1.45,0.39,-0.72,1.79,,660271.0,,1,1,Top,,,,,,,7.240265494357492,-117.88304302147904,-3.712583492816063,-14.859338336289516,22.768496767571254,-28.0604892951167,3.64,1.82,,,,79.9,2197,5.6,746897,543228,683737,663538,663611,621020,664023,641355,673548,54.94,,,,,,,,3,3,Changeup,0,0,0,0,0,0,0,0,Standard,Standard,234,0.0,-0.062,72.2,7.6,,0.062,,0,0,0.481,0.519,34,34,35,35,1,0,6.0,2.0,5.0,1.0,3.09,1.45,-1.45,44.0,21.044564401892558,-13.104861467862218,44.989555904155424,46.87959308275134,40.58654290024842
CH,2024-04-05,81.3,-2.82,6.1,"Hendricks, Kyle",518692,543294,,called_strike,,,,,2,Freddie Freeman walks.,R,L,R,CHC,LAD,S,,,1,0,2024,-1.37,0.38,-0.17,3.01,,660271.0,,1,1,Top,,,,,,,8.374844101838491,-118.1906686345192,-1.0328372734787548,-14.399187145768552,22.33344740116612,-28.613511224435246,3.52,1.55,,,,79.8,2126,5.3,746897,543228,683737,663538,663611,621020,664023,641355,673548,55.24,,,,,,,,3,2,Changeup,0,0,0,0,0,0,0,0,Standard,Standard,232,0.0,-0.043,,,,0.043,,0,0,0.481,0.519,34,34,35,35,1,0,6.0,2.0,5.0,1.0,3.07,1.37,-1.37,42.8,,,,,
FF,2024-04-05,88.0,-2.97,6.0,"Hendricks, Kyle",518692,543294,,ball,,,,,11,Freddie Freeman walks.,R,L,R,CHC,LAD,B,,,0,0,2024,-0.88,1.28,-1.38,2.6,,660271.0,,1,1,Top,,,,,,,5.561022770980728,-127.94633253220016,-4.704758606709623,-10.835870736441084,27.505652851060272,-17.30181532742828,3.5,1.63,,,,86.3,2017,5.3,746897,543228,683737,663538,663611,621020,664023,641355,673548,55.18,,,,,,,,3,1,4-Seam Fastball,0,0,0,0,0,0,0,0,Standard,Standard,220,0.0,0.027,,,,-0.027,,0,0,0.481,0.519,34,34,35,35,1,0,6.0,2.0,5.0,1.0,1.67,0.88,-0.88,40.8,,,,,
SI,2024-04-05,88.2,-2.82,6.0,"Hendricks, Kyle",660271,543294,double,hit_into_play,,,,,7,Shohei Ohtani doubles (4) on a sharp line drive to left fielder Ian Happ.,R,L,R,CHC,LAD,X,7.0,line_drive,1,1,2024,-1.16,0.74,-0.43,1.8,,,,1,1,Top,75.57,65.39,,,,,8.083591716585023,-128.1199165021644,-5.608921451759295,-14.415456007932104,24.66744213856176,-23.017796102182043,3.54,1.65,304.0,106.1,12.0,87.0,2015,5.5,746897,543228,683737,663538,663611,621020,664023,641355,673548,55.0,0.94,0.967,1.25,1.0,1.0,1.0,4.0,2,3,Sinker,0,0,0,0,0,0,0,0,Infield shade,Standard,215,-0.041,0.669,75.1,7.7,1.286,-0.669,106.1,0,0,0.522,0.478,34,29,35,30,1,0,6.0,2.0,5.0,1.0,2.18,1.16,-1.16,43.5,-2.5031657516256622,10.769029748465988,38.004640938085366,44.46890679877462,21.05286549497451
FF,2024-04-05,88.6,-2.87,5.97,"Hendricks, Kyle",660271,543294,,foul,,,,,4,Shohei Ohtani doubles (4) on a sharp line drive to left fielder Ian Happ.,R,L,R,CHC,LAD,S,,,1,0,2024,-0.73,1.52,-0.76,2.89,,,,1,1,Top,,,,,,,6.595882360460965,-128.8091106436274,-4.550643775423239,-9.51309396397444,28.52042276632616,-14.519206017446107,3.54,1.65,,,,87.3,2080,5.6,746897,543228,683737,663538,663611,621020,664023,641355,673548,54.86,,,,,,,,2,2,4-Seam Fastball,0,0,0,0,0,0,0,0,Standard,Standard,211,0.0,-0.051,76.3,7.9,,0.051,,0,0,0.522,0.478,34,29,35,30,1,0,6.0,2.0,5.0,1.0,1.4,0.73,-0.73,40.9,11.584912614477666,5.469583824447367,30.858067928280907,48.3148699005364,22.180839067580536
FF,2024-04-05,88.2,-2.86,6.03,"Hendricks, Kyle",660271,543294,,ball,,,,,11,Shohei Ohtani doubles (4) on a sharp line drive to left fielder Ian Happ.,R,L,R,CHC,LAD,B,,,0,0,2024,-0.63,1.34,-1.35,3.14,,,,1,1,Top,,,,,,,4.871063482919726,-128.3159495233657,-3.622894949174,-7.966614008306894,29.19453513613399,-16.928473357407928,3.4,1.54,,,,86.4,2027,5.4,746897,543228,683737,663538,663611,621020,664023,641355,673548,55.11,,,,,,,,2,1,4-Seam Fastball,0,0,0,0,0,0,0,0,Standard,Standard,210,0.0,0.039,,,,-0.039,,0,0,0.522,0.478,34,29,35,30,1,0,6.0,2.0,5.0,1.0,1.62,0.63,-0.63,42.2,,,,,
CH,2024-04-05,81.6,-2.71,6.12,"Hendricks, Kyle",605141,543294,strikeout,swinging_strike,,,,,14,Mookie Betts strikes out swinging.,R,R,R,CHC,LAD,S,2.0,,1,2,2024,-0.42,1.15,1.7,1.84,,,,0,1,Top,,,,,,,10.580917269646312,-118.41113954908973,-5.225225270657673,-5.8127898451075,20.205310012705265,-20.526601191665375,3.24,1.56,,,,80.9,2204,5.7,746897,543228,683737,663538,663611,621020,664023,641355,673548,54.77,,0.0,0.0,1.0,0.0,0.0,,1,4,Changeup,0,0,0,0,0,0,0,0,Standard,Standard,233,0.022,-0.186,62.5,7.7,,0.186,,0,0,0.5,0.5,34,31,35,32,1,0,6.0,2.0,5.0,1.0,2.27,0.42,0.42,44.7,12.837264502046043,-5.847838567500989,25.641724774213078,57.57474982877249,38.292063464809466
CH,2024-04-05,80.6,-2.67,6.12,"Hendricks, Kyle",605141,543294,,ball,,,,,14,Mookie Betts strikes out swinging.,R,R,R,CHC,LAD,B,,,0,2,2024,-0.52,1.17,2.05,1.06,,,,0,1,Top,,,,,,,11.336444466225254,-116.67471406660874,-6.661558969676031,-6.881872331834332,21.74856265720977,-20.3410536032446,3.17,1.49,,,,79.6,2118,5.9,746897,543228,683737,663538,663611,621020,664023,641355,673548,54.64,,,,,,,,1,3,Changeup,0,0,0,0,0,0,0,0,Standard,Standard,234,0.0,0.023,,,,-0.023,,0,0,0.5,0.5,34,31,35,32,1,0,6.0,2.0,5.0,1.0,2.37,0.52,0.52,45.5,,,,,
SI,2024-04-05,87.2,-2.8,6.05,"Hendricks, Kyle",605141,543294,,called_strike,,,,,9,Mookie Betts strikes out swinging.,R,R,R,CHC,LAD,S,,,0,1,2024,-1.09,0.48,0.72,1.76,,,,0,1,Top,,,,,,,10.544502061694894,-126.58052603352142,-5.079054711713909,-13.797317344418833,25.396204778008595,-26.13156733040734,3.13,1.35,,,,86.2,1927,5.8,746897,543228,683737,663538,663611,621020,664023,641355,673548,54.75,,,,,,,,1,2,Sinker,0,0,0,0,0,0,0,0,Standard,Standard,215,0.0,-0.054,,,,0.054,,0,0,0.5,0.5,34,31,35,32,1,0,6.0,2.0,5.0,1.0,2.53,1.09,1.09,43.4,,,,,
FF,2024-04-05,86.8,-2.82,5.94,"Hendricks, Kyle",605141,543294,,called_strike,,,,,3,Mookie Betts strikes out swinging.,R,R,R,CHC,LAD,S,,,0,0,2024,-0.57,1.43,0.62,3.04,,,,0,1,Top,,,,,,,9.298648327142578,-126.01597685396528,-3.570513464054909,-8.132007062879504,28.150141506407785,-16.424861570365625,3.29,1.56,,,,85.5,1990,5.8,746897,543228,683737,663538,663611,621020,664023,641355,673548,54.72,,,,,,,,1,1,4-Seam Fastball,0,0,0,0,0,0,0,0,Standard,Standard,218,0.0,-0.037,,,,0.037,,0,0,0.5,0.5,34,31,35,32,1,0,6.0,2.0,5.0,1.0,1.63,0.57,0.57,40.5,,,,,
CH,2024-03-30,81.9,-2.72,5.96,"Hendricks, Kyle",694497,543294,walk,ball,,,,,14,Evan Carter walks. Corey Seager to 2nd.,R,L,R,TEX,CHC,B,,,3,2,2024,-1.31,0.07,0.85,0.53,543760.0,,608369.0,2,4,Bot,,,,,,,10.378804141913973,-118.76990954449032,-5.732746210440138,-14.367818561749802,22.17365024383626,-30.596490276871627,3.46,1.54,,,,80.4,2225,5.4,745037,543228,683737,663538,666624,621020,664023,641355,673548,55.12,,0.689131,0.7,1.0,0.0,0.0,,36,6,Changeup,5,2,5,2,2,5,5,2,Standard,Standard,234,0.009,0.178,,,,-0.178,,3,3,0.868,0.868,34,21,35,22,3,2,,2.0,6.0,1.0,3.35,1.31,-1.31,42.1,,,,,
FF,2024-03-30,87.9,-2.89,5.77,"Hendricks, Kyle",694497,543294,,called_strike,,,,,4,Evan Carter walks. Corey Seager to 2nd.,R,L,R,TEX,CHC,S,,,3,1,2024,-0.65,1.33,-0.43,2.84,543760.0,,608369.0,2,4,Bot,,,,,,,7.186382501343814,-127.81619416108012,-3.661035253516397,-8.631228723007435,27.40637998637129,-17.093492744091463,3.55,1.63,,,,86.4,2075,5.4,745037,543228,683737,663538,666624,621020,664023,641355,673548,55.05,,,,,,,,36,5,4-Seam Fastball,5,2,5,2,2,5,5,2,Standard,Standard,221,0.0,-0.075,,,,0.075,,3,3,0.868,0.868,34,21,35,22,3,2,,2.0,6.0,1.0,1.64,0.65,-0.65,37.6,,,,,
FF,2024-03-30,87.3,-2.79,5.82,"Hendricks, Kyle",694497,543294,,foul,,,,,4,Evan Carter walks. Corey Seager to 2nd.,R,L,R,TEX,CHC,S,,,3,0,2024,-0.78,1.33,-0.58,2.74,543760.0,,608369.0,2,4,Bot,,,,,,,6.808681742656344,-126.93790944075094,-3.9343906182787625,-9.86005622919899,25.86269122533192,-17.1483614675993,3.68,1.69,207.0,70.2,37.0,86.0,2100,5.5,745037,543228,683737,663538,666624,621020,664023,641355,673548,55.03,,,,,,,,36,4,4-Seam Fastball,5,2,5,2,2,5,5,2,Standard,Standard,222,0.0,-0.08,,,,0.08,88.0,3,3,0.868,0.868,34,21,35,22,3,2,,2.0,6.0,1.0,1.66,0.78,-0.78,36.9,,,,,
CH,2024-03-30,80.7,-2.73,5.95,"Hendricks, Kyle",694497,543294,,blocked_ball,,,,,14,Evan Carter walks. Corey Seager to 2nd.,R,L,R,TEX,CHC,B,,,2,0,2024,-1.46,0.54,0.74,0.8,543760.0,,608369.0,2,4,Bot,,,,,,,10.300456386252208,-117.06613989537324,-5.722519199796299,-15.369703555575306,21.59506425808277,-26.275092713548627,3.59,1.67,,,,79.3,2159,5.4,745037,543228,683737,663538,666624,621020,664023,641355,673548,55.08,,,,,,,,36,3,Changeup,5,2,5,2,2,5,5,2,Standard,Standard,234,0.0,0.097,,,,-0.097,,3,3,0.868,0.868,34,21,35,22,3,2,,2.0,6.0,1.0,2.98,1.46,-1.46,42.6,,,,,
FF,2024-03-30,87.9,-2.76,5.85,"Hendricks, Kyle",694497,543294,,ball,,,,,13,Evan Carter walks. Corey Seager to 2nd.,R,L,R,TEX,CHC,B,,,1,0,2024,-0.68,1.15,-1.06,2.09,543760.0,,608369.0,2,4,Bot,,,,,,,5.417207470450999,-127.9438324582556,-5.330220975160868,-8.547565643434128,25.878968919955263,-18.66176449445145,3.59,1.67,,,,86.6,1985,5.4,745037,543228,683737,663538,666624,621020,664023,641355,673548,55.11,,,,,,,,36,2,4-Seam Fastball,5,2,5,2,2,5,5,2,Standard,Standard,219,0.0,0.06,,,,-0.06,,3,3,0.868,0.868,34,21,35,22,3,2,,2.0,6.0,1.0,1.8,0.68,-0.68,41.1,,,,,
FF,2024-03-30,87.9,-2.81,5.86,"Hendricks, Kyle",694497,543294,,ball,,,,,11,Evan Carter walks. Corey Seager to 2nd.,R,L,R,TEX,CHC,B,,,0,0,2024,-0.72,1.15,-1.23,3.13,543760.0,,608369.0,2,4,Bot,,,,,,,5.231621824988995,-127.94026012592262,-2.835535620840972,-8.9437370792436,26.454924536450218,-19.164450363976627,3.63,1.63,,,,86.6,2050,5.4,745037,543228,683737,663538,666624,621020,664023,641355,673548,55.07,,,,,,,,36,1,4-Seam Fastball,5,2,5,2,2,5,5,2,Standard,Standard,216,0.0,0.03,,,,-0.03,,3,3,0.868,0.868,34,21,35,22,3,2,,2.0,6.0,1.0,1.8,0.72,-0.72,39.4,,,,,
CH,2024-03-30,80.6,-2.78,5.9,"Hendricks, Kyle",608369,543294,single,hit_into_play,,,,,4,Corey Seager singles on a ground ball to center fielder Cody Bellinger. Jared Walsh scores. Marcus Semien to 3rd.,R,L,R,TEX,CHC,X,8.0,ground_ball,1,0,2024,-1.48,0.53,-0.79,2.32,665120.0,,543760.0,2,4,Bot,145.82,84.41,,,,,7.16888976941808,-117.20578530826138,-2.3156364301626757,-15.00903524224818,20.85551080318434,-27.02834957749638,3.47,1.51,75.0,78.6,6.0,80.0,2082,5.8,745037,543228,683737,663538,666624,621020,664023,641355,673548,54.71,0.251,0.224,0.9,1.0,1.0,0.0,2.0,35,2,Changeup,4,2,4,2,2,5,5,2,Standard,Standard,237,0.074,0.587,,,0.272,-0.587,88.0,2,2,0.794,0.794,34,30,35,30,3,2,,2.0,6.0,2.0,2.96,1.48,-1.48,40.0,,,,,
CH,2024-03-30,81.2,-2.79,5.94,"Hendricks, Kyle",608369,543294,,ball,,,,,13,Corey Seager singles on a ground ball to center fielder Cody Bellinger. Jared Walsh scores. Marcus Semien to 3rd.,R,L,R,TEX,CHC,B,,,0,0,2024,-1.55,0.64,-1.07,1.39,665120.0,,543760.0,2,4,Bot,,,,,,,6.695377540886234,-118.09287202328244,-4.720394543772692,-15.814306337155186,22.443555415025426,-25.44716146601847,3.41,1.48,,,,80.0,2201,5.5,745037,543228,683737,663538,666624,621020,664023,641355,673548,55.03,,,,,,,,35,1,Changeup,4,2,4,2,2,4,4,2,Standard,Standard,231,0.0,0.03,,,,-0.03,,2,2,0.794,0.794,34,30,35,30,3,2,,2.0,6.0,2.0,2.82,1.55,-1.55,41.7,,,,,
CH,2024-03-30,81.2,-2.73,5.99,"Hendricks, Kyle",543760,543294,walk,ball,,,,,14,Marcus Semien walks.,R,R,R,TEX,CHC,B,,,3,2,2024,-0.52,0.9,1.39,2.25,665120.0,,,2,4,Bot,,,,,,,10.055045843714534,-117.80769401177702,-3.4365312931691827,-6.752983810321131,21.801628312618515,-23.27662639777552,3.3,1.67,,,,80.0,2219,5.6,745037,543228,683737,663538,666624,621020,664023,641355,673548,54.9,,0.689131,0.7,1.0,0.0,0.0,,34,7,Changeup,4,2,4,2,2,4,4,2,Standard,Standard,239,0.007,0.182,,,,-0.182,,2,2,0.787,0.787,34,33,35,34,3,2,,2.0,6.0,1.0,2.57,0.52,0.52,42.4,,,,,
CH,2024-03-30,81.1,-2.66,6.02,"Hendricks, Kyle",543760,543294,,foul,,,,,14,Marcus Semien walks.,R,R,R,TEX,CHC,S,,,3,2,2024,-0.44,0.86,1.31,2.03,665120.0,,,2,4,Bot,,,,,,,9.579397269125131,-117.79991031245147,-3.8839038782185633,-5.898883391798952,22.09654787810674,-23.61128454313844,3.35,1.58,4.0,45.8,-25.0,80.2,2181,5.7,745037,543228,683737,663538,666624,621020,664023,641355,673548,54.79,,,,,,,,34,6,Changeup,4,2,4,2,2,4,4,2,Standard,Standard,235,0.0,0.0,,,,0.0,88.0,2,2,0.787,0.787,34,33,35,34,3,2,,2.0,6.0,1.0,2.62,0.44,0.44,43.6,,,,,
CH,2024-03-30,81.3,-2.68,5.98,"Hendricks, Kyle",543760,543294,,swinging_strike,,,,,9,Marcus Semien walks.,R,R,R,TEX,CHC,S,,,3,1,2024,-0.64,0.88,0.63,1.83,665120.0,,,2,4,Bot,,,,,,,8.501434057726359,-118.0713833224489,-4.32192527090352,-7.568905765505051,21.98468594376291,-23.25592494844367,3.35,1.58,,,,80.0,2161,5.4,745037,543228,683737,663538,666624,621020,664023,641355,673548,55.05,,,,,,,,34,5,Changeup,4,2,4,2,2,4,4,2,Standard,Standard,229,0.0,-0.094,,,,0.094,,2,2,0.787,0.787,34,33,35,34,3,2,,2.0,6.0,1.0,2.57,0.64,0.64,42.2,,,,,
SI,2024-03-30,88.5,-2.72,5.9,"Hendricks, Kyle",543760,543294,,ball,,,,,13,Marcus Semien walks.,R,R,R,TEX,CHC,B,,,2,1,2024,-1.18,0.59,-1.23,2.06,665120.0,,,2,4,Bot,,,,,,,6.0190006592172764,-128.80146781731108,-4.491080572462505,-14.342097282437656,26.1800895596828,-24.89160906428345,3.36,1.73,,,,87.5,1964,5.6,745037,543228,683737,663538,666624,621020,664023,641355,673548,54.88,,,,,,,,34,4,Sinker,4,2,4,2,2,4,4,2,Standard,Standard,214,0.0,0.042,,,,-0.042,,2,2,0.787,0.787,34,33,35,34,3,2,,2.0,6.0,1.0,2.32,1.18,1.18,41.0,,,,,
CH,2024-03-30,80.5,-2.62,5.92,"Hendricks, Kyle",543760,543294,,ball,,,,,14,Marcus Semien walks.,R,R,R,TEX,CHC,B,,,1,1,2024,-0.54,0.98,1.58,1.51,665120.0,,,2,4,Bot,,,,,,,10.139125745288869,-116.78028417033144,-4.842299516930296,-6.846809806938241,22.34920111360913,-22.437465007824624,3.36,1.69,,,,79.1,2062,5.5,745037,543228,683737,663538,666624,621020,664023,641355,673548,55.01,,,,,,,,34,3,Changeup,4,2,4,2,2,4,4,2,Standard,Standard,236,0.0,0.047,,,,-0.047,,2,2,0.787,0.787,34,33,35,34,3,2,,2.0,6.0,1.0,2.56,0.54,0.54,39.9,,,,,
CH,2024-03-30,80.1,-2.68,5.94,"Hendricks, Kyle",543760,543294,,blocked_ball,,,,,14,Marcus Semien walks.,R,R,R,TEX,CHC,B,,,0,1,2024,-0.45,0.73,1.28,0.39,665120.0,,,2,4,Bot,,,,,,,9.400148434438982,-116.16462027813616,-6.759463079546948,-5.840117490930536,22.23983749533321,-24.41859330924306,3.36,1.73,,,,78.5,1988,5.4,745037,543228,683737,663538,666624,621020,664023,641355,673548,55.09,,,,,,,,34,2,Changeup,4,2,4,2,2,4,4,2,Standard,Standard,238,0.0,0.032,,,,-0.032,,2,2,0.787,0.787,34,33,35,34,3,2,,2.0,6.0,1.0,2.85,0.45,0.45,41.6,,,,,
CH,2024-03-30,80.1,-2.7,5.97,"Hendricks, Kyle",543760,543294,,called_strike,,,,,6,Marcus Semien walks.,R,R,R,TEX,CHC,S,,,0,0,2024,-0.86,0.85,0.46,2.28,665120.0,,,2,4,Bot,,,,,,,8.450250585523456,-116.37863159291192,-2.998504592556622,-9.360829538707469,21.86783040030507,-24.103928006351897,3.36,1.73,,,,78.8,2122,5.5,745037,543228,683737,663538,666624,621020,664023,641355,673548,55.0,,,,,,,,34,1,Changeup,4,2,4,2,2,4,4,2,Standard,Standard,234,0.0,-0.039,,,,0.039,,2,2,0.787,0.787,34,33,35,34,3,2,,2.0,6.0,1.0,2.72,0.86,0.86,41.8,,,,,
CH,2024-03-30,80.9,-2.77,5.97,"Hendricks, Kyle",665750,543294,field_out,hit_into_play,,,,,13,"Leody Taveras grounds out, first baseman Michael Busch to pitcher Kyle Hendricks. Jared Walsh to 3rd.",R,L,R,TEX,CHC,X,3.0,ground_ball,0,0,2024,-1.4,0.34,-0.53,1.65,,665120.0,,1,4,Bot,156.45,166.9,,,,,7.556795231111707,-117.58434036474353,-3.602821720962064,-14.4192806467716,21.885335938305325,-28.503969782118208,3.69,1.78,106.0,89.1,6.0,79.8,2182,5.6,745037,543228,683737,663538,666624,621020,664023,641355,673548,54.94,0.483,0.451,0.0,1.0,0.0,0.0,4.0,33,1,Changeup,4,2,4,2,2,4,4,2,Standard,Standard,233,-0.02,-0.259,,,0.553,0.259,89.1,2,2,0.807,0.807,34,25,35,26,2,1,,2.0,6.0,1.0,3.14,1.4,-1.4,41.1,,,,,
SI,2024-03-30,87.3,-2.74,5.94,"Hendricks, Kyle",641680,543294,field_out,hit_into_play,,,,,1,Jonah Heim flies out to left fielder Ian Happ.,R,L,R,TEX,CHC,X,7.0,fly_ball,1,0,2024,-1.05,0.34,-0.43,3.06,,665120.0,,0,4,Bot,61.37,102.4,,,,,7.601133708492118,-127.02685085314528,-1.4935537422173049,-12.892175564244049,25.09978796617699,-28.355766439056893,3.58,1.7,288.0,90.7,43.0,86.3,1847,5.6,745037,543228,683737,663538,666624,621020,664023,641355,673548,54.92,0.014,0.026,0.0,1.0,0.0,0.0,3.0,32,2,Sinker,4,2,4,2,2,4,4,2,Standard,Standard,215,-0.028,-0.303,,,0.044,0.303,90.7,2,2,0.835,0.835,34,29,35,29,2,1,,2.0,6.0,2.0,2.64,1.05,-1.05,41.9,,,,,
SI,2024-03-30,87.5,-2.66,5.97,"Hendricks, Kyle",641680,543294,,ball,,,,,12,Jonah Heim flies out to left fielder Ian Happ.,R,L,R,TEX,CHC,B,,,0,0,2024,-1.12,0.42,0.29,4.59,,665120.0,,0,4,Bot,,,,,,,9.25627139303882,-127.17821091018372,1.891248434937867,-14.009640361372506,24.45591663075766,-28.217699600666837,3.66,1.68,,,,86.3,1981,5.5,745037,543228,683737,663538,666624,621020,664023,641355,673548,55.05,,,,,,,,32,1,Sinker,4,2,4,2,2,4,4,2,Standard,Standard,210,0.0,0.038,,,,-0.038,,2,2,0.835,0.835,34,29,35,29,2,1,,2.0,6.0,2.0,2.55,1.12,-1.12,42.8,,,,,
SI,2024-03-30,86.5,-2.76,5.88,"Hendricks, Kyle",665120,543294,double,hit_into_play,,,,,8,Jared Walsh doubles (1) on a sharp fly ball to center fielder Cody Bellinger.,R,L,R,TEX,CHC,X,8.0,fly_ball,1,0,2024,-1.54,0.42,-0.15,1.74,,,,0,4,Bot,138.97,35.08,,,,,9.27879365272085,-125.59147685747736,-4.485275689810662,-18.166832692628503,23.972478038578316,-27.01455600251468,3.59,1.65,405.0,112.5,22.0,85.9,1879,5.9,745037,543228,683737,663538,666624,621020,664023,641355,673548,54.63,0.966,1.843,1.25,1.0,1.0,1.0,6.0,31,2,Sinker,4,2,4,2,2,4,4,2,Standard,Standard,219,0.042,0.655,,,3.491,-0.655,112.5,2,2,0.793,0.793,34,30,35,31,2,1,,,6.0,1.0,2.63,1.54,-1.54,40.2,,,,,
FF,2024-03-30,87.6,-2.88,5.85,"Hendricks, Kyle",665120,543294,,ball,,,,,11,Jared Walsh doubles (1) on a sharp fly ball to center fielder Cody Bellinger.,R,L,R,TEX,CHC,B,,,0,0,2024,-0.71,1.16,-1.09,3.44,,,,0,4,Bot,,,,,,,5.731308380103832,-127.5161200475254,-2.1075819451357933,-8.934904071282057,24.97188270890487,-19.2134522075912,3.35,1.57,,,,87.1,2012,5.8,745037,543228,683737,663538,666624,621020,664023,641355,673548,54.67,,,,,,,,31,1,4-Seam Fastball,4,2,4,2,2,4,4,2,Standard,Standard,218,0.0,0.038,,,,-0.038,,2,2,0.793,0.793,34,30,35,31,2,1,,,6.0,1.0,1.79,0.71,-0.71,41.1,,,,,
SI,2024-03-30,88.4,-2.68,5.89,"Hendricks, Kyle",694671,543294,grounded_into_double_play,hit_into_play,,,,,13,"Wyatt Langford grounds into a double play, third baseman Christopher Morel to second baseman Nico Hoerner to first baseman Michael Busch. Josh Jung out at 2nd. Wyatt Langford out at 1st.",R,R,R,TEX,CHC,X,5.0,ground_ball,1,1,2024,-1.3,0.41,-0.52,1.4,,,673962.0,1,3,Bot,103.82,169.43,,,,,7.85059163930634,-128.4084714538269,-5.636402157214998,-15.970556966327315,25.677761406591664,-26.67434581049537,3.41,1.56,4.0,90.3,-21.0,87.3,1956,5.6,745037,543228,683737,663538,666624,621020,664023,641355,673548,54.9,0.08,0.093,0.0,1.0,0.0,0.0,2.0,27,3,Sinker,4,2,4,2,2,4,4,2,Standard,Standard,216,-0.036,-0.303,,,0.093,0.303,90.3,2,2,0.774,0.774,34,22,35,23,2,1,,2.0,6.0,1.0,2.51,1.3,1.3,42.1,,,,,
CU,2024-03-30,75.2,-2.72,5.97,"Hendricks, Kyle",694671,543294,,ball,,,,,14,"Wyatt Langford grounds into a double play, third baseman Christopher Morel to second baseman Nico Hoerner to first baseman Michael Busch. Josh Jung out at 2nd. Wyatt Langford out at 1st.",R,R,R,TEX,CHC,B,,,0,1,2024,1.24,-1.15,1.25,2.14,,,673962.0,1,3,Bot,,,,,,,5.913923490512903,-109.23640835399156,1.318549147291738,8.628879977567145,21.816272589591765,-41.77910262234581,3.28,1.67,,,,73.4,3048,5.3,745037,543228,683737,663538,666624,621020,664023,641355,673548,55.16,,,,,,,,27,2,Curveball,4,2,4,2,2,4,4,2,Standard,Standard,47,0.0,0.029,,,,-0.029,,2,2,0.774,0.774,34,22,35,23,2,1,,2.0,6.0,1.0,5.24,-1.24,-1.24,44.4,,,,,
SI,2024-03-30,88.4,-2.56,5.91,"Hendricks, Kyle",694671,543294,,called_strike,,,,,9,"Wyatt Langford grounds into a double play, third baseman Christopher Morel to second baseman Nico Hoerner to first baseman Michael Busch. Josh Jung out at 2nd. Wyatt Langford out at 1st.",R,R,R,TEX,CHC,S,,,0,0,2024,-1.25,0.48,0.67,1.8,,,673962.0,1,3,Bot,,,,,,,10.325676152623776,-128.33264638823158,-4.8951421695767365,-15.900135963470754,26.238163089385164,-25.984425510562907,3.4,1.56,,,,87.3,1990,5.7,745037,543228,683737,663538,666624,621020,664023,641355,673548,54.78,,,,,,,,27,1,Sinker,4,2,4,2,2,4,4,2,Standard,Standard,218,0.0,-0.04,,,,0.04,,2,2,0.774,0.774,34,22,35,23,2,1,,2.0,6.0,1.0,2.45,1.25,1.25,45.6,,,,,
SI,2024-03-30,89.0,-2.78,5.91,"Hendricks, Kyle",673962,543294,single,hit_into_play,,,,,4,Josh Jung singles on a ground ball to center fielder Cody Bellinger.,R,R,R,TEX,CHC,X,8.0,ground_ball,1,2,2024,-1.23,0.49,-0.47,2.78,,,,1,3,Bot,118.49,89.47,,,,,8.122875369073025,-129.43163557347458,-2.6858442507568974,-15.439962821536284,25.431487576234577,-26.292285718510204,3.68,1.75,63.0,82.2,4.0,88.2,1983,5.7,745037,543228,683737,663538,666624,621020,664023,641355,673548,54.81,0.26,0.249,0.9,1.0,1.0,0.0,2.0,26,4,Sinker,4,2,4,2,2,4,4,2,Standard,Standard,217,0.017,0.495,,,0.272,-0.495,88.0,2,2,0.757,0.757,34,26,35,26,2,1,,2.0,6.0,1.0,2.38,1.23,1.23,42.0,,,,,
CH,2024-03-30,81.5,-2.72,6.02,"Hendricks, Kyle",673962,543294,,ball,,,,,14,Josh Jung singles on a ground ball to center fielder Cody Bellinger.,R,R,R,TEX,CHC,B,,,0,2,2024,-0.12,0.84,1.76,2.08,,,,1,3,Bot,,,,,,,10.094305795875378,-118.2555966131054,-3.800977276816021,-3.0204630519172264,22.571564950200408,-23.707889058187927,3.58,1.76,,,,80.0,2184,5.4,745037,543228,683737,663538,666624,621020,664023,641355,673548,55.07,,,,,,,,26,3,Changeup,4,2,4,2,2,4,4,2,Standard,Standard,231,0.0,0.02,,,,-0.02,,2,2,0.757,0.757,34,26,35,26,2,1,,2.0,6.0,1.0,2.61,0.12,0.12,42.8,,,,,
SI,2024-03-30,88.6,-2.82,5.9,"Hendricks, Kyle",673962,543294,,foul,,,,,11,Josh Jung singles on a ground ball to center fielder Cody Bellinger.,R,R,R,TEX,CHC,S,,,0,1,2024,-1.29,0.55,-1.29,3.41,,,,1,3,Bot,,,,,,,6.3803968268633335,-128.9342730312063,-1.20732988409433,-15.739415802932692,25.43358923975356,-25.969880131886526,3.68,1.75,80.0,66.1,7.0,88.2,1948,5.9,745037,543228,683737,663538,666624,621020,664023,641355,673548,54.57,,,,,,,,26,2,Sinker,4,2,4,2,2,4,4,2,Standard,Standard,212,0.0,-0.057,,,,0.057,88.0,2,2,0.757,0.757,34,26,35,26,2,1,,2.0,6.0,1.0,2.34,1.29,1.29,42.2,,,,,
SI,2024-03-30,88.3,-2.66,5.9,"Hendricks, Kyle",673962,543294,,called_strike,,,,,6,Josh Jung singles on a ground ball to center fielder Cody Bellinger.,R,R,R,TEX,CHC,S,,,0,0,2024,-1.24,0.65,0.44,3.1,,,,1,3,Bot,,,,,,,10.044845494869737,-128.34591278231517,-2.0932892137843195,-15.672994406428767,24.72674427100376,-24.782122327620318,3.69,1.89,,,,87.9,2014,5.9,745037,543228,683737,663538,666624,621020,664023,641355,673548,54.57,,,,,,,,26,1,Sinker,4,2,4,2,2,4,4,2,Standard,Standard,212,0.0,-0.037,,,,0.037,,2,2,0.757,0.757,34,26,35,26,2,1,,2.0,6.0,1.0,2.27,1.24,1.24,41.4,,,,,
SI,2024-03-30,88.8,-2.64,5.94,"Hendricks, Kyle",666969,543294,home_run,hit_into_play,,,,,3,Adolis García homers (2) on a fly ball to right center field. Evan Carter scores.,R,R,R,TEX,CHC,X,,fly_ball,0,0,2024,-1.23,0.58,0.7,3.06,,,694497.0,1,3,Bot,188.85,61.74,,,,,10.597816108102116,-129.0031733124014,-2.2213264316827828,-15.85431003901888,25.032468896113578,-25.41564249573469,3.31,1.62,382.0,100.8,31.0,88.0,2024,5.7,745037,543228,683737,663538,666624,621020,664023,641355,673548,54.77,0.531,1.011,2.0,1.0,0.0,3.0,6.0,25,1,Sinker,2,2,2,2,2,4,4,2,Standard,Standard,211,0.2,1.436,,,1.948,-1.436,100.8,0,0,0.557,0.557,34,31,35,31,2,1,,2.0,6.0,1.0,2.3,1.23,1.23,42.7,,,,,
CH,2024-03-30,81.8,-2.84,5.92,"Hendricks, Kyle",694497,543294,force_out,hit_into_play,,,,,13,"Evan Carter grounds into a force out, second baseman Nico Hoerner to shortstop Dansby Swanson. Corey Seager out at 2nd. Evan Carter to 1st.",R,L,R,TEX,CHC,X,4.0,ground_ball,2,2,2024,-1.53,0.59,-0.53,0.91,,,608369.0,0,3,Bot,143.8,153.23,,,,,7.981050989256162,-118.769557196652,-5.802089798950264,-15.934835583222242,20.906105425305235,-25.651514434142356,3.68,1.69,17.0,68.3,-2.0,80.4,2157,5.3,745037,543228,683737,663538,666624,621020,664023,641355,673548,55.22,0.114,0.127,0.0,1.0,0.0,0.0,2.0,24,5,Changeup,2,2,2,2,2,2,2,2,Standard,Standard,234,-0.037,-0.34,,,0.143,0.34,88.0,0,0,0.594,0.594,34,21,35,22,2,1,,2.0,6.0,1.0,2.81,1.53,-1.53,42.0,,,,,
CH,2024-03-30,81.4,-2.83,5.97,"Hendricks, Kyle",694497,543294,,ball,,,,,13,"Evan Carter grounds into a force out, second baseman Nico Hoerner to shortstop Dansby Swanson. Corey Seager out at 2nd. Evan Carter to 1st.",R,L,R,TEX,CHC,B,,,1,2,2024,-1.47,0.59,-1.28,1.53,,,608369.0,0,3,Bot,,,,,,,6.168978233301332,-118.37983205764554,-4.464973763159665,-15.035355890881156,20.92687734673279,-25.978019645699582,3.6,1.66,,,,80.3,2070,5.4,745037,543228,683737,663538,666624,621020,664023,641355,673548,55.09,,,,,,,,24,4,Changeup,2,2,2,2,2,2,2,2,Standard,Standard,231,0.0,0.045,,,,-0.045,,0,0,0.594,0.594,34,21,35,22,2,1,,2.0,6.0,1.0,2.83,1.47,-1.47,40.0,,,,,
CH,2024-03-30,81.3,-2.8,5.95,"Hendricks, Kyle",694497,543294,,blocked_ball,,,,,13,"Evan Carter grounds into a force out, second baseman Nico Hoerner to shortstop Dansby Swanson. Corey Seager out at 2nd. Evan Carter to 1st.",R,L,R,TEX,CHC,B,,,0,2,2024,-1.53,0.33,-1.17,0.12,,,608369.0,0,3,Bot,,,,,,,6.463879324333154,-118.1021622733672,-6.992379285216991,-15.567161537244038,22.046470019544632,-27.92349784218689,3.63,1.66,,,,80.0,2109,5.4,745037,543228,683737,663538,666624,621020,664023,641355,673548,55.08,,,,,,,,24,3,Changeup,2,2,2,2,2,2,2,2,Standard,Standard,235,0.0,0.033,,,,-0.033,,0,0,0.594,0.594,34,21,35,22,2,1,,2.0,6.0,1.0,3.12,1.53,-1.53,41.2,,,,,
CH,2024-03-30,81.5,-2.82,5.89,"Hendricks, Kyle",694497,543294,,called_strike,,,,,13,"Evan Carter grounds into a force out, second baseman Nico Hoerner to shortstop Dansby Swanson. Corey Seager out at 2nd. Evan Carter to 1st.",R,L,R,TEX,CHC,S,,,0,1,2024,-1.51,0.24,-0.72,1.44,,,608369.0,0,3,Bot,,,,,,,7.471148255578362,-118.42055480867732,-3.83257834871428,-15.665851257188974,22.39186854644189,-29.348096901694284,3.6,1.65,,,,80.1,2137,5.4,745037,543228,683737,663538,666624,621020,664023,641355,673548,55.1,,,,,,,,24,2,Changeup,2,2,2,2,2,2,2,2,Standard,Standard,235,0.0,-0.048,,,,0.048,,0,0,0.594,0.594,34,21,35,22,2,1,,2.0,6.0,1.0,3.2,1.51,-1.51,40.3,,,,,
FF,2024-03-30,87.4,-2.88,5.83,"Hendricks, Kyle",694497,543294,,called_strike,,,,,7,"Evan Carter grounds into a force out, second baseman Nico Hoerner to shortstop Dansby Swanson. Corey Seager out at 2nd. Evan Carter to 1st.",R,L,R,TEX,CHC,S,,,0,0,2024,-0.82,1.19,-0.49,1.95,,,608369.0,0,3,Bot,,,,,,,7.298678354694426,-126.95617107304676,-5.54419385600311,-10.316313009232204,25.74557015306238,-18.334264676019043,3.62,1.65,,,,85.9,2075,5.4,745037,543228,683737,663538,666624,621020,664023,641355,673548,55.11,,,,,,,,24,1,4-Seam Fastball,2,2,2,2,2,2,2,2,Standard,Standard,218,0.0,-0.042,,,,0.042,,0,0,0.594,0.594,34,21,35,22,2,1,,2.0,6.0,1.0,1.8,0.82,-0.82,37.5,,,,,
CH,2024-03-30,81.4,-2.88,5.97,"Hendricks, Kyle",608369,543294,single,hit_into_play,,,,,13,Corey Seager singles on a line drive to center fielder Cody Bellinger.,R,L,R,TEX,CHC,X,8.0,line_drive,0,0,2024,-1.54,0.61,-0.37,1.37,,,,0,3,Bot,131.87,84.64,,,,,8.405542926021061,-118.20245536277623,-4.823279281672822,-16.032131136645674,21.40109292994956,-25.750212156780652,3.47,1.51,258.0,78.1,22.0,80.1,2190,5.4,745037,543228,683737,663538,666624,621020,664023,641355,673548,55.1,0.869,0.821,0.9,1.0,1.0,0.0,4.0,23,1,Changeup,2,2,2,2,2,2,2,2,Infield shade,Standard,230,0.04,0.448,,,0.98,-0.448,88.0,0,0,0.554,0.554,34,30,35,30,2,1,,2.0,6.0,2.0,2.83,1.54,-1.54,40.7,,,,,
SI,2024-03-30,88.5,-2.81,5.89,"Hendricks, Kyle",543760,543294,field_out,hit_into_play,,,,,11,"Marcus Semien grounds out, second baseman Nico Hoerner to first baseman Michael Busch.",R,R,R,TEX,CHC,X,4.0,ground_ball,1,0,2024,-1.51,0.77,-0.96,2.47,,,,2,2,Bot,131.14,142.61,,,,,7.567585919121064,-128.62407875379648,-3.8123808234539376,-18.31690718396065,27.076066145471167,-23.06580189448361,3.35,1.58,95.0,79.8,7.0,87.5,2037,5.7,745037,543228,683737,663538,666624,621020,664023,641355,673548,54.76,0.303,0.319,0.0,1.0,0.0,0.0,2.0,19,2,Sinker,2,2,2,2,2,2,2,2,Standard,Standard,218,-0.011,-0.295,,,0.334,0.295,88.0,0,0,0.511,0.511,34,33,35,34,2,1,,2.0,6.0,1.0,2.15,1.51,1.51,41.8,,,,,
CU,2024-03-30,74.9,-2.69,5.97,"Hendricks, Kyle",543760,543294,,ball,,,,,14,"Marcus Semien grounds out, second baseman Nico Hoerner to first baseman Michael Busch.",R,R,R,TEX,CHC,B,,,0,0,2024,1.23,-1.46,1.54,1.95,,,,2,2,Bot,,,,,,,6.456172892672789,-108.74156062177062,1.5934484978734913,8.234586495420691,23.13257425222485,-44.2202410734984,3.34,1.69,,,,73.0,3067,5.4,745037,543228,683737,663538,666624,621020,664023,641355,673548,55.06,,,,,,,,19,1,Curveball,2,2,2,2,2,2,2,2,Standard,Standard,42,0.0,0.04,,,,-0.04,,0,0,0.511,0.511,34,33,35,34,2,1,,2.0,6.0,1.0,5.62,-1.23,-1.23,44.0,,,,,
CH,2024-03-30,82.4,-2.9,5.98,"Hendricks, Kyle",665750,543294,strikeout,swinging_strike,,,,,13,Leody Taveras strikes out swinging.,R,L,R,TEX,CHC,S,2.0,,1,2,2024,-1.53,0.5,-0.92,1.03,,,,1,2,Bot,,,,,,,7.306079253737848,-119.7138149681684,-5.590903615148336,-16.079056069597684,22.92801461609357,-26.44739733697876,3.69,1.78,,,,81.0,2246,5.4,745037,543228,683737,663538,666624,621020,664023,641355,673548,55.12,,0.0,0.0,1.0,0.0,0.0,,18,4,Changeup,2,2,2,2,2,2,2,2,Standard,Standard,233,-0.016,-0.182,,,,0.182,,0,0,0.527,0.527,34,25,35,26,1,0,,2.0,6.0,1.0,2.86,1.53,-1.53,41.3,,,,,
SI,2024-03-30,88.5,-2.73,5.9,"Hendricks, Kyle",665750,543294,,ball,,,,,6,Leody Taveras strikes out swinging.,R,L,R,TEX,CHC,B,,,0,2,2024,-1.33,0.36,0.82,2.57,,,,1,2,Bot,,,,,,,11.280138792513611,-128.3569489277492,-2.746861396615844,-17.03645351914333,26.11822210751889,-27.85850049570124,3.63,1.71,,,,87.3,1914,5.7,745037,543228,683737,663538,666624,621020,664023,641355,673548,54.83,,,,,,,,18,3,Sinker,2,2,2,2,2,2,2,2,Standard,Standard,219,0.0,0.02,,,,-0.02,,0,0,0.527,0.527,34,25,35,26,1,0,,2.0,6.0,1.0,2.57,1.33,-1.33,41.6,,,,,
SI,2024-03-30,87.6,-2.89,5.9,"Hendricks, Kyle",665750,543294,,foul,,,,,5,Leody Taveras strikes out swinging.,R,L,R,TEX,CHC,S,,,0,1,2024,-1.28,0.46,-0.16,2.93,,,,1,2,Bot,,,,,,,9.08388066681174,-127.36366710020494,-2.012743482955652,-15.714810714671223,24.07844672146152,-26.906694169431923,3.69,1.78,186.0,68.4,55.0,86.5,1958,5.4,745037,543228,683737,663538,666624,621020,664023,641355,673548,55.07,,,,,,,,18,2,Sinker,2,2,2,2,2,2,2,2,Standard,Standard,212,0.0,-0.057,,,,0.057,88.0,0,0,0.527,0.527,34,25,35,26,1,0,,2.0,6.0,1.0,2.49,1.28,-1.28,42.0,,,,,
FF,2024-03-30,88.1,-2.86,5.76,"Hendricks, Kyle",665750,543294,,called_strike,,,,,7,Leody Taveras strikes out swinging.,R,L,R,TEX,CHC,S,,,0,0,2024,-0.66,1.22,-0.31,1.89,,,,1,2,Bot,,,,,,,7.447534511799063,-128.0332851657641,-5.78155095282407,-8.77309086469084,25.27549953183923,-17.70686623850548,3.72,1.8,,,,87.0,2203,5.6,745037,543228,683737,663538,666624,621020,664023,641355,673548,54.95,,,,,,,,18,1,4-Seam Fastball,2,2,2,2,2,2,2,2,Standard,Standard,217,0.0,-0.037,,,,0.037,,0,0,0.527,0.527,34,25,35,26,1,0,,2.0,6.0,1.0,1.71,0.66,-0.66,45.0,,,,,
CH,2024-03-30,82.3,-2.88,5.98,"Hendricks, Kyle",641680,543294,field_out,hit_into_play,,,,,4,Jonah Heim flies out to left fielder Ian Happ.,R,L,R,TEX,CHC,X,7.0,fly_ball,1,2,2024,-1.32,0.21,-0.74,2.29,,,,0,2,Bot,67.64,86.82,,,,,7.279989078292991,-119.77876659128084,-2.2822047835034054,-14.10860663071788,21.365832082214474,-29.9592291478428,3.58,1.7,313.0,90.2,40.0,81.3,2195,5.4,745037,543228,683737,663538,666624,621020,664023,641355,673548,55.09,0.009,0.013,0.0,1.0,0.0,0.0,3.0,17,4,Changeup,2,2,2,2,2,2,2,2,Standard,Standard,230,-0.023,-0.186,,,0.023,0.186,90.2,0,0,0.55,0.55,34,29,35,29,1,0,,2.0,6.0,2.0,3.14,1.32,-1.32,41.4,,,,,
SI,2024-03-30,87.3,-2.72,5.9,"Hendricks, Kyle",641680,543294,,called_strike,,,,,6,Jonah Heim flies out to left fielder Ian Happ.,R,L,R,TEX,CHC,S,,,1,1,2024,-1.3,0.55,0.44,2.65,,,,0,2,Bot,,,,,,,10.128686253155404,-126.71708941634192,-2.7613084581372367,-16.040665303316317,24.603579586864218,-25.88231618132963,3.63,1.72,,,,86.3,1957,5.7,745037,543228,683737,663538,666624,621020,664023,641355,673548,54.85,,,,,,,,17,3,Sinker,2,2,2,2,2,2,2,2,Standard,Standard,218,0.0,-0.056,,,,0.056,,0,0,0.55,0.55,34,29,35,29,1,0,,2.0,6.0,2.0,2.45,1.3,-1.3,42.5,,,,,
SI,2024-03-30,87.4,-2.84,5.94,"Hendricks, Kyle",641680,543294,,ball,,,,,11,Jonah Heim flies out to left fielder Ian Happ.,R,L,R,TEX,CHC,B,,,0,1,2024,-1.2,0.76,-0.32,4.39,,,,0,2,Bot,,,,,,,8.404588748875444,-127.1095518234492,0.7924431140668211,-14.652286399536372,24.08212116133624,-24.227638342341823,3.63,1.76,,,,86.4,1970,5.5,745037,543228,683737,663538,666624,621020,664023,641355,673548,54.96,,,,,,,,17,2,Sinker,2,2,2,2,2,2,2,2,Standard,Standard,215,0.0,0.025,,,,-0.025,,0,0,0.55,0.55,34,29,35,29,1,0,,2.0,6.0,2.0,2.21,1.2,-1.2,41.6,,,,,
FF,2024-03-30,88.0,-2.87,5.81,"Hendricks, Kyle",641680,543294,,foul,,,,,5,Jonah Heim flies out to left fielder Ian Happ.,R,L,R,TEX,CHC,S,,,0,0,2024,-0.49,1.23,0.16,2.8,,,,0,2,Bot,,,,,,,8.262044313673401,-127.94923246357936,-3.717724346627351,-7.07673417173732,25.74994174918589,-18.057385888444017,3.58,1.7,157.0,60.4,53.0,87.0,2135,5.7,745037,543228,683737,663538,666624,621020,664023,641355,673548,54.84,,,,,,,,17,1,4-Seam Fastball,2,2,2,2,2,2,2,2,Standard,Standard,214,0.0,-0.037,,,,0.037,88.0,0,0,0.55,0.55,34,29,35,29,1,0,,2.0,6.0,2.0,1.71,0.49,-0.49,39.0,,,,,
CH,2024-03-30,81.7,-2.84,5.94,"Hendricks, Kyle",665120,543294,home_run,hit_into_play,,,,,7,Jared Walsh homers (1) on a fly ball to right center field. Wyatt Langford scores.,R,L,R,TEX,CHC,X,,fly_ball,1,1,2024,-1.4,0.46,-0.34,1.7,,,694671.0,0,2,Bot,197.94,40.38,,,,,8.177624665625988,-118.71118346987328,-3.793704301398608,-14.855455975596762,23.01633261988457,-27.233947576582608,3.59,1.65,414.0,106.9,31.0,80.4,2159,5.5,745037,543228,683737,663538,666624,621020,664023,641355,673548,55.02,0.903,1.832,2.0,1.0,0.0,3.0,6.0,16,3,Changeup,0,2,0,2,2,2,2,2,Standard,Standard,233,0.178,1.063,,,3.559,-1.063,106.9,-2,-2,0.372,0.372,34,30,35,31,1,0,,,6.0,1.0,2.96,1.4,-1.4,38.6,,,,,
FF,2024-03-30,88.8,-2.87,5.79,"Hendricks, Kyle",665120,543294,,called_strike,,,,,13,Jared Walsh homers (1) on a fly ball to right center field. Wyatt Langford scores.,R,L,R,TEX,CHC,S,,,1,0,2024,-0.6,1.21,-0.86,2.2,,,694671.0,0,2,Bot,,,,,,,6.096028460863392,-129.0949890621928,-5.188559374763023,-8.000701191557171,26.76463864055651,-17.77988498059431,3.33,1.53,,,,87.6,2045,5.6,745037,543228,683737,663538,666624,621020,664023,641355,673548,54.93,,,,,,,,16,2,4-Seam Fastball,0,2,0,2,2,0,0,2,Standard,Standard,218,0.0,-0.049,,,,0.049,,-2,-2,0.372,0.372,34,30,35,31,1,0,,,6.0,1.0,1.69,0.6,-0.6,38.4,,,,,
FF,2024-03-30,88.6,-2.96,5.79,"Hendricks, Kyle",665120,543294,,ball,,,,,11,Jared Walsh homers (1) on a fly ball to right center field. Wyatt Langford scores.,R,L,R,TEX,CHC,B,,,0,0,2024,-0.6,1.31,-1.49,2.98,,,694671.0,0,2,Bot,,,,,,,4.804691215960919,-128.85132630726687,-3.4658004238313804,-7.7446638536725425,28.006205317840227,-17.127623356756377,3.35,1.57,,,,87.6,2098,5.8,745037,543228,683737,663538,666624,621020,664023,641355,673548,54.71,,,,,,,,16,1,4-Seam Fastball,0,2,0,2,2,0,0,2,Standard,Standard,215,0.0,0.042,,,,-0.042,,-2,-2,0.372,0.372,34,30,35,31,1,0,,,6.0,1.0,1.61,0.6,-0.6,36.0,,,,,
SI,2024-03-30,89.3,-2.81,5.85,"Hendricks, Kyle",694671,543294,single,hit_into_play,,,,,5,Wyatt Langford singles on a ground ball to left fielder Ian Happ.,R,R,R,TEX,CHC,X,7.0,ground_ball,3,2,2024,-1.26,0.63,-0.2,2.4,,,,0,2,Bot,88.78,132.18,,,,,8.958072725594032,-129.85942803205506,-3.8047849265629576,-16.100358454287058,24.85272949641096,-24.40617075009972,3.41,1.56,77.0,111.4,3.0,88.6,1990,5.7,745037,543228,683737,663538,666624,621020,664023,641355,673548,54.79,0.654,0.628,0.9,1.0,1.0,0.0,4.0,15,10,Sinker,0,2,0,2,2,0,0,2,Standard,Standard,217,0.041,0.369,,,0.756,-0.369,111.4,-2,-2,0.331,0.331,34,22,35,23,1,0,,2.0,6.0,1.0,2.21,1.26,1.26,40.5,,,,,
CH,2024-03-30,81.7,-2.79,5.96,"Hendricks, Kyle",694671,543294,,foul,,,,,5,Wyatt Langford singles on a ground ball to left fielder Ian Happ.,R,R,R,TEX,CHC,S,,,3,2,2024,-0.54,0.61,0.17,2.43,,,,0,2,Bot,,,,,,,7.595378008633384,-118.8363416677223,-2.537958217710612,-6.541975126165527,21.75463272762411,-26.13885528287558,3.41,1.56,134.0,66.5,67.0,80.7,2149,5.5,745037,543228,683737,663538,666624,621020,664023,641355,673548,55.0,,,,,,,,15,9,Changeup,0,2,0,2,2,0,0,2,Standard,Standard,230,0.0,0.0,,,,0.0,88.0,-2,-2,0.331,0.331,34,22,35,23,1,0,,2.0,6.0,1.0,2.8,0.54,0.54,42.4,,,,,
SI,2024-03-30,89.2,-2.82,5.85,"Hendricks, Kyle",694671,543294,,foul,,,,,13,Wyatt Langford singles on a ground ball to left fielder Ian Happ.,R,R,R,TEX,CHC,S,,,3,2,2024,-1.34,0.39,-0.32,1.39,,,,0,2,Bot,,,,,,,8.855653322022544,-129.51939823433025,-5.712214109376638,-16.90915476934686,26.53842340024428,-26.722011833664176,3.41,1.56,2.0,83.1,-35.0,88.2,2012,5.7,745037,543228,683737,663538,666624,621020,664023,641355,673548,54.79,,,,,,,,15,8,Sinker,0,2,0,2,2,0,0,2,Standard,Standard,215,0.0,0.0,,,,0.0,88.0,-2,-2,0.331,0.331,34,22,35,23,1,0,,2.0,6.0,1.0,2.48,1.34,1.34,39.6,,,,,
SI,2024-03-30,89.6,-2.71,5.85,"Hendricks, Kyle",694671,543294,,foul,,,,,6,Wyatt Langford singles on a ground ball to left fielder Ian Happ.,R,R,R,TEX,CHC,S,,,3,2,2024,-1.14,0.61,0.69,2.61,,,,0,2,Bot,,,,,,,10.634341275750836,-130.10359039425708,-3.2962907519648224,-15.07976983524641,25.734348352338728,-24.66867508793962,3.41,1.56,274.0,85.2,26.0,88.5,2040,5.6,745037,543228,683737,663538,666624,621020,664023,641355,673548,54.88,,,,,,,,15,7,Sinker,0,2,0,2,2,0,0,2,Standard,Standard,216,0.0,0.0,,,,0.0,88.0,-2,-2,0.331,0.331,34,22,35,23,1,0,,2.0,6.0,1.0,2.22,1.14,1.14,40.9,,,,,
SI,2024-03-30,88.6,-2.93,5.81,"Hendricks, Kyle",694671,543294,,foul,,,,,13,Wyatt Langford singles on a ground ball to left fielder Ian Happ.,R,R,R,TEX,CHC,S,,,3,2,2024,-1.18,0.55,-0.85,2.3,,,,0,2,Bot,,,,,,,7.449119634346234,-128.89928500330467,-3.6566141607195264,-14.66136081852185,25.85389881084128,-25.42252575529753,3.41,1.56,4.0,82.8,-32.0,87.8,2010,5.7,745037,543228,683737,663538,666624,621020,664023,641355,673548,54.78,,,,,,,,15,6,Sinker,0,2,0,2,2,0,0,2,Standard,Standard,214,0.0,0.0,,,,0.0,88.0,-2,-2,0.331,0.331,34,22,35,23,1,0,,2.0,6.0,1.0,2.34,1.18,1.18,39.0,,,,,
SI,2024-03-30,89.3,-2.76,5.9,"Hendricks, Kyle",694671,543294,,ball,,,,,13,Wyatt Langford singles on a ground ball to left fielder Ian Happ.,R,R,R,TEX,CHC,B,,,2,2,2024,-1.25,0.67,-0.18,1.43,,,,0,2,Bot,,,,,,,8.848280305284224,-129.70402404620182,-6.3584015063875485,-15.873569124350391,25.418493148954724,-23.457209766059883,3.38,1.68,,,,88.4,1980,5.7,745037,543228,683737,663538,666624,621020,664023,641355,673548,54.8,,,,,,,,15,5,Sinker,0,2,0,2,2,0,0,2,Standard,Standard,220,0.0,0.107,,,,-0.107,,-2,-2,0.331,0.331,34,22,35,23,1,0,,2.0,6.0,1.0,2.18,1.25,1.25,41.5,,,,,
CH,2024-03-30,81.2,-2.83,5.99,"Hendricks, Kyle",694671,543294,,foul,,,,,2,Wyatt Langford singles on a ground ball to left fielder Ian Happ.,R,R,R,TEX,CHC,S,,,2,1,2024,-0.5,1.25,0.17,3.45,,,,0,2,Bot,,,,,,,7.534892297255395,-118.05366338569976,-1.4268435730645428,-6.158839747871994,23.15432849365296,-20.416904370294407,3.41,1.56,,,,79.8,2292,5.4,745037,543228,683737,663538,666624,621020,664023,641355,673548,55.08,,,,,,,,15,4,Changeup,0,2,0,2,2,0,0,2,Standard,Standard,229,0.0,-0.069,,,,0.069,,-2,-2,0.331,0.331,34,22,35,23,1,0,,2.0,6.0,1.0,2.22,0.5,0.5,41.7,,,,,
SI,2024-03-30,86.9,-2.78,5.9,"Hendricks, Kyle",694671,543294,,called_strike,,,,,5,Wyatt Langford singles on a ground ball to left fielder Ian Happ.,R,R,R,TEX,CHC,S,,,2,0,2024,-1.29,0.55,0.16,2.39,,,,0,2,Bot,,,,,,,9.554867201329737,-126.21719848947444,-3.314327499817848,-15.661766209497744,25.01346432018529,-25.786092189160048,3.42,1.58,,,,85.9,2029,5.7,745037,543228,683737,663538,666624,621020,664023,641355,673548,54.82,,,,,,,,15,3,Sinker,0,2,0,2,2,0,0,2,Standard,Standard,213,0.0,-0.065,,,,0.065,,-2,-2,0.331,0.331,34,22,35,23,1,0,,2.0,6.0,1.0,2.47,1.29,1.29,41.5,,,,,
SI,2024-03-30,87.3,-2.72,5.83,"Hendricks, Kyle",694671,543294,,ball,,,,,14,Wyatt Langford singles on a ground ball to left fielder Ian Happ.,R,R,R,TEX,CHC,B,,,1,0,2024,-1.38,0.44,1.33,2.5,,,,0,2,Bot,,,,,,,12.384947298558709,-126.50319686251224,-2.714961234704678,-17.266995699598816,25.222739120326636,-27.06842583443824,3.42,1.59,,,,86.1,2012,5.7,745037,543228,683737,663538,666624,621020,664023,641355,673548,54.78,,,,,,,,15,2,Sinker,0,2,0,2,2,0,0,2,Standard,Standard,214,0.0,0.069,,,,-0.069,,-2,-2,0.331,0.331,34,22,35,23,1,0,,2.0,6.0,1.0,2.57,1.38,1.38,40.6,,,,,
SI,2024-03-30,87.6,-2.76,5.96,"Hendricks, Kyle",694671,543294,,ball,,,,,11,Wyatt Langford singles on a ground ball to left fielder Ian Happ.,R,R,R,TEX,CHC,B,,,0,0,2024,-1.26,0.51,-0.14,4.02,,,,0,2,Bot,,,,,,,8.754593531025622,-127.2821331096168,0.3967820328309258,-15.440924597638888,25.82454606361513,-26.960019162078407,3.41,1.6,,,,86.2,2013,5.4,745037,543228,683737,663538,666624,621020,664023,641355,673548,55.06,,,,,,,,15,1,Sinker,0,2,0,2,2,0,0,2,Standard,Standard,210,0.0,0.038,,,,-0.038,,-2,-2,0.331,0.331,34,22,35,23,1,0,,2.0,6.0,1.0,2.47,1.26,1.26,42.3,,,,,
SI,2024-03-30,89.6,-2.65,5.96,"Hendricks, Kyle",673962,543294,strikeout,called_strike,,,,,2,Josh Jung called out on strikes.,R,R,R,TEX,CHC,S,2.0,,2,2,2024,-1.28,0.46,0.26,3.25,543760.0,608369.0,,2,1,Bot,,,,,,,9.707614581910818,-130.12729166202033,-1.6483859840762896,-16.59029905362935,26.30505118723142,-26.75551515420104,3.59,1.71,,,,88.3,2022,5.5,745037,543228,683737,663538,666624,621020,664023,641355,673548,55.0,,0.0,0.0,1.0,0.0,0.0,,8,5,Sinker,0,0,0,0,0,0,0,0,Standard,Standard,215,-0.057,-0.227,,,,0.227,,0,0,0.557,0.557,34,26,35,26,1,0,,2.0,6.0,1.0,2.38,1.28,1.28,42.1,,,,,
SI,2024-03-30,90.5,-2.75,5.87,"Hendricks, Kyle",673962,543294,,foul,,,,,13,Josh Jung called out on strikes.,R,R,R,TEX,CHC,S,,,2,1,2024,-1.35,0.59,-1.0,2.47,543760.0,608369.0,,2,1,Bot,,,,,,,7.158439726429685,-131.55862118047807,-3.752237587167869,-17.22326474374526,28.14278177434319,-24.683405823980262,3.68,1.75,2.0,30.4,-41.0,89.3,2018,5.6,745037,543228,683737,663538,666624,621020,664023,641355,673548,54.89,,,,,,,,8,4,Sinker,0,0,0,0,0,0,0,0,Standard,Standard,217,0.0,-0.06,,,,0.06,88.0,0,0,0.557,0.557,34,26,35,26,1,0,,2.0,6.0,1.0,2.2,1.35,1.35,40.2,,,,,
CH,2024-03-30,82.3,-2.68,5.97,"Hendricks, Kyle",673962,543294,,ball,,,,,14,Josh Jung called out on strikes.,R,R,R,TEX,CHC,B,,,1,1,2024,-0.35,0.93,1.15,1.78,543760.0,608369.0,,2,1,Bot,,,,,,,9.22333367451428,-119.49886493503467,-4.698104132944049,-5.197089344836868,23.678603159285323,-22.493812253059858,3.63,1.8,,,,81.1,2212,5.6,745037,543228,683737,663538,666624,621020,664023,641355,673548,54.87,,,,,,,,8,3,Changeup,0,0,0,0,0,0,0,0,Standard,Standard,234,0.0,0.016,,,,-0.016,,0,0,0.557,0.557,34,26,35,26,1,0,,2.0,6.0,1.0,2.45,0.35,0.35,42.3,,,,,
SI,2024-03-30,90.2,-2.66,5.89,"Hendricks, Kyle",673962,543294,,ball,,,,,13,Josh Jung called out on strikes.,R,R,R,TEX,CHC,B,,,0,1,2024,-1.29,0.68,-0.22,1.4,543760.0,608369.0,,2,1,Bot,,,,,,,8.652652084189613,-130.93366066132828,-6.53965103211667,-16.66166760598047,27.387461091186392,-23.16408279757197,3.63,1.8,,,,89.0,2018,5.6,745037,543228,683737,663538,666624,621020,664023,641355,673548,54.86,,,,,,,,8,2,Sinker,0,0,0,0,0,0,0,0,Standard,Standard,214,0.0,0.037,,,,-0.037,,0,0,0.557,0.557,34,26,35,26,1,0,,2.0,6.0,1.0,2.14,1.29,1.29,42.8,,,,,
SI,2024-03-30,89.6,-2.67,5.97,"Hendricks, Kyle",673962,543294,,called_strike,,,,,3,Josh Jung called out on strikes.,R,R,R,TEX,CHC,S,,,0,0,2024,-1.27,0.51,0.41,3.23,543760.0,608369.0,,2,1,Bot,,,,,,,10.10466979600265,-130.088482375338,-1.8137967398436652,-16.484139678085825,26.873630816855563,-26.226353893436688,3.67,1.79,,,,88.2,2010,5.5,745037,543228,683737,663538,666624,621020,664023,641355,673548,54.98,,,,,,,,8,1,Sinker,0,0,0,0,0,0,0,0,Standard,Standard,216,0.0,-0.046,,,,0.046,,0,0,0.557,0.557,34,26,35,26,1,0,,2.0,6.0,1.0,2.34,1.27,1.27,42.2,,,,,
SI,2024-03-30,90.1,-2.69,5.92,"Hendricks, Kyle",666969,543294,field_out,hit_into_play,,,,,4,Adolis García flies out to right fielder Seiya Suzuki.,R,R,R,TEX,CHC,X,9.0,fly_ball,1,0,2024,-1.41,0.57,-0.54,2.43,543760.0,608369.0,,1,1,Bot,170.51,135.29,,,,,8.205703268263793,-130.88563188658247,-3.8297480576066176,-17.92124576208947,28.65655592312561,-24.942669510775197,3.31,1.62,196.0,67.9,48.0,88.7,1993,5.6,745037,543228,683737,663538,666624,621020,664023,641355,673548,54.93,0.186,0.169,0.0,1.0,0.0,0.0,3.0,7,2,Sinker,0,0,0,0,0,0,0,0,Standard,Standard,217,-0.076,-0.256,,,0.205,0.256,88.0,0,0,0.633,0.633,34,31,35,31,1,0,,2.0,6.0,1.0,2.25,1.41,1.41,42.1,,,,,
SI,2024-03-30,89.3,-2.65,5.89,"Hendricks, Kyle",666969,543294,,ball,,,,,14,Adolis García flies out to right fielder Seiya Suzuki.,R,R,R,TEX,CHC,B,,,0,0,2024,-1.4,0.54,0.96,1.67,543760.0,608369.0,,1,1,Bot,,,,,,,11.615090563077288,-129.40978128920923,-5.37686208824111,-18.145045425286707,26.885124775464323,-25.155042516202062,3.25,1.67,,,,87.8,1960,5.6,745037,543228,683737,663538,666624,621020,664023,641355,673548,54.95,,,,,,,,7,1,Sinker,0,0,0,0,0,0,0,0,Standard,Standard,218,0.0,0.025,,,,-0.025,,0,0,0.633,0.633,34,31,35,31,1,0,,2.0,6.0,1.0,2.35,1.4,1.4,40.5,,,,,
CH,2024-03-30,82.4,-2.78,5.97,"Hendricks, Kyle",694497,543294,field_out,hit_into_play,,,,,13,"Evan Carter grounds out, second baseman Nico Hoerner to first baseman Michael Busch. Marcus Semien to 3rd. Corey Seager to 2nd.",R,L,R,TEX,CHC,X,4.0,ground_ball,3,1,2024,-1.63,0.43,-0.6,1.3,,543760.0,608369.0,0,1,Bot,142.78,161.84,,,,,7.956656293844929,-119.71618147510192,-4.825561026486705,-17.23350448554247,23.93810600774044,-27.290825086917824,3.68,1.69,2.0,74.2,-36.0,80.8,2239,5.3,745037,543228,683737,663538,666624,621020,664023,641355,673548,55.17,0.066,0.08,0.0,1.0,0.0,0.0,2.0,6,5,Changeup,0,0,0,0,0,0,0,0,Standard,Standard,231,-0.001,-0.496,,,0.069,0.496,88.0,0,0,0.634,0.634,34,21,35,22,1,0,,2.0,6.0,1.0,2.95,1.63,-1.63,40.5,,,,,
FF,2024-03-30,88.3,-2.85,5.85,"Hendricks, Kyle",694497,543294,,called_strike,,,,,4,"Evan Carter grounds out, second baseman Nico Hoerner to first baseman Michael Busch. Marcus Semien to 3rd. Corey Seager to 2nd.",R,L,R,TEX,CHC,S,,,3,0,2024,-0.76,1.33,-0.48,2.53,,543760.0,608369.0,0,1,Bot,,,,,,,7.2483204170430495,-128.37303754830305,-4.713551641225764,-9.913037651529294,26.219496172402607,-16.703238442344222,3.63,1.68,,,,87.1,2146,5.5,745037,543228,683737,663538,666624,621020,664023,641355,673548,54.95,,,,,,,,6,4,4-Seam Fastball,0,0,0,0,0,0,0,0,Standard,Standard,218,0.0,-0.098,,,,0.098,,0,0,0.634,0.634,34,21,35,22,1,0,,2.0,6.0,1.0,1.6,0.76,-0.76,38.3,,,,,
CH,2024-03-30,82.0,-2.69,6.01,"Hendricks, Kyle",694497,543294,,ball,,,,,13,"Evan Carter grounds out, second baseman Nico Hoerner to first baseman Michael Busch. Marcus Semien to 3rd. Corey Seager to 2nd.",R,L,R,TEX,CHC,B,,,2,0,2024,-1.54,0.57,-0.04,1.22,,543760.0,608369.0,0,1,Bot,,,,,,,8.807403636122977,-118.9843048447986,-5.268126675636684,-16.302532004132658,23.234562093934844,-25.902370007777456,3.58,1.61,,,,80.8,2193,5.6,745037,543228,683737,663538,666624,621020,664023,641355,673548,54.86,,,,,,,,6,3,Changeup,0,0,0,0,0,0,0,0,Standard,Standard,228,0.0,0.153,,,,-0.153,,0,0,0.634,0.634,34,21,35,22,1,0,,2.0,6.0,1.0,2.84,1.54,-1.54,42.1,,,,,
SI,2024-03-30,88.2,-2.84,6.01,"Hendricks, Kyle",694497,543294,,ball,,,,,13,"Evan Carter grounds out, second baseman Nico Hoerner to first baseman Michael Busch. Marcus Semien to 3rd. Corey Seager to 2nd.",R,L,R,TEX,CHC,B,,,1,0,2024,-1.56,0.61,-1.71,1.97,,543760.0,608369.0,0,1,Bot,,,,,,,5.866022525651584,-128.1874000331103,-4.888876199597911,-18.37551866838801,27.8754596911449,-24.63422363280963,3.67,1.68,,,,86.6,1940,5.4,745037,543228,683737,663538,666624,621020,664023,641355,673548,55.07,,,,,,,,6,2,Sinker,0,0,0,0,0,0,0,0,Standard,Standard,216,0.0,0.08,,,,-0.08,,0,0,0.634,0.634,34,21,35,22,1,0,,2.0,6.0,1.0,2.34,1.56,-1.56,42.5,,,,,
FF,2024-03-30,88.8,-2.91,5.87,"Hendricks, Kyle",694497,543294,,ball,,,,,13,"Evan Carter grounds out, second baseman Nico Hoerner to first baseman Michael Busch. Marcus Semien to 3rd. Corey Seager to 2nd.",R,L,R,TEX,CHC,B,,,0,0,2024,-0.62,1.29,-1.41,2.39,,543760.0,608369.0,0,1,Bot,,,,,,,4.90642417830253,-129.14930488923187,-5.089726784860838,-8.011351266667315,27.44504212470077,-16.888691023729713,3.72,1.75,,,,87.4,2129,5.5,745037,543228,683737,663538,666624,621020,664023,641355,673548,55.01,,,,,,,,6,1,4-Seam Fastball,0,0,0,0,0,0,0,0,Standard,Standard,217,0.0,0.045,,,,-0.045,,0,0,0.634,0.634,34,21,35,22,1,0,,2.0,6.0,1.0,1.61,0.62,-0.62,39.1,,,,,
CH,2024-03-30,81.8,-2.85,5.96,"Hendricks, Kyle",608369,543294,single,hit_into_play,,,,,14,Corey Seager singles on a ground ball to right fielder Seiya Suzuki. Marcus Semien to 2nd.,R,L,R,TEX,CHC,X,9.0,ground_ball,1,0,2024,-1.56,0.21,0.08,1.14,,,543760.0,0,1,Bot,191.37,110.72,,,,,9.464079920713148,-118.68776340035691,-4.646099370907972,-16.55002562188037,21.737831578027663,-29.451436372168185,3.47,1.51,9.0,86.6,-7.0,80.7,2161,5.6,745037,543228,683737,663538,666624,621020,664023,641355,673548,54.87,0.143,0.128,0.9,1.0,1.0,0.0,2.0,5,2,Changeup,0,0,0,0,0,0,0,0,Infield shade,Standard,228,0.051,0.408,,,0.147,-0.408,88.0,0,0,0.583,0.583,34,30,35,30,1,0,,2.0,6.0,2.0,3.2,1.56,-1.56,40.7,,,,,
SI,2024-03-30,87.6,-2.84,5.93,"Hendricks, Kyle",608369,543294,,ball,,,,,7,Corey Seager singles on a ground ball to right fielder Seiya Suzuki. Marcus Semien to 2nd.,R,L,R,TEX,CHC,B,,,0,0,2024,-1.19,0.76,-0.82,1.42,,,543760.0,0,1,Bot,,,,,,,7.231523883692573,-127.38466700066478,-6.294248713105739,-14.459607925076224,24.191421135657517,-22.79366879869001,3.31,1.49,,,,86.7,1916,5.6,745037,543228,683737,663538,666624,621020,664023,641355,673548,54.9,,,,,,,,5,1,Sinker,0,0,0,0,0,0,0,0,Standard,Standard,215,0.0,0.042,,,,-0.042,,0,0,0.583,0.583,34,30,35,30,1,0,,2.0,6.0,2.0,2.19,1.19,-1.19,39.4,,,,,
SI,2024-03-30,88.8,-2.67,5.91,"Hendricks, Kyle",543760,543294,single,hit_into_play,,,,,8,Marcus Semien singles on a sharp line drive to center fielder Cody Bellinger.,R,R,R,TEX,CHC,X,8.0,line_drive,0,0,2024,-1.25,0.46,0.06,1.9,,,,0,1,Bot,118.21,95.08,,,,,9.191469381284431,-128.93706748332596,-4.675438579326605,-15.824252823858926,26.102752055009887,-26.25369807047188,3.35,1.58,162.0,103.1,9.0,87.9,1973,5.8,745037,543228,683737,663538,666624,621020,664023,641355,673548,54.72,0.743,0.719,0.9,1.0,1.0,0.0,4.0,4,1,Sinker,0,0,0,0,0,0,0,0,Standard,Standard,217,0.036,0.448,,,0.891,-0.448,103.1,0,0,0.547,0.547,34,33,35,34,1,0,,2.0,6.0,1.0,2.44,1.25,1.25,39.0,,,,,
